Date,3 Mo,6 Mo,1 Yr,2 Yr,3 Yr,5 Yr,7 Yr,10 Yr,open,high,low,close
2023-11-01,7.493776126359152,3.013869730009666,-1.1165885018542427,-1.7748857258065203,6.385992955542961,0.47086225457145126,6.944871116427438,7.630620788453527,3950.3668035268665,3978.5300837562845,3925.7337714932123,3959.918084962993
2023-11-02,7.6156373426762665,2.7484686897940445,-0.9219279136925752,-1.543830085704862,6.52080676840933,0.48571674766976336,6.99737473118532,7.678508504855415,3941.0349569673344,3969.702513401068,3916.752816165185,3950.792260894926
2023-11-03,7.538604790030903,2.893616795288771,-1.095061483466627,-1.676156382448433,6.355670095035067,0.436203872878658,7.098644828141917,7.843478122825317,3936.1715238744573,3964.3683661024797,3911.7670669191384,3945.5662228266715
2023-11-06,7.633787933608702,2.731666876976696,-0.9187695653058415,-1.6688393377895425,6.416304342274814,0.11020824282244568,7.092107243877055,7.497635778663444,3895.936966871844,3924.446550437567,3871.8379671567454,3905.277985903797
2023-11-07,7.677174132790854,2.5230660935973854,-0.6887605634772217,-1.6704077683371354,6.478200876693777,-0.0778878750894797,7.0899162974179175,7.296292352989646,3859.3829937865676,3888.1551548124676,3835.5903404702494,3868.769469049294
2023-11-08,7.750976080682805,2.445954026783958,-0.5523103580052054,-1.6578200983131313,6.626138672776222,-0.3409726661702087,7.076982844085793,6.955089824652418,3828.672791711083,3857.6684474077438,3805.00753278933,3838.136336467636
2023-11-09,7.607935125620785,2.510823301962254,-0.26896447473211993,-1.8636263818843093,6.670369743487883,-0.7157307646857795,6.8563625002370285,6.648639379960969,3792.382522092307,3821.2555789047005,3768.4881026493063,3801.9631068202
2023-11-10,7.650714166496145,2.4163111102136194,-0.11425985590787946,-1.8392254056136397,6.775802032507301,-0.893366836400694,6.839538094199358,6.707098609728057,3760.139023537973,3789.18339419358,3736.297209427108,3769.6677454651185
2023-11-13,7.720903163767461,2.16649796158061,-0.04323683014542212,-1.8256694157363784,6.853876974868286,-1.2026736836722227,6.853401728871378,6.49987550933286,3729.1982356527656,3758.5856598826085,3705.708155384712,3738.85067686145
2023-11-14,7.670480416240694,2.3707410118700305,-0.11341298272403322,-2.0433192939781364,6.659223018448928,-1.6734758912119139,6.765544865486308,6.367722084282775,3694.937853501394,3724.129121478502,3671.2556797664224,3704.1020653367223
2023-11-15,7.841183772604283,2.3153465509819635,-0.07452353261786471,-2.0525054100787727,6.768333949839318,-2.0875299886819425,6.563323657920111,5.935042361926101,3657.72752751533,3687.2370223741323,3634.117994749053,3666.978933685357
2023-11-16,7.884306262701089,2.230582286405244,0.1921679667347388,-1.9823004617542852,6.872327905381227,-2.370160019582861,6.40402582630941,5.7631181881191935,3621.5535776076913,3651.426170157015,3598.2809750015285,3630.993143831018
2023-11-17,8.020627907439108,2.3354299172397712,0.4451827879720395,-2.106864703795459,7.0264958000393145,-2.7486669451492594,6.304032788996667,5.368581923799901,3590.5839852654,3620.6468899885454,3567.4046387303597,3600.2246595393726
2023-11-20,8.074194285056466,2.3711966486158143,0.5221695392109592,-2.1604090969145275,7.068699849221475,-2.924110457419082,6.291911159710881,5.460681720646598,3560.5242019839816,3590.611769199574,3537.4528710184645,3570.0323246107123
2023-11-21,8.152329241424626,2.3627502024871556,0.5709208813909993,-1.8444951338619051,7.21072451049895,-2.979726244933821,6.152118378325528,5.334483920168573,3521.609122076072,3552.120483621286,3498.8182675366575,3531.1329639045516
2023-11-22,8.10361930912798,2.5784626698061213,0.6136634905353543,-2.0699789460136984,7.219501484235821,-3.152674851260932,5.987049613614604,5.286929918961931,3487.12317388119,3517.3580318730305,3464.20733687741,3496.5624957222512
2023-11-23,7.973156241993181,2.9504266565668824,0.5855572368344707,-2.1990707239265603,7.215429787829621,-3.4680753097437877,5.88375574608111,5.041640879659255,3457.573186823412,3487.4387200888423,3434.568719815738,3466.9305223350643
2023-11-24,7.943165457086807,3.2100500879454823,0.3329767365061781,-2.068612987195344,7.103756998713181,-3.803750015508988,5.797841215470245,4.798248393451381,3427.829393512833,3457.1936735023655,3404.649662834638,3437.0365815632686
2023-11-27,7.930950889946886,3.1976554399049983,0.2687028723333452,-1.879266639006808,7.245051244815273,-3.8328979489702624,5.618069974526523,4.867807437076969,3398.5944951884217,3428.534428596015,3375.7192951890434,3407.737361340019
2023-11-28,7.916633866095979,3.2646239065975275,0.1853164740818255,-1.8032163106873969,7.372181284071787,-3.968232055280388,5.39339372616968,4.602401586371023,3362.2510952457583,3392.392397719918,3339.590582893427,3371.4370000379213
2023-11-29,7.830979526438555,3.3085593033154264,0.3211131294791113,-1.9999625802446206,7.15322678870031,-4.353583907537476,5.141179207838664,4.610909110495321,3335.101281652866,3365.212121931703,3312.1935628450346,3344.0678936917698
2023-11-30,7.834295396526145,3.380592266424038,0.4489366031846299,-1.8981938085542043,7.095684266775209,-4.55268379345599,5.258602353145167,4.554533314304045,3300.562658317217,3330.401090305503,3277.6886462094644,3309.566869726704
2023-12-01,7.868619000568388,3.201376445923564,0.5845909820273744,-1.8170050157765234,7.13482004551564,-4.597992205226254,5.309601008417476,4.649402554348498,3276.3516222212565,3306.2757155431786,3253.7541845297783,3285.4619781903407
2023-12-04,8.037364924531305,2.979567090078596,0.5856772529764481,-1.6724018259487894,7.221367819600119,-4.769458139959361,5.302870970365748,4.68531611470744,3246.314036748778,3276.8230459509887,3224.1762579823535,3255.4419198208525
2023-12-05,7.837022980512743,3.0610516147789535,0.7691901423909923,-1.8455213167163935,7.270086218980112,-4.893936710117223,5.013950336849564,4.634573206098459,3217.311638724024,3247.872892890395,3195.2723683514196,3226.6202718031986
2023-12-06,7.7425001867542145,3.148426784528389,0.8114903338990115,-1.9680469819807984,7.171713464649039,-5.156818192032765,5.100353348532368,4.737234298430579,3191.740177375017,3222.0788782783975,3169.694022243488,3201.0275894263264
2023-12-07,7.672252453697539,3.051873322965967,0.8996617877876173,-1.9349001625400961,7.338082538973979,-5.056125892300591,5.127694164245756,4.796132135939111,3165.5034212994506,3195.8559414065776,3143.820549723361,3175.0192247925015
2023-12-08,7.841479286709942,2.899540166051245,0.8694409194664371,-1.6978788185939708,7.4055448397554935,-5.098510874243423,5.143501284414088,4.942432077084405,3142.170918628709,3172.6739371587696,3120.7100924974907,3151.517952769082
2023-12-11,7.953065416133669,2.833714050822216,0.9679016144012661,-1.361524011854563,7.587205513837696,-4.885017492872001,4.873264252353169,4.705715001692006,3115.2126226417467,3146.027967751173,3093.97791385981,3124.8749661550914
2023-12-12,7.758398719905856,2.866505373597469,1.114810967655738,-1.423060433720032,7.802656205296246,-4.803681460599072,4.651475131757979,4.553137037943593,3087.554373711038,3118.4923490518204,3066.697652574199,3097.596818608548
2023-12-13,7.724217428466958,2.9794707934083315,1.2061254291980203,-1.3247908768251977,8.011022052311915,-4.616623246999146,4.6649589307164545,4.35389214772961,3063.014089307339,3093.603765646187,3042.222315263048,3073.3609759681312
2023-12-14,7.7201940284198125,2.896240555010912,1.2142455206090927,-1.114334538540341,8.002911916096018,-4.576613392711741,4.5802293362294675,4.424011463166764,3040.7792609872854,3071.216740731904,3019.9683373461176,3051.00372174907
2023-12-15,7.782685295105183,2.5665254400743076,1.412835881893879,-0.8999171968730978,7.966223060102046,-4.732328226112819,4.682690927036165,4.643714437960824,3019.0829368027507,3049.633258956618,2998.4415263498095,3029.2563045739034
2023-12-18,7.7964066445061215,2.606249459355929,1.2016588197161537,-0.7541726565787387,7.913867767768111,-4.5199504037909355,4.452524866871815,4.593749791111641,2997.954923169139,3028.5109017448744,2977.3933546197613,3007.906246634922
2023-12-19,7.776357559230619,2.6715273886903996,1.1920721597875668,-0.5945970065980576,8.055620358522155,-4.228583002163382,4.345488349706659,4.593396781308922,2974.347875160268,3004.700425989505,2953.8808379523407,2984.4175270435335
2023-12-20,7.690986596318454,2.6202449832035977,1.2393506734139192,-0.5511769411879258,8.068917782997481,-4.185847341763597,4.345630488145448,4.55763738447823,2951.624042547416,2981.724194670392,2931.300671605558,2961.743377908243
2023-12-21,7.7440163517163265,2.392880714591804,1.3262425152230817,-0.46397910187617,8.069433952417782,-4.216378281269406,4.428428944176036,4.711548644799613,2929.085588576088,2959.1063330982365,2908.888907846447,2939.0536367323534
2023-12-22,7.769514503470348,2.070093085119772,1.5121989553423942,-0.4421395577502879,8.09761712605426,-4.296128900340981,4.44445016899306,4.732637031495042,2910.4891488187955,2940.5872944660364,2890.48460076798,2920.524655744987
2023-12-25,7.7781075108534035,2.174682564790451,1.478373681942183,-0.18704225441369016,8.086923297369687,-4.211266606437724,4.100350312377432,4.5743198104671094,2888.1277245430283,2918.3057139192656,2868.047506774337,2898.136610372213
2023-12-26,7.836645724589361,2.02937609774262,1.675846465018732,0.07140868469425486,8.392878378325072,-3.972765138596933,4.038990612104501,4.5501347923518445,2864.266120551992,2894.6637085936964,2844.4771944315758,2874.59595471183
2023-12-27,7.887992655728795,1.9746869446954558,1.525874410211908,0.24810875604482152,8.2652393659736,-4.102958926105365,4.034417622942999,4.572559262915313,2841.9771411604697,2872.2393565756743,2822.335703110072,2851.937374970503
2023-12-28,7.854628103608349,2.0298311860771956,1.7127104847587402,0.09851279474757023,8.393147001629053,-4.035093735597306,4.145771300501084,4.627374643786911,2822.3252365620856,2852.4532682889144,2802.7894895990844,2832.3620917706658
2023-12-29,7.824625254380821,1.9717760933002846,1.7647551374846655,0.22391991781440612,8.31454705915342,-4.129925102449611,4.266034790406965,4.847520959606712,2802.31192490473,2832.201606900714,2782.840042419106,2812.1787810153282
2024-01-01,8.001883289671825,1.7900821680006156,1.7584207594745846,0.48740216529937885,8.248196290205485,-4.06467987598571,4.092260070390114,4.799037734685097,2777.6936271690856,2807.7802986945157,2758.2710812228743,2787.375307530974
2024-01-02,8.00909304838652,1.9456119507435896,1.5522896624188247,0.6020525122362484,8.086900275314903,-3.969949245329068,3.9470043385067464,4.576768006957547,2758.206093228025,2787.908413951627,2738.766767459549,2767.611500736927
2024-01-03,7.898263854335711,1.926807634059052,1.5848018025340265,0.4122765526681248,8.12196524983235,-3.898441746837043,3.9655604470061,4.690028749055216,2737.8534278035954,2767.2666083347717,2718.7154141086376,2747.0864184639154
2024-01-04,7.667664320487476,1.9990517943572637,1.5988524543923104,0.34424193636575484,7.95768133017397,-3.904414362995502,3.9536085428091376,4.678416181509267,2715.578015282758,2744.5539359217846,2696.538679899539,2724.752899400898
2024-01-05,7.765528227224011,1.854731079554575,1.6020754387661027,0.489382070955905,8.100653973942642,-3.7025848766503406,3.852426983006455,4.523560466730192,2692.7904480284997,2721.884318891709,2673.94322751612,2702.047857785844
2024-01-08,7.860732386331052,1.642069555785866,1.6045178285826394,0.7431477880699403,8.030340671796864,-3.5495760968828085,3.6518352220353756,4.62920128665785,2673.3489796966414,2702.603348979198,2654.5662777379516,2682.2592076789247
2024-01-09,7.617837383340771,1.9818416662551495,1.7328883888548985,0.5869332924723735,7.884622833519416,-3.702774507491049,3.6267546477798924,4.437660568810209,2652.7471503788724,2681.3692280928476,2633.8798000559564,2661.7260324427343
2024-01-10,7.512382513484099,2.1685608163247987,1.79671520297165,0.5213021419515583,8.024593475578016,-3.4680113342208676,3.6246351381166186,4.370935963407,2630.9305253951097,2659.153369917332,2612.234301392841,2640.082290297828
2024-01-11,7.551517501609596,2.242956563626741,1.6439068428461594,0.5244216155373705,7.83400968972201,-3.5424895401260335,3.5195391770056,4.118013918899649,2614.7031684470467,2642.7567798602586,2595.931835715119,2623.5854542616858
2024-01-12,7.671153935623807,2.198029493892306,1.5884332556674776,0.6693570641475687,7.663112689113647,-3.6391486942663596,3.445866067106595,4.248310520767607,2593.991561664814,2621.9724458142746,2575.1240803493492,2602.5380158615476
2024-01-15,7.379119451476712,2.4275506793089288,1.6158700248157727,0.5370711177997051,7.641827993677709,-3.645279033602086,3.5223280218492783,4.306385417598612,2571.8916429058563,2599.3374946267277,2553.255048137726,2580.4470213617
2024-01-16,7.332320411067131,2.493016626280123,1.6809549560828811,0.669746450918076,7.805873865728658,-3.570206503637002,3.4731653863537013,4.1639056918694735,2551.816733103317,2579.1274537738,2533.4598590815735,2560.715084919307
2024-01-17,7.262442108150652,2.5382966111939065,1.6572355258607088,0.7899471085724555,8.00131000354584,-3.2411888742775465,3.4009393424269825,4.079535912647074,2540.277126689247,2567.5248766102127,2522.2189292491794,2549.40155373815
2024-01-18,7.038709918449272,2.592151070227757,1.6817000062201073,0.6492426384353321,7.974057409127902,-3.2287491609619883,3.4787022418943843,4.155105399611045,2522.5930932787396,2549.445078996332,2504.763317450457,2531.7021058183145
2024-01-19,6.8520586244899855,2.5407448320853727,1.777427135292906,0.6566599311056577,7.976025472153176,-3.131565404146463,3.5194749837603916,4.256453811339281,2499.5419189600834,2525.903703698534,2481.8609864341247,2508.789860731314
2024-01-22,6.815739302460515,2.6263560485806177,1.931052462413244,0.7216117466466087,8.278679978826005,-2.795339414549338,3.396153385835819,4.045755823908316,2479.558838408021,2505.9813780593972,2462.170834066071,2489.1970920873373
2024-01-23,6.652006782178334,2.832821661666713,1.9310165123923424,0.6936043430022137,8.32195035149634,-2.698048370580202,3.3208661420939785,3.9181294182514255,2467.0154100616655,2493.07704492679,2449.732699214184,2476.839534510785
2024-01-24,6.550295962407561,2.7515914664259564,1.9078941481237264,0.8332993982538638,8.197274079996497,-2.7827137169341745,3.3813575245308436,4.063790360874652,2447.263285917325,2472.952807487534,2430.137392049365,2456.9671749403283
2024-01-25,6.583532890267407,2.638946151381219,1.8663259288448826,0.9701540974615382,8.168209150399228,-2.6987023131118155,3.3590024836851478,4.087820934252427,2429.469638375762,2455.1061566919047,2412.460704237706,2439.124806818509
2024-01-26,6.5419092363736135,2.750254589120494,1.842079149371524,0.9806469336061453,8.015963402584362,-2.641823437019773,3.2265364220866126,3.9533531050609594,2411.2788428270565,2436.5852828297097,2394.226906329347,2420.919136284622
2024-01-29,6.404445324120034,2.7559153656557664,1.8961805082733418,0.9501270419721023,7.984148372465051,-2.6488209642745266,3.2477204932502723,3.9785350415836196,2393.5797267642047,2418.616636152351,2376.730151829962,2403.1983241892126
2024-01-30,6.473441558278808,2.6664352940808054,1.788824214422628,0.9499887662348881,7.736386324961161,-2.790564818802742,3.261947323993754,4.1344653483926415,2380.243411204859,2404.901437397753,2363.3383423683813,2389.5605117499654
2024-01-31,6.502923285567065,2.4989929479335156,1.8008113530175889,1.1181465169820866,7.898969565098683,-2.545027977868009,3.0976368210872374,4.0786599604805005,2361.4162220171434,2386.237669823721,2344.778859001363,2370.830542725539
2024-02-01,6.509168447701897,2.3690499927303317,1.8717109835076355,1.266669570285181,7.9834548942052175,-2.549135158125572,3.202498063735336,4.269635621548364,2344.5179729681067,2369.296266888335,2328.09914944023,2353.949271801668
2024-02-02,6.35445166356405,2.3406719938607163,1.8930372323916158,1.2756320577169828,7.995114975429517,-2.450587468274171,3.0417966519138013,4.292725120800565,2324.8471627633694,2349.417956836898,2308.631565881726,2334.3149535955035
2024-02-05,6.3417211649387335,2.466677947953577,1.9629133729842279,1.2055018060799438,8.115298654138613,-2.1799516997564217,3.037431572823652,4.093268504999298,2305.629458799283,2329.885774700914,2289.5498527256027,2315.254599976229
2024-02-06,6.399169096803676,2.446780193051168,2.2345276891013084,1.3516997386933196,8.297998948078465,-2.128115753373584,3.0284098102331307,4.021999242238788,2288.465038809657,2312.7967466721043,2272.484921347848,2298.4323944673292
2024-02-07,6.304541383027215,2.5393074921060257,2.1653340640629564,1.4070566231726855,8.18238166968547,-2.128454963299496,2.9696560730349995,4.066460648878923,2271.38021187219,2295.3727407270217,2255.468966578413,2281.165861370884
2024-02-08,6.342710397548289,2.3686277546854835,2.207474088411298,1.4734630312614383,8.128857431045184,-2.070521419544753,2.970303775711758,4.0631872848996125,2253.318869049301,2277.240905548792,2237.5399427033376,2263.0293613266927
2024-02-09,6.27960059322021,2.5129523585802285,2.004467758792596,1.526021552031146,8.089669925825568,-1.8870305063668757,2.7692726011295457,3.7465231599194166,2233.9697371708476,2257.828724347915,2218.339359084141,2243.532704158707
2024-02-12,6.159721168760073,2.5776365338007277,2.0153574609164435,1.555990015160752,8.185304660127116,-1.8566707827835307,2.843134053297421,3.7725080365612134,2214.871978563528,2238.430889036109,2199.558046637411,2224.535074817674
2024-02-13,6.176095451709302,2.593864336268211,2.061841667704523,1.6039540768795957,7.971807933929505,-2.1133493564661654,2.812419719847386,3.746003768115877,2197.2873254619103,2220.349622328928,2181.7855112086445,2206.7338311408307
2024-02-14,6.269015813578975,2.527585875160852,1.8911916110108917,1.730439725460904,7.958219435802307,-1.9865219048963416,2.7255303071487185,3.7063299283924995,2179.229862285404,2202.1093088878733,2163.7988461724453,2188.5313588930967
2024-02-15,6.04949427767852,2.664910499938635,1.8813497592177226,1.5366344317493128,8.071589953039542,-1.7747682238238474,2.650342131727998,3.5849225854182873,2162.253312526253,2184.9681328205515,2147.1690244896236,2171.6781109913127
2024-02-16,5.76018828248104,2.910004434457853,1.8611747828604832,1.2921261641080617,7.981636061327763,-1.712398973007942,2.6609237989247156,3.4632023760171546,2141.865563562721,2163.8448315899936,2126.870950055139,2151.2985762504422
2024-02-19,5.601993852475574,3.125973972988184,1.906213042964633,1.2164940801130155,8.007236533321361,-1.718346951360437,2.564646762546618,3.233239740555622,2121.2803392369115,2142.7442775771747,2106.362127413803,2130.9490238202234
2024-02-20,5.712120387791573,3.2228556291501174,1.6372363182004177,1.1926616345425811,7.763019719471125,-1.9157933598651686,2.6055818331068132,3.212219034919649,2110.4523048570436,2131.6719111012017,2095.418749306319,2119.6936644034417
2024-02-21,5.578466393770953,3.3272906226733094,1.4968672756659727,1.1993128304834852,7.69959959997997,-1.8070146545788282,2.536399423077784,3.250543154789366,2094.7597495208397,2115.682405418229,2079.844996237427,2103.8480644911833
2024-02-22,5.431194664123439,3.416744807577984,1.4529148303527064,1.107552990574156,7.721689166609942,-1.7349567679168194,2.4887557000052873,3.2314560961809637,2073.6892488870894,2094.1696965186493,2058.9620740226082,2082.8410844000423
2024-02-23,5.300506240879231,3.603333080954797,1.2902594985659688,1.129479567882093,7.667804513064476,-1.5486415016368005,2.3790618835530375,3.0206951597101477,2056.3818347848373,2076.573557328077,2041.717673994656,2065.5465080967124
2024-02-26,5.210942386262503,3.714736347859343,1.3188551650190972,1.1327415161350485,7.63948983237436,-1.6068534633863498,2.4233836983023616,2.880269901117178,2040.8661431553057,2060.637198330338,2026.2494611626978,2050.095390949898
2024-02-27,5.140683983076628,3.7954036882969997,1.23319957157005,0.8711794730796568,7.535367284189982,-1.624183837886,2.5502461402537357,2.958889123159367,2024.751676767504,2043.8122845849252,2010.0791598621986,2033.8366076922412
2024-02-28,5.1726736430040186,3.7019086867617754,1.2520578535628557,0.8944887813501977,7.588664317599375,-1.420522464162608,2.573590319026595,3.1848374797529613,2005.3598067097164,2024.184540587993,1990.8171364074108,2014.3614865090703
2024-02-29,5.036484930077237,3.7331992229036213,1.3363924697299252,1.0011069847091318,7.765120344587843,-1.2394960989755992,2.4829128899054376,2.923144260643451,1988.5786043848273,2007.2880056858442,1974.345590772146,1997.9373431678891
2024-03-01,4.850269955612789,3.904474342955687,1.4163175169091273,0.8851278465029323,7.8296753644105275,-1.1317840203467204,2.3781391916400474,2.794894277502284,1973.7667453176532,1992.2159491735051,1959.6364544866283,1983.2478795193101
2024-03-04,4.84081908563492,3.838473955807238,1.2937070541181823,0.8095874345172475,7.643461101395958,-1.2534619607500082,2.6114147325973414,2.9509588304032666,1955.9848700669334,1973.8693724471912,1941.8637802947326,1965.1205045093736
2024-03-05,4.850272996326297,3.879478387263901,1.2954225525629637,0.6627642968081132,7.55552390938712,-1.2209998252896161,2.647136514625475,2.9491660432037006,1941.3726716922104,1958.8674105199643,1927.2696060527985,1950.5344431272129
2024-03-06,4.791251942697785,3.9910063718986915,1.313515012685765,0.7522548134268375,7.660706373906884,-0.9851898887056684,2.4590801550731265,2.7777008689817113,1925.118769546505,1942.691095537134,1911.1719433343214,1934.4016482372508
2024-03-07,4.630258433420168,3.945888046026155,1.3682651102846206,0.605192272445329,7.529210999486694,-1.2051104999858557,2.383638959287824,2.7581901764745926,1909.6149486299278,1926.9231149973473,1895.7375570556237,1918.75916017628
2024-03-08,4.613254447859405,3.9530412320368806,1.3142972384069038,0.6337040616108921,7.408179377813583,-1.2362823078339238,2.3527042319689593,2.731148426761202,1892.564268809525,1909.6152328625244,1878.6998310968238,1901.55043933889
2024-03-11,4.597559812218962,4.011794763345364,1.2876728238148756,0.6624864246712788,7.471079012432775,-1.0599309246073494,2.397170367291013,2.6746280542779357,1876.0855253196523,1893.0038673672072,1862.3720848456453,1885.0792518633957
2024-03-12,4.500877918420657,3.9237175557751622,1.3402984745937756,0.6580580480634025,7.448849032601609,-1.043305108213679,2.4883614626684385,2.775358537479893,1862.5112385924685,1879.275564569602,1849.0489951687168,1871.5086382921236
2024-03-13,4.46118982519748,3.8848904637962742,1.4057152326535514,0.6820611293635109,7.405059314688743,-1.0266442758922585,2.3196500237659756,2.684891206578531,1847.5704698116722,1864.2881375976078,1834.0995349703453,1856.569015333832
2024-03-14,4.648330731876542,3.7372295976739163,1.3203670277681523,0.7599967145910326,7.339857226096066,-0.9581604327983008,2.3034779240062755,2.704217295694303,1830.6458507922812,1847.3535516718625,1817.2264037677212,1839.3443529511014
2024-03-15,4.49690163787085,3.8564822296722876,1.3681946875677324,0.7020519069994647,7.385403576547042,-0.8074300617059073,2.3722858689534285,2.606314652378956,1816.8847395359924,1833.2403968000333,1803.6335340032329,1825.7828252320305
2024-03-18,4.411000122553646,3.8326328103347573,1.3797595965276583,0.6505222411574819,7.320228914241199,-0.7877540654781178,2.4161933081545777,2.669269889555619,1799.8323948495652,1815.9927155587984,1786.740076654384,1808.6590820210738
2024-03-19,4.409534298616777,3.774490816356177,1.3807752382571818,0.5103260771471482,7.191218994949687,-0.9474359285934703,2.364586990162709,2.621597085719426,1786.175939689419,1802.2406794973012,1773.1660361104762,1794.8630794101532
2024-03-20,4.353786040579807,3.779041947904744,1.435343395960639,0.5240947218886943,7.195019270487962,-0.8652747186491246,2.2513850257844887,2.5400649184190773,1770.3371542291948,1786.376424808545,1757.4203523989815,1779.0253947742503
2024-03-21,4.296707153863907,3.723038812643693,1.3573993872764616,0.6850437629874974,7.148552116063088,-0.8759786774420127,2.224272940108025,2.5393122926285234,1755.4541689021428,1771.4574437360254,1742.6957199977396,1763.9621712943917
2024-03-22,4.322369112066171,3.6431128784806712,1.229426754949162,0.6371343956314987,6.907156900347048,-0.9950855360959202,2.252321839297212,2.5622416149573373,1742.2883449892927,1758.1433841663,1729.536122480024,1750.5030956636185
2024-03-25,4.292386278744773,3.6354926212082925,1.2495026057202194,0.6117206230964242,6.878087507447469,-0.965776136145272,2.2273072467819497,2.5349542513903676,1727.870007233451,1743.5794428909817,1715.199861567217,1736.0544613783002
2024-03-26,4.2602076003172025,3.5972426797926356,1.2762947119179797,0.6420420545926432,6.8803679702572405,-0.9057762876923682,2.198373904845726,2.5202738483953024,1713.5013531005116,1729.1441153552669,1700.972162349396,1721.6706513484369
2024-03-27,4.2368916305735675,3.563643526228176,1.2693387188586156,0.6457466556613766,6.821726296905035,-0.8924978974542405,2.1652944663278952,2.4979458023238945,1699.718571220017,1715.2656038598784,1687.2823998160848,1707.807936119189
2024-03-28,4.204050465976565,3.531929916720166,1.2706023671568571,0.6362739828573395,6.763302551011884,-0.8829210967766762,2.1430321236974543,2.486392905358717,1685.6214007659328,1701.0587552089255,1673.2804162933423,1693.6411718261495
2024-03-29,4.178880242366746,3.4964280941503243,1.2712492428498932,0.6381889637070016,6.726170717138182,-0.8569591913314617,2.158492952333605,2.477214446893442,1672.0053976765253,1687.3400477394914,1659.7886968089306,1679.9710701077634
2024-04-01,4.168621911250129,3.459512739415032,1.2632729141432462,0.6462555508984805,6.669538991593748,-0.8465091486863009,2.140669483415311,2.4720224398715662,1658.8195098699775,1674.0639241947201,1646.6920481903933,1666.703447399826
2024-04-02,4.153143860322701,3.415925567770088,1.2620764634761086,0.664720183405933,6.61519592163176,-0.8377815868710804,2.1181591761965444,2.468999106372227,1645.2245500183778,1660.374603977401,1633.1866479284784,1653.026105277791
2024-04-03,4.1328593283518,3.383541762332683,1.2684218325839494,0.6597265698525375,6.571386943110874,-0.8261847538747197,2.0876857457891185,2.4486626275380705,1631.7189386754649,1646.7927322381329,1619.7760638079524,1639.456210021591
2024-04-04,4.109518405820638,3.3554936951546064,1.2537723453417753,0.6666143290962835,6.5200721096588525,-0.8012858156092256,2.0800588267200433,2.4344268701948413,1618.4382469297107,1633.4062352341741,1606.5979665136394,1626.0998984175283
2024-04-05,4.089458657216199,3.322941342983547,1.2535054248171233,0.6697097791997634,6.467967084895105,-0.7948895900084586,2.0743848925884145,2.422283390417697,1605.4716057308945,1620.3466281337382,1593.7284272522313,1613.068956986407
2024-04-08,4.082669254641645,3.2690741573762447,1.2357226144006246,0.674433355937566,6.39258151474973,-0.8100652632331623,2.063268796786789,2.434084057015792,1592.4832902499143,1607.2677292745977,1580.822948738883,1599.963706158254
2024-04-09,4.063386661121798,3.229966503882913,1.237400431666667,0.6879058139229882,6.352188098441396,-0.7860571940250686,2.032784546658457,2.421480011438192,1579.5921527992343,1594.3086939696168,1568.0325738535105,1587.0132064759116
2024-04-10,4.050320410325328,3.1958681209870785,1.2316889633242196,0.6977688833015562,6.3079873311453385,-0.7623585881457934,2.0185794559085033,2.408478965094862,1566.8437639336983,1581.4800850533347,1555.3827191048067,1574.1890802335329
2024-04-11,4.027143283227361,3.1729525674873638,1.2284274226103404,0.7048338316493313,6.265666179386909,-0.7395605268319861,2.0071200653947607,2.3876861363995983,1554.169872403947,1568.7099942617608,1542.804442060495,1561.4625887233262
2024-04-12,4.0225317207557945,3.119158130273028,1.216318661987759,0.7083747197317506,6.198324268883842,-0.7456841372288557,2.0121459848440986,2.400646476348872,1541.4557810497788,1555.9106783362365,1530.1810589559057,1548.6385418187126
2024-04-15,4.0038663591385,3.095222418918261,1.2053489011670377,0.7050796667251119,6.136003957371707,-0.7453172888392948,1.9952247000270187,2.383700961696104,1529.1456964933047,1543.4914246582994,1517.9437970843178,1536.245453828153
2024-04-16,3.9843756804223824,3.0686135595131314,1.217662303291699,0.714371992851042,6.102636517460952,-0.7150735985842892,1.9709768606965834,2.365681215758148,1516.5318300145245,1530.7979383248748,1505.4210238448163,1523.5889273690777
2024-04-17,3.9693321844920115,3.0390122630702048,1.2081364604640212,0.7174766201829995,6.047836685504813,-0.7167661601859329,1.9586755643796774,2.354479959358628,1504.2245098163364,1518.3892022367686,1493.1997192084111,1511.2003637373168
2024-04-18,3.9504962862362953,3.01198941745784,1.1982029891092933,0.7263278429587884,5.997486024435102,-0.7036144713362865,1.9393603531346553,2.3374854863049355,1491.9294398202621,1506.0087436343752,1480.9907870868817,1498.8361399352216
2024-04-19,3.925371807351035,2.9822294841565262,1.1922470659405944,0.7247309768919975,5.9516257367874,-0.7008072547561347,1.9420118110525688,2.3297010075007347,1480.0914055491558,1494.0759527116313,1469.2505476431165,1486.9295950526384
2024-04-22,3.9076065295419733,2.9542908589329495,1.203591743412285,0.7245510093552524,5.914599023700931,-0.6882373046370055,1.9264740711413804,2.320865143462568,1468.0981032428829,1481.9949956125886,1457.3398271037756,1474.8860490314328
2024-04-23,3.8822335835003665,2.928365271595602,1.2016898475846913,0.726068859890823,5.8698413184590565,-0.6680031741765396,1.9166257221363192,2.310354281340722,1456.0620360796734,1469.8527293605805,1445.393881860211,1462.7919213045905
2024-04-24,3.868100770206632,2.9010750073765297,1.1889661783440273,0.741832336700618,5.826904913474906,-0.6431535387293003,1.9057425436089328,2.2971270410181384,1444.3496717028065,1458.0530135127433,1433.7756964823784,1451.014544166715
2024-04-25,3.842767299940882,2.8883898700202333,1.1852402787842662,0.7418919434781513,5.786705370835453,-0.6384201143421314,1.9011866474372805,2.2814951083486883,1432.815028596053,1446.4087253379091,1422.3218178571922,1439.4217594193701
2024-04-26,3.8053311995765933,2.87698313202285,1.200266453493259,0.7247132304105292,5.7534857457755075,-0.6318498969790688,1.8974847819920864,2.267896996328988,1421.0568053655595,1434.528129755474,1410.6506625357006,1427.6359811494938
2024-04-29,3.78502017621581,2.852678515069481,1.1950966673415406,0.7302784694642525,5.713136896657812,-0.6085733745879828,1.8826700683770479,2.253835889932255,1409.4380826574575,1422.8110367591692,1399.1148309600892,1415.9641969050115
2024-04-30,3.764276744529348,2.826856800217836,1.1864347299590916,0.7402345395760647,5.673170808703397,-0.5878932630166168,1.8684494078746663,2.2378883522366206,1398.3945449482965,1411.6899061917472,1388.1595451871767,1404.8679929005987
2024-05-01,3.7309960157161806,2.8156064625900004,1.1905583173878211,0.7266945811704274,5.631818880255882,-0.5837303419947865,1.8599711271601673,2.2283307163667954,1387.1517017076637,1400.3340774953622,1377.001650702261,1393.5793014109909
2024-05-02,3.7074567919133807,2.797370590050718,1.189620034556273,0.7254741962070596,5.592966528499745,-0.5741516306149698,1.8591448111546807,2.2156420506488677,1375.906331171807,1388.975115334683,1365.8344436998584,1382.2912089326612
2024-05-03,3.690965375504633,2.7727997580316344,1.1896197388755523,0.7417853606344237,5.566032135421648,-0.5475266164861018,1.844464413572015,2.202678714052601,1365.0250215086544,1378.0146028194001,1355.038605963667,1371.3749886330515
2024-05-06,3.6631575015307414,2.7561859970573894,1.189667665494187,0.7364183012935895,5.534322345201731,-0.5259861826812148,1.8339370388239071,2.190446704456113,1354.1742505948273,1367.0619866440497,1344.2748433144627,1360.4818225408383
2024-05-07,3.6258185172340314,2.7440332931996454,1.2068416733177072,0.7181412826828789,5.499979530143961,-0.5133381430010565,1.822614720237527,2.1756019943588627,1342.9657228632827,1355.7332014113567,1333.1448749421045,1349.2488778851425
2024-05-08,3.6077988317284175,2.7214642707929992,1.2083551843522669,0.7254308488071856,5.46698655180229,-0.5003992256169659,1.8203831518173341,2.166771266838721,1331.9935802617692,1344.6559701178912,1322.257616765832,1338.2425736981268
2024-05-09,3.5969853615323055,2.706801755387253,1.2044147979345707,0.7376758087461396,5.4378982460909535,-0.4789309343637661,1.807573631722138,2.1473436601589158,1321.7665565993793,1334.347102126837,1312.1034666406867,1327.978974827756
2024-05-10,3.5662505097856476,2.690384550467573,1.2029119176801641,0.7233471392540806,5.397627587785821,-0.47668819927589035,1.7989425495470666,2.143460244292472,1311.358193482535,1323.8338837870174,1301.7725528586745,1317.5190048924533
2024-05-13,3.5375541551568697,2.670165261899004,1.2106661079269285,0.715608877652599,5.367678660066205,-0.4554561716588018,1.7906387448892385,2.1426717487237537,1300.4057159208187,1312.7755891103325,1290.9063976167045,1306.5313142202492
2024-05-14,3.5205314111589283,2.655929817083265,1.214291971294311,0.7213934755073906,5.3384197392173265,-0.4293021505471649,1.7783754832840113,2.1195564632593062,1289.9822319750795,1302.2645057798377,1280.5580552158272,1296.0800620377681
2024-05-15,3.498407081932002,2.6385463447410333,1.2128903337656594,0.7291023964212825,5.305270616108662,-0.42100060253334626,1.7686380184528712,2.1037674276680183,1279.895994292644,1292.089474693213,1270.5472389552338,1285.953164405561
2024-05-16,3.4798593237749538,2.6148684176403623,1.2121569480740702,0.7248502527055648,5.2673011989214915,-0.4177784245958299,1.7634301916053967,2.1096206135444544,1269.7184846145076,1281.8125283698757,1260.4416442118516,1275.7171740877134
2024-05-17,3.4667339586034993,2.593870256478229,1.203503329487364,0.7271200877981768,5.227743428724733,-0.3984863411216387,1.756512587691527,2.1038630707525354,1259.227912989686,1271.216517701967,1250.0194884863033,1265.1715753936587
2024-05-20,3.440479576350449,2.583355782110661,1.2209539638320335,0.7344515854047059,5.215179797887456,-0.35425301774615925,1.732643166308011,2.075065532670893,1248.8046122661872,1260.7063616017626,1239.681137537526,1254.749049705815
2024-05-21,3.4136318532965158,2.5703840385126635,1.2180958330603415,0.7284559319772227,5.176049386617842,-0.35496264720021664,1.7247249814206806,2.055650745457371,1238.9129538955285,1250.7175074048707,1229.8587761559118,1244.812103167036
2024-05-22,3.3988165424337504,2.5436592215573053,1.2084387336418727,0.7189896212564547,5.124818105581476,-0.3576004957404556,1.7272822129843088,2.0662909659277635,1228.8929613789342,1240.5881939717067,1219.9029422047417,1234.718451435865
2024-05-23,3.390242720763241,2.5199551832972946,1.2074763360342713,0.7277171320050612,5.096431270760413,-0.3364656018424831,1.7231668167523917,2.059197204934652,1218.9078391419846,1230.5185654626198,1209.9941489656726,1224.6920922374284
2024-05-24,3.3657994449198307,2.5160236602995485,1.2084581197627555,0.7340634202806341,5.076220571876271,-0.3120924445420591,1.697816409221917,2.0326299068299183,1209.1490120883757,1220.6766457961694,1200.3028306788365,1214.911885550363
2024-05-27,3.3398656301173313,2.4932748849357753,1.2037615757640792,0.7342728741871055,5.035646134872288,-0.3112303309070007,1.6898692738586643,2.0274170742781554,1199.1706192195704,1210.5998461198046,1190.3981136816271,1204.8736774338497
2024-05-28,3.316955808395158,2.4843798869067153,1.194684936130339,0.7183354768894573,4.990075219864875,-0.307951096962504,1.6822432684351891,2.006570992709897,1189.49740990306,1200.8150807967518,1180.7821260620601,1195.1461603742566
2024-05-29,3.300467825343035,2.4762051191626138,1.1906566854216676,0.7244913050405869,4.964980648578703,-0.2886518348838073,1.6786334332144957,1.996541997480014,1179.715303695917,1190.9378927261187,1171.0703117720623,1185.328209693205
2024-05-30,3.270061974339101,2.4664042055628417,1.1952716368777585,0.7218093446141011,4.941971877791038,-0.2783766117183638,1.67662116684136,1.9853320456540333,1170.2315406489854,1181.3527117090382,1161.6657594288672,1175.8214245985828
2024-05-31,3.247298819590065,2.450381366413168,1.1934321057577177,0.7224711544405266,4.906731968768818,-0.27009571044810976,1.6514979534453242,1.9694975396855645,1160.6542741308824,1171.6890325280197,1152.1488990121657,1166.2004033845842
2024-06-03,3.224925798014497,2.4403531699091725,1.1810324837726567,0.7218821954793099,4.876355889050747,-0.24549516148456185,1.646009754608239,1.9531475056696836,1151.152042827701,1162.0877424276719,1142.7183443090864,1156.6505361790373
2024-06-04,3.19696635716278,2.4348533567590525,1.175509444839558,0.7133484597832903,4.844314023110017,-0.2334737917516555,1.6558890269122226,1.9419895282093231,1141.9322881785922,1152.7586821899527,1133.5715359037251,1147.3967159610015
2024-06-05,3.1707989124643214,2.4266899723066184,1.1688638217337255,0.7092268408965551,4.804896438310668,-0.2341281349562926,1.6498867577309564,1.9316639007849992,1132.5378324143026,1143.2507573812957,1124.2330728199545,1137.9600542743292
2024-06-06,3.1570599667758623,2.409758647447173,1.1660087482189736,0.7076316076609784,4.7748327126260905,-0.2188661204338863,1.640422437095938,1.9222608335509863,1123.4404121200005,1134.0653322416608,1115.1998953101331,1128.821198000923
2024-06-07,3.1321266786302013,2.405547862041469,1.1584409591831486,0.7039434474709195,4.747016060305456,-0.20487257285558436,1.6265372461721366,1.9007032013601803,1114.4600368458875,1124.9945278521004,1106.2825793639513,1119.804308371657
2024-06-10,3.098576983747301,2.4030120295131243,1.1532348936769408,0.6955513966763219,4.71570135514957,-0.18800304267253332,1.619759558264543,1.883993260615448,1105.0323507845096,1115.4523448588782,1096.9234471406075,1110.3414794653443
2024-06-11,3.0751949167131523,2.3910224939868843,1.1468363557237238,0.6871064534898038,4.677065051017913,-0.18607051325895363,1.6198654823394445,1.8747870410118745,1096.0459143229991,1106.3628948677456,1087.9991106555187,1101.3122263543428
2024-06-12,3.054901314758326,2.3798168688722714,1.1350667959805518,0.6833109700623935,4.636643360321316,-0.18301990886639097,1.6113784353530913,1.8631387266608235,1087.3254947305754,1097.5509278283591,1079.3328569669281,1092.5430329452233
2024-06-13,3.0372189095640048,2.3628062393659763,1.1363482728139287,0.683930726066606,4.615156948848349,-0.16743875488157933,1.6071094555058874,1.8557492956096733,1078.6034564941056,1088.7494556079857,1070.6825801996001,1083.7859692990603
2024-06-14,3.0113734260747487,2.3577931332227062,1.1319890050845798,0.6719467507908446,4.582517448220753,-0.1530108749016882,1.5971607578922782,1.8452643295228432,1069.8097233586411,1079.8562436330978,1061.9471426014557,1074.952806610236
2024-06-17,2.989291439865732,2.345095705578163,1.1297435474365711,0.678789295133697,4.5572275941661085,-0.12974779890924204,1.5885839557468795,1.8327921875680462,1060.9273255238952,1070.8865384235166,1053.1311870315405,1066.04163166989
2024-06-18,2.969192042185086,2.335450418329678,1.1239783576477533,0.6744630226538461,4.5246874460963165,-0.12706564744841764,1.58615212831162,1.812816705682888,1052.629403351229,1062.504952621003,1044.892195761596,1057.7051148745848
2024-06-19,2.949473241937029,2.3257051123749863,1.1203457012899518,0.6622805250938483,4.49058522517364,-0.12089227300135896,1.5820022103166902,1.8075641214698897,1044.0688975958847,1053.8515379301405,1036.3855467367594,1049.0989699248505
2024-06-20,2.9285050979438987,2.3110822907497552,1.1207536204361714,0.6616638843016246,4.463983179141345,-0.10421039952412692,1.579534216803469,1.8046488397213774,1035.4042222830965,1045.0935606274231,1027.7882884199455,1040.401550737164
2024-06-21,2.91232427003422,2.2991130826360435,1.1197502993986133,0.6660183299769357,4.43791496947899,-0.08802722768398674,1.563108148378222,1.7833209165920219,1027.0493009153915,1036.6742582453394,1019.4930779912581,1032.018372179736
2024-06-24,2.8859804467314882,2.2899775882281754,1.1158855507508774,0.6639745742004591,4.411216295527859,-0.07545527603837521,1.5508127680052535,1.7652140332967277,1018.746652770198,1028.2943951778702,1011.2555571026161,1023.6807374924629
2024-06-25,2.866048191706221,2.270551216088648,1.1127390709890603,0.6529635487562898,4.373523703504277,-0.07642796347577197,1.5596416485109852,1.7649033744996532,1010.5356745160791,1019.9942174349757,1003.104600165283,1015.4207581794775
2024-06-26,2.8538799711235336,2.2547881787926722,1.1002641167451754,0.6530187910997326,4.334263437026942,-0.06828372396088078,1.5532061656141447,1.7606702624568042,1002.2196840020532,1011.597178374395,994.8400259400199,1007.0519292453502
2024-06-27,2.836861656558363,2.24025027342547,1.098920662743299,0.6576347572579592,4.313174799958852,-0.0511360999782432,1.5455994312419417,1.7462644691598153,994.1562705048603,1003.467093060646,986.8451655518711,998.9630917890748
2024-06-28,2.811413569113733,2.229436406576386,1.0958329718095738,0.6496481790427636,4.278508241587898,-0.04962624728278009,1.5322889919568847,1.7307716951713863,986.1996873901967,995.4332138794441,978.9436003695082,990.9652449647339
2024-07-01,2.795093770773982,2.2147092157822565,1.0864318466522631,0.6475622455715991,4.241915115693083,-0.04561413362443212,1.5241080808218281,1.7224954518680529,978.0143007024157,987.1659695978972,970.8095300660242,982.7283967236301
2024-07-02,2.779562599387007,2.201554827399501,1.0807369442388106,0.6436943602903894,4.212037171598454,-0.03510694777244716,1.5240795847921074,1.7111421414479777,970.0851133380725,979.1619295370347,962.9409331329041,974.7621586263963
2024-07-03,2.7559652335131597,2.191107603488049,1.0763438409611288,0.6407891874623316,4.180136883412794,-0.03144711866433092,1.5159164078913132,1.699969199031312,962.2945719329751,971.2991611045397,955.2067112553083,966.9343306374269
2024-07-04,2.736193347608464,2.1730907159516657,1.0751475178946377,0.6414289439724498,4.150409378943512,-0.02783433967262916,1.5040240755566454,1.691352845058317,954.4644619245516,963.4029760798951,947.4362764630645,959.0658204605894
2024-07-05,2.725486176864778,2.157463334796627,1.0644458795909406,0.6375442990697734,4.11307034194325,-0.025158706642300577,1.4966555676361633,1.682543004495985,946.793575558601,955.6629984020401,939.8142044958,951.3414413180623
2024-07-08,2.706604445500738,2.1463716106340303,1.0582036495730156,0.6458698258877219,4.0894011873716325,-0.007019760762843608,1.4891885800448488,1.6705678257282186,939.0155135711462,947.8143764100048,932.094328250086,943.5306367637403
2024-07-09,2.6855171306671517,2.1315064619616204,1.0563175177436568,0.6422751023475824,4.059738837998332,-0.005256260548185954,1.4900326569286289,1.6628830894399622,931.5270925241305,940.2533528055799,924.6659322844087,936.0084702140723
2024-07-10,2.6717627791686462,2.1168729798344077,1.0485062065565627,0.6337003445164128,4.022462005547681,-0.004542544058749987,1.4820633427037417,1.6551124451103034,924.0003245054163,932.6530022523154,917.184964583064,928.4339203273564
2024-07-11,2.6555306741318754,2.1030040217902157,1.0499259731145605,0.6330871266116843,3.9995663288324375,0.008816978172540568,1.4744406471560534,1.6443623596239798,916.4054974716462,924.9908281205308,909.6481230518973,920.8104151913201
2024-07-12,2.6362954956752853,2.092060743126598,1.0447449036268983,0.6334700600687951,3.9725542663987428,0.019495260280451343,1.4685856479854162,1.6317114412948721,909.0113014739684,917.5284669617271,902.3117733477438,913.3829600987395
2024-07-15,2.617907834629997,2.0786111152188336,1.0374446677830411,0.6316584311033394,3.9393037002073372,0.021707738446708258,1.4613003521410899,1.6247896094549044,901.6734233788683,910.1239816507065,895.0254140927738,906.0014219735452
2024-07-16,2.6028503979102675,2.0613144108246213,1.0331136831846903,0.6262860817698835,3.906734761279915,0.020632561713065267,1.459567113287721,1.617150853498199,894.3667300777007,902.7475129030272,887.7715928238503,898.6529651182163
2024-07-17,2.5863757545884676,2.051336189577117,1.0292154869165513,0.6250257984155353,3.880710877378424,0.03167320411919483,1.4502273931512046,1.6071197604082086,887.165019990654,895.4813701958293,880.6209789037973,891.4180647284952
2024-07-18,2.5720095445475986,2.034212418382562,1.0233956092344512,0.6315013310260368,3.8540089311585897,0.03999828110695425,1.4449067276408225,1.6002599004801061,879.9373901839778,888.1941015435302,873.4487585893199,884.1515225156629
2024-07-19,2.554178941435546,2.0213636879724706,1.0191331662621037,0.6240286514662897,3.8202405014294216,0.038991358625332206,1.438184123867681,1.5901916994612881,872.9400458915622,881.1283398261621,866.499563529381,877.1163042588597
2024-07-22,2.540884635960702,2.0088613746424744,1.0131395835353016,0.6241685881747968,3.792643764647395,0.04843284111657986,1.4313967718597833,1.5818575853295285,865.8218765777777,873.9467558423219,859.430231221223,869.9592926279817
2024-07-23,2.5247581173669937,1.995958723292652,1.0091670150026166,0.6204702740334652,3.7646386417846047,0.05375582224080311,1.428896228855957,1.5736275238654616,858.8635734994588,866.921905253121,852.5243077298782,862.9654741648137
2024-07-24,2.508494207117722,1.983851882287762,1.006539930590054,0.6194015958038149,3.7370426378412924,0.06029929846788995,1.4213067234246235,1.5648083953415635,851.9209757434083,859.9164201567072,845.6315433101718,855.9901516655106
2024-07-25,2.492791930853337,1.9707451051949003,1.0029857558997,0.6183758212682448,3.710882088440486,0.06621481034260845,1.413269408359535,1.5561768431733098,845.0014241507419,852.9378941553019,838.7623344018186,849.034328626646
2024-07-26,2.478985426587294,1.955579049844839,0.9997005343542672,0.61673181717763,3.6827763017879613,0.07003830493535268,1.4099190737424816,1.548972319240738,838.1913982126156,846.066004270686,832.0028033782709,842.1882756352588
2024-07-29,2.463035948236908,1.9463139395056426,0.9964058591944384,0.6175443783947329,3.658504675758256,0.0805142474388284,1.4022125652363815,1.5382486056238778,831.4251401113237,839.2388831176323,825.284694670712,835.3923914517021
2024-07-30,2.4514203532119376,1.9295559489822085,0.9901976203172954,0.6171388240754395,3.629260560330878,0.08427479390189141,1.3997541516506071,1.534584074121913,824.6899747487255,832.4444598355808,818.5988436244705,828.6161826873623
2024-07-31,2.4349240915811317,1.9186912796597073,0.9876976911948486,0.6123895806833416,3.6015182991817847,0.08814979267584355,1.3933243090550878,1.524314838322747,818.060389231634,825.7497325082551,812.0157361632494,821.9551856354979
2024-08-01,2.420613929533702,1.9074086913021655,0.9853605452602271,0.6121264675574664,3.5782343589188956,0.09846125059707667,1.3862416095712564,1.5149514377152296,811.3835738008199,819.0155543008829,805.3879033338832,815.2477206042607
2024-08-02,2.4054089862995562,1.8956113184657286,0.9815409979274169,0.6094778146349958,3.552155444156985,0.10158846332965588,1.3816879036444252,1.5065349144243412,804.8640748355153,812.436632783075,798.9175263679201,808.6951193494374
2024-08-05,2.3902131788547374,1.8835742974888272,0.9771290711670088,0.6073751922343539,3.524370922408976,0.10577318236059419,1.3766931104115858,1.499202807430809,798.3604352299456,805.8722716632093,792.4596071130085,802.1562816819826
2024-08-06,2.3759660419961586,1.8708932171406825,0.9725337329808096,0.6075578187907665,3.4987675148810853,0.11052194013350991,1.3707894187029968,1.4914917630051614,791.9002476287251,799.3553702910439,786.0471645781222,795.6616140148986
2024-08-07,2.362250495121189,1.8594204662771214,0.9688695024405928,0.6055601868321502,3.4725659684529058,0.11540392788261122,1.3648018335248782,1.4820965590465855,785.5193798940929,792.9158014000632,779.7110734777683,789.2480412271947
2024-08-08,2.3469590144808814,1.8491964329592352,0.9657616110840043,0.6051837834822499,3.4485481870387664,0.12220439504605529,1.3585461919483126,1.4740484358182668,779.146351484341,786.4835152072949,773.384001705844,782.8447458801144
2024-08-09,2.3331154272663364,1.8371960555317837,0.9609607558483394,0.6035702506390449,3.422324459505366,0.12617735896232396,1.3541532075151455,1.4664651441045378,772.8587088688273,780.1375121841331,767.1418562328672,776.5236958666127
2024-08-12,2.3191474705565165,1.8266470537019823,0.9575431953449883,0.6011361631748854,3.397877380432594,0.1320143332065492,1.3490008793707158,1.4579913569476324,766.6268381539618,773.847102590209,760.9546346964654,770.2610595713937
2024-08-13,2.3036131124603765,1.816558409616373,0.956401716251082,0.5991784701085158,3.3755249227057496,0.13850142222479966,1.3433850373742178,1.4501442423177109,760.4315870650321,767.5948622844396,754.8052214679152,764.0390365462665
2024-08-14,2.2899812271812694,1.8048341565691461,0.9528819602018846,0.5977041387815304,3.350760755575693,0.14330624055199415,1.3384574373173226,1.4429627872703323,754.2835773050944,761.3901476729021,748.701712240132,757.8597105593498
2024-08-15,2.2768647530416475,1.79395218904116,0.9484704552710593,0.5971554069367783,3.326551811267083,0.14917902344527867,1.3327634848073113,1.4349313162405493,748.2181209825636,755.269382674939,742.6799066590913,751.763128342417
2024-08-16,2.262812073611177,1.783747400494391,0.9453129815110434,0.5957723794563384,3.303593330034995,0.154694707956481,1.3284108761095712,1.4275966964091895,742.195076214626,749.1903851857969,736.70117737683,745.7108650684619
2024-08-19,2.2484376461553675,1.7740683683390155,0.9433445815909235,0.5929718653021075,3.2806208265109698,0.15950849923481847,1.3233317579324317,1.4200078782688872,736.1875424553485,743.1253421480112,730.7365570312361,739.6753680448344
2024-08-20,2.235121390001713,1.7632553969607083,0.9404008366800437,0.5919764879119745,3.2577045881958275,0.16563916235792042,1.3178044984325605,1.4124019058847186,730.2295095154254,737.1125797350588,724.8214677198638,733.6889062850714
2024-08-21,2.221800557299887,1.7528424120839357,0.9369876050740257,0.5909452904132094,3.2348174370936063,0.1714606020709447,1.31246410555683,1.4047222740510634,724.3588054254249,731.1881721900535,718.9938074477005,727.7892034316164
2024-08-22,2.208047803028646,1.7430081318899986,0.9341708116503068,0.5888354673344088,3.2120690464453423,0.1764182681200247,1.307779110888794,1.397600684596193,718.5192783968178,725.2936952049124,713.1967112886095,721.9211810459076
2024-08-23,2.194472872341696,1.733051040136425,0.9318711548323105,0.5869709419253829,3.1898010811282758,0.18128431397592315,1.3031504140955643,1.3907011143243075,712.7154163913436,719.4352901724145,707.4347397799735,716.0902661778598
2024-08-26,2.1827330901461623,1.7220174088442657,0.9283444675476095,0.5872210032008772,3.1677275919183367,0.18748486907145512,1.2980073626150836,1.3839337360240285,706.9706728350861,713.6389022479326,701.7316534458301,710.3168036186133
2024-08-27,2.1693938446674474,1.7124777041598587,0.9253509596342323,0.5857730837296379,3.145984254266394,0.19344843600367845,1.2926404190834748,1.3759054723667916,701.3022955494014,707.9182973045886,696.1045143778639,704.6211251238367
2024-08-28,2.156168642905361,1.7022329274730175,0.9229796150162269,0.583300475294873,3.123590569721892,0.1980243229317019,1.2883485160277128,1.3699529820594825,695.6185425824176,702.1805140154828,690.4617214159367,698.9089759523396
2024-08-29,2.1437054474794595,1.692734875576789,0.920338259369024,0.5819725437222515,3.101784908132605,0.20337948233658742,1.283804135906968,1.3627880513243726,689.9897788299119,696.4983096929743,684.8730984596606,693.2535393594756
2024-08-30,2.1321195108175006,1.6826610864538902,0.9175035604820206,0.5822143697027043,3.080804703033512,0.20933219720677065,1.2781889778397957,1.3551646390751924,684.4445244915271,690.9036476824574,679.3678503506366,687.6819495867037
2024-09-02,2.1193234495897046,1.672927298681452,0.9143529132453868,0.5805389781072136,3.0591684786564217,0.21370189909485127,1.273268941308397,1.3485605198705655,678.9361201724643,685.343259818616,673.8993069155565,682.1451963466635
2024-09-03,2.1064817674595924,1.6632415751631284,0.9119771729040441,0.5781695266656398,3.037756161503199,0.2188022735657008,1.2689253989664973,1.3423097567202638,673.4353931861139,679.7902649297702,668.4381688276097,676.6176413630072
2024-09-04,2.094402482901299,1.6536699473260614,0.9090257059838923,0.5774644245070027,3.0167292881938357,0.22455088739103324,1.2642222663263272,1.335298969434833,667.9856507643001,674.2900735476592,663.0279086993631,671.1417872801105
2024-09-05,2.0828115078978877,1.644106728398794,0.9062662095540465,0.5773571192103722,2.996491052593453,0.22996621194499134,1.2593249203821333,1.3279197718690752,662.6309718824034,668.8870378417037,657.7122375630636,665.7613477341017
2024-09-06,2.0705679431899044,1.6345874987687128,0.9028370675115899,0.575368945360374,2.9746565936062828,0.23301033475696264,1.255289563498965,1.3221609829917969,657.3098639082264,663.5150031401686,652.428726799503,660.4116449953679
2024-09-09,2.0589469468142214,1.6250478025237167,0.8999367124891319,0.5740821620647835,2.9540798085501203,0.2387754542845436,1.2509748118875545,1.3162902000802792,651.973658800393,658.1280479769734,647.1308226710561,655.0487746660403
2024-09-10,2.046894400076792,1.616976652239575,0.8975997738794622,0.5735157364715312,2.9349345621830247,0.2453018455355086,1.2456260289653638,1.3079286686753886,646.7112081776534,652.8172701790267,641.9065346303628,649.7630279057746
2024-09-11,2.034004919572042,1.6086080550115667,0.8946855439304738,0.5719360665259073,2.9144716933104826,0.24931540941783303,1.2409483320002745,1.3006906135032106,641.5045795653484,647.5612576691094,636.7374883663359,644.5310225339724
2024-09-12,2.0222642853659822,1.5989928742844337,0.8916214611949006,0.5700268304622965,2.893365544011977,0.2525935815733015,1.2373928578963944,1.295152590869595,636.3290265262211,642.3358783252625,631.5988549859278,639.3280261479664
2024-09-13,2.0112527181063813,1.590182840391415,0.8883667853059397,0.5687342949510671,2.873221056563847,0.25765182170141976,1.2332496944797409,1.2887642219732547,631.199673318302,637.1582073002476,626.5058971715716,634.1730894633341
2024-09-16,1.9993038469959687,1.5818854145448191,0.885966771096199,0.5686395704767867,2.8549611451789714,0.26424475018583216,1.2284016651562826,1.2819803274612325,626.1055318219248,632.0172467769905,621.4496885713049,629.0561129832442
2024-09-17,1.987024031665002,1.5732636483217237,0.8831824586974325,0.5669202238744225,2.8349313864836967,0.267943514432443,1.2240374340203946,1.2749843662674476,621.0764302551056,626.9402251731209,616.4567505497888,624.0020079418128
2024-09-18,1.9757765568872836,1.5645102865012208,0.8795516685734651,0.5650464685576216,2.814175029787161,0.27170608801824236,1.2199786431381934,1.2689236810113205,616.0631563860492,621.8783569652041,611.4783251829222,618.9618727959522
2024-09-19,1.9645637069003614,1.5564960678916502,0.876767810798415,0.5636846355010013,2.795578884730774,0.27725923551379317,1.2168345907907383,1.2627909010439542,611.0979266905405,616.8658110802995,606.549578653591,613.9731845119464
2024-09-20,1.9526864267027486,1.5488778520454338,0.8744509438820093,0.5623264565517515,2.776790164834787,0.28160248952279054,1.2122679872968145,1.2558897152104633,606.1815327097909,611.9028804283586,601.6684589613106,609.0341127371439
2024-09-23,1.9410122714055627,1.5403812415385345,0.8718210388162991,0.5611046306570094,2.7576630836955376,0.2857608139380624,1.2073342813726444,1.2496224643490097,601.2880446332878,606.962825022059,596.8100718883999,604.1162972197418
2024-09-24,1.9301090631518045,1.5320478213298219,0.8687530463820811,0.559524140482292,2.738561212722547,0.2902743614356894,1.2034136119455983,1.2430885110683996,596.4556036978852,602.0848722604806,592.0123696517131,599.2593192923812
2024-09-25,1.9184958903449898,1.5247119137985599,0.8656778969299407,0.5579815716351887,2.71984859118493,0.2950198282075548,1.1996630563038575,1.2367938553881708,591.6503516374734,597.233621203825,587.2417549971741,594.4308346746008
2024-09-26,1.90725959232567,1.5163435310235722,0.8634691821289832,0.5568245131388564,2.701630646246101,0.29945661729735995,1.1964080257899876,1.2314890340613076,586.8848119422598,592.4229101053796,582.5113421260646,589.6426841894424
2024-09-27,1.8967695074656605,1.5079182616902762,0.8606079197195865,0.5553323933047131,2.682485965569289,0.30307930757850776,1.1920446111575476,1.2254775325973866,582.184092330962,587.6777523385149,577.8435901125556,584.9177976090663
2024-09-30,1.886228638978996,1.4998099226211479,0.8578203382297883,0.5547665873890749,2.664748916167887,0.3083612178130729,1.1876870094450236,1.2193190057831587,577.4941983127181,582.9444198787202,573.1877733680841,580.2048808757382
2024-10-01,1.8750346923158299,1.4924665693314103,0.8556095801107045,0.5529916328700429,2.6471914745819953,0.3132644532186192,1.1841325913619858,1.2130961744447168,572.8488573545764,578.2548862933791,568.5764794008331,575.5378280138582
2024-10-02,1.8641168404172506,1.4847934507859732,0.8526183676885343,0.5514496082114418,2.628323235316407,0.316900679265541,1.1803425390253917,1.2074197991956706,568.2277996819604,573.5892137896077,563.9879552172227,570.8935097775162
2024-10-03,1.8538673910091292,1.476418050457251,0.8504446477618534,0.5503911708428183,2.6106374116896793,0.32114981835222955,1.1765776878407113,1.2015718267808346,563.6620011254713,568.9809595300752,559.4554148450521,566.3055549353933
2024-10-04,1.8436763321568685,1.4687107966618096,0.8478280475406262,0.5487967136527486,2.592789846937534,0.3249362235874721,1.1725579142318228,1.195474971380903,559.1464853896197,564.423483472349,554.972296553417,561.7672859890263
2024-10-07,1.8328927336118577,1.4610546452904098,0.8454957053688642,0.5476979296353334,2.575491606865813,0.3297221223211019,1.1685823488216325,1.1902024616000884,554.6306105498808,559.8649845445352,550.4892611940904,557.2295241082941
2024-10-08,1.8228640051334049,1.4527329906888684,0.8429786014147415,0.5468801100493436,2.5577696825286163,0.3335867487244756,1.1650611884111608,1.1847223445295516,550.1731261651946,555.3662781464946,546.0642584509426,552.7498109706667
2024-10-09,1.8128588691395295,1.4452685567755092,0.8398723117974843,0.5457613048208286,2.5399870720976656,0.3372278439049595,1.1608836100877287,1.1784227817734438,545.7686190854423,550.9207000845417,541.6908522301859,548.3227478494088
2024-10-10,1.802739017195667,1.4373080679046022,0.8376674663686953,0.5443917637396501,2.5229442205188297,0.3411571890575552,1.1578557374985177,1.1734904986626458,541.3804063246126,546.4911974911348,537.3348664176679,543.9126298461894
2024-10-11,1.7928083852197512,1.4297841806516138,0.835245236224078,0.5427913205965388,2.505443716366382,0.3447701828903086,1.154132446953265,1.168095559997216,537.028692023873,542.0981874556695,533.0140207231456,539.5391568544366
2024-10-14,1.783093240885127,1.4223222520417873,0.83276565551101,0.5424833967316544,2.4888593049603562,0.3494616823516673,1.1496551616107584,1.1622300041159594,532.7006387263385,537.730578254726,528.717205420849,535.1901442829663
2024-10-15,1.772890880063291,1.4148595808103628,0.8306556140498448,0.5411397053416315,2.4723248985355193,0.3530506678320159,1.146227038419666,1.1562250233779328,528.438516499868,533.4289627735069,524.4865931032581,530.9073189855733
2024-10-16,1.762866599886718,1.407637364904097,0.8280132694865533,0.5394886452464219,2.4549424664849697,0.3561850625829316,1.1425478675195986,1.1509555219596994,524.1911555543459,529.1411790265034,520.2691784587241,526.6379889957254
2024-10-17,1.7536901614512788,1.39974518386108,0.8255419507130836,0.538800296634978,2.4384611534912937,0.3603220732193869,1.139469908298209,1.146330326040338,519.9662449775951,524.8770378058816,516.0750598816318,522.391895777219
2024-10-18,1.7441653832661617,1.3924489476832238,0.8231476261815932,0.5378456157272921,2.4219888748452822,0.3640710972785727,1.135755238550863,1.1406177364500947,515.8069412241842,520.6792979003495,511.9459000344558,518.212163760593
2024-10-21,1.7343268426284242,1.385273084459889,0.8208216538444714,0.5371333449539292,2.4058486616343258,0.36774941919187476,1.1316485390352955,1.1350098378054414,511.6650657970239,516.4990917370261,507.83389248054,514.0497830695947
2024-10-22,1.7251373707567241,1.3777293952827327,0.8183465614539241,0.5355906562139018,2.389227863489096,0.37099128558326633,1.1286905678286654,1.1301230645425113,507.5589355299477,512.3539743155033,503.7573020561614,509.92236079164684
2024-10-23,1.7159750265338696,1.3708355659647142,0.8156841066998329,0.5344739307491116,2.3729211047605068,0.37469662270040593,1.1252067922576312,1.1248484168087265,503.48124632708954,508.23796011847236,499.7085387460675,505.82426427183316
2024-10-24,1.7062539853216956,1.3639318513169747,0.8135647753399223,0.5336847917760393,2.35746753416094,0.3786719125599277,1.1216504838775794,1.1193966637039037,499.43682507374615,504.15597884767675,495.69394625667684,501.7606093291581
2024-10-25,1.6969976407646366,1.3566538108254451,0.8114146191090573,0.5321678477568524,2.341280703304716,0.3813741826063691,1.1182463047837377,1.1142843730551093,495.4426842976552,500.1244649501311,491.72855748854346,497.7460588032067
2024-10-28,1.6878946013078187,1.3497786430161116,0.8088719633457683,0.5311170685101912,2.32531073842705,0.384894478950529,1.1144679762612693,1.1091691488142603,491.45684836414944,496.1011278312355,487.7709300136565,493.7398098859115
2024-10-29,1.6789813946452918,1.3427045891777616,0.8067174961567724,0.5305339771866996,2.310229807471438,0.3888573774462615,1.1114469027722425,1.1042528969244316,487.51441968741904,492.12247143183095,483.85763283209684,489.7783089546305
2024-10-30,1.66971612500791,1.3361262913335277,0.8042160353436704,0.5294641257549023,2.2945279241358234,0.39203720717858637,1.107965962791616,1.0990471937457473,483.61695163403056,488.18838214034605,479.9880673118278,485.86121057528453
2024-10-31,1.6609091251009547,1.328935885089336,0.8022412492500671,0.5284162176522001,2.2792113718103346,0.3952877752460794,1.1047496439437399,1.0944111502703955,479.7350244384664,484.27011571424555,476.13410467436034,481.95981146205895
2024-11-01,1.6522610885644946,1.3222669281371746,0.8000675367227811,0.5270909727154488,2.2639605230916624,0.3987139919342483,1.1014953058350219,1.0893446049497817,475.89128981135894,480.39017305051027,472.3179121320621,478.0969343453514
2024-11-04,1.6434647368104658,1.3158774227198111,0.7977561689799434,0.5264643963364789,2.2491925737340734,0.4027130358957266,1.0980067516999046,1.0843574946525856,472.07145848548913,476.53494853710845,468.5256612945544,474.25844136892584
2024-11-05,1.6344998365622603,1.3091080174585197,0.7957517613799209,0.5254370043097721,2.2342834190824155,0.40579856559140814,1.0949800053224787,1.0795513404389354,468.2925181033795,472.72058168342045,464.7744319266302,470.4608902838026
2024-11-06,1.626018661244065,1.3024892561458343,0.7936339024951228,0.523966220001867,2.219062275314717,0.4086245020667264,1.091702771976865,1.0747118504401352,464.5432457480055,468.93597089786505,461.051621885854,466.69242191436246
2024-11-07,1.6175377636486852,1.295963853752109,0.7915464935970807,0.5232594226696107,2.204744342205699,0.4124789302004296,1.0884097516919933,1.0700117235251592,460.81004959731644,465.16817491084447,457.34557002588815,462.94093086775746
2024-11-08,1.6089725812132665,1.289448678990691,0.7895657412289027,0.5223524562708411,2.1902675410776675,0.4157818106731853,1.0854285762831661,1.0652671200639825,457.12559212346144,461.44943767889333,453.6880402923105,459.2384474517616
2024-11-11,1.6005510094072948,1.2830152324034692,0.7872803600369761,0.5215217947852827,2.175572200231751,0.4188775564590913,1.0819697935415025,1.060528107027584,453.4617800534425,457.7514161680952,450.05029920620655,455.55594044641083
2024-11-12,1.5923627141111263,1.2764004924053203,0.7853126666046596,0.5203918987825275,2.1612074697966603,0.42188754565418385,1.079132700946977,1.0560445606269389,449.83006435733347,454.08559646253144,446.4448421219839,451.90599051441006
2024-11-13,1.5841112820693946,1.2703053903220272,0.7832119602076631,0.5193828644104349,2.1469913676367627,0.4252892810808938,1.0759685548244409,1.0512601964048767,446.22806887549535,450.44976748608747,442.8686310728571,448.28619222263734
2024-11-14,1.5758259593951616,1.2641260186337688,0.7812101512985138,0.5186783795543483,2.133091075185379,0.42865867318068573,1.0727176287914435,1.0466367270783163,442.65130424322086,446.83984055093674,439.317759568973,444.6918426106526
2024-11-15,1.5676631698582932,1.257735696807495,0.7792905268229998,0.5174707499557981,2.118926095626157,0.43142796038902353,1.0697854867007865,1.0420908715200181,439.11059540624734,443.26587488638944,435.80262446689665,441.13333028050306
2024-11-18,1.5595310922103893,1.2517877086419023,0.777291527324876,0.5164585470214077,2.1050205544900153,0.4345452769986985,1.0665473729907677,1.03742642056461,435.59251658576096,439.7148318969132,432.3096054947342,437.5976748022403
2024-11-19,1.5515985843622362,1.245613629095922,0.7753384733123746,0.5158544498463121,2.0915364900935307,0.4378889788472059,1.0636265004837238,1.032959051648236,432.10236769531053,436.1924016442553,428.8449134545086,434.0904025664382
2024-11-20,1.5435994722287925,1.2396041727278742,0.7733266287336836,0.5148021916273889,2.077700600682049,0.44071472068332873,1.0606692192394493,1.0285319529493144,428.65024357137924,432.7077865681592,425.41754753870265,430.6209116881134
2024-11-21,1.5357387938153275,1.2335043314811194,0.7713449264487061,0.5140868300459082,2.064200772197297,0.44384190468336093,1.057593997914039,1.0241785046906895,425.21292576900487,429.23839604756864,422.00492090503565,427.16639617372726
2024-11-22,1.5279073858547436,1.2275946911944344,0.7695911932166365,0.5130156231390756,2.050904027128447,0.446859979419746,1.0547414044116301,1.0196613713734026,421.8128781461296,425.8064392994149,418.6294932267365,423.7497506702792
2024-11-25,1.5201578004538066,1.2218812251704736,0.7676321948880841,0.5121976716938866,2.037699079950202,0.4500757153786282,1.0517533496785905,1.0152306888151605,418.4363543648815,422.39830289371673,415.27719160041386,420.3565922288066
2024-11-26,1.5123384124018573,1.2159866455341457,0.7657893509540931,0.511274420538763,2.0245351126360527,0.4529245244295631,1.0489653377882415,1.011003541378065,415.0892332477399,419.0198087674751,411.95434006124,416.99289040772055
2024-11-27,1.5047778222339838,1.2101061993132016,0.76384211067844,0.5102472803814616,2.0112703896663513,0.45571368862383543,1.0461481180475765,1.0067290127602775,411.7706193409474,415.6699712413681,408.6595463682225,413.6575403063459
2024-11-28,1.4970910023971706,1.204607455844966,0.7620296644078203,0.509412063121152,1.9984946645236308,0.4588632178952644,1.0430990906109059,1.0022986445282378,408.4752842824171,412.3438345084692,405.38791560319225,410.3460897560601
2024-11-29,1.4895495915437005,1.1988548165173465,0.7602159583241183,0.5085944744808034,1.9856461126924625,0.4616279180886317,1.040387573562202,0.998122406209409,405.20844215342646,409.04642934323687,402.1447339087301,407.0630787940603
2024-12-02,1.4820363491952948,1.193316776783948,0.7582713941236862,0.5076978634194321,1.9727720536079811,0.4644071266916975,1.0374731116413372,0.9938774274287241,401.9707184522365,405.77820012030946,398.9301500281921,403.8091261357067
2024-12-03,1.4747579165361318,1.1875959705300185,0.7564195947782694,0.5069825001819995,1.960184621970912,0.4673421600072566,1.0347552339233175,0.9898306948765445,398.75547469561127,402.5330020161264,395.7381156158086,400.5778223361459
2024-12-04,1.467277424219934,1.182210310086743,0.7547481712056187,0.5059338342933798,1.947678918732028,0.47013397984334737,1.0319750120060724,0.9855911102256505,395.57057152695694,399.31800706939526,392.57614141092296,397.3773988775172
2024-12-05,1.4600299207343932,1.1767237605389442,0.7529807914948926,0.505227441017709,1.9353273423153627,0.4731484704262997,1.029146244971664,0.9815418025982618,392.405615902296,396.12351106152875,389.43393759659904,394.1968383541203
2024-12-06,1.4528387551922934,1.1711814243057392,0.7511372568293425,0.5043676445503581,1.9229049601628425,0.47581595493079554,1.0265096363195692,0.9775256120882194,389.27351075473047,392.96201606346386,386.3244401049586,391.04903414456635
2024-12-09,1.4457096365833353,1.1658220934348527,0.7494262686832912,0.5035056545315814,1.9107115529353056,0.47868464289258206,1.0238061912951852,0.9735121785373801,386.16469709513217,389.82401367493554,383.2379688939552,387.92485390089274
2024-12-10,1.4385158776937539,1.160573086368101,0.7477934770780966,0.5026643288482581,1.8987572632158711,0.4815137188234261,1.0211102105976397,0.9695054088311903,383.07792983487116,386.7083509462174,380.1734933004698,384.8230200038277
2024-12-11,1.4315382733771935,1.155140864793585,0.7460984631899156,0.5018564196494956,1.8866581228732473,0.4841763648285501,1.018482534667563,0.9656216148141914,380.0179252784966,383.61965940476426,377.1354915553038,381.74778883486533
2024-12-12,1.4245563379661297,1.14993426310842,0.7443497536515363,0.5011615031970623,1.8747756048976116,0.4870149284173565,1.0157173439210048,0.9615822344423111,376.9839896550594,380.55737990550693,374.12336382348235,378.69884038348715
2024-12-13,1.41766797661814,1.1446643202460023,0.7426486889458993,0.5003095843823092,1.8629126771269622,0.4896249718784852,1.0131858485982075,0.9577566690040646,373.9746278938795,377.51982777107867,371.1356831877035,375.6744443211072
2024-12-16,1.4107415865194488,1.1395484576460757,0.7410366539618146,0.499428102832283,1.8511796967941203,0.492261114544715,1.0106033002248107,0.953919149069385,370.98737216037756,374.5043770570675,368.16988853326427,372.67249625496447
2024-12-17,1.4039895996926406,1.1343657907596776,0.7393849877142981,0.4987788768911815,1.83962252125911,0.49505237847861217,1.007972970810061,0.9500766247540755,368.0255984647953,371.5150494134874,365.22945941251265,369.69612172190995
2024-12-18,1.3972642475759516,1.1292073713370576,0.7376752192022015,0.498025001943457,1.8280507268339194,0.49762341708474345,1.0053945192133564,0.9462620220917215,365.0915152422915,368.553578047836,362.31654290960074,366.74735313951567
2024-12-19,1.3904991661112343,1.1241885315619968,0.7360829454174532,0.4971561227540934,1.816601269072736,0.5002292379051959,1.002899059882952,0.9425321024523459,362.1776803850657,365.61232015612256,359.42366405946774,363.8190632511897
2024-12-20,1.3838674266451347,1.1191619744365116,0.7344477908327826,0.496419579913402,1.8052352379196392,0.5027980877139598,1.0004327878953656,0.9388452918830128,359.28621033684993,362.6937582164234,356.5530009315112,360.91326455721236
2024-12-23,1.377373304300252,1.1141545557871972,0.7327984270686078,0.4957816600866688,1.7939734967475092,0.505404650471278,0.997884492742737,0.9350878832155096,356.42174910558555,359.80254546327086,353.70912079807516,358.03457989719595
2024-12-24,1.3708019016238273,1.109261989347401,0.7311975298366961,0.49503411283967746,1.7828420935198048,0.5079511456233065,0.9953673804394867,0.9313566065846779,353.58074332896035,356.9349414791725,350.88857132035844,355.1794791392861
2024-12-25,1.364243401796096,1.1043899789898455,0.7296147282079514,0.49414943247345267,1.7716900943709089,0.5103718470546895,0.9929494710121325,0.9277593130331685,350.75901107835557,354.0865908288254,348.0871090226688,352.34367704922306
2024-12-26,1.35784251716706,1.0995388661572822,0.7280583845725194,0.4934570633665184,1.7607416031944698,0.5129857303478368,0.9905222666816005,0.9241263882996649,347.95994978287536,351.26131478669316,345.30820672618876,349.530837992324
2024-12-27,1.3514494617020523,1.0947592018143468,0.7264869465587801,0.49278661631677056,1.7498735983008231,0.5154538999334733,0.9880699002951665,0.9204531533952551,345.18982447800084,348.46535601770074,342.5580514644251,346.74704743342994
2024-12-30,1.3451297052642373,1.0899126940546773,0.7248910187778524,0.49204558615794614,1.7389924179653988,0.5178023265240171,0.9857120952054383,0.9169940800873688,342.43986226988756,345.68958224938,339.827873105542,343.9832347782791
2024-12-31,1.338863377286482,1.0851773584963023,0.7233559506443549,0.4912748952675904,1.7282575654522203,0.5202545242836408,0.9833649007149894,0.9135062378306607,339.7106582677365,342.93472269556395,337.1182768242312,341.2404583359659
2025-01-01,1.3326540519257781,1.0805245882212478,0.7218111645150608,0.4906389203767886,1.7176815363133038,0.5228057894115573,0.9809795672127126,0.9099568381587486,337.0033509230374,340.20211041614857,334.43047278309336,338.51983668734715
2025-01-02,1.3264152777045082,1.0759215900876202,0.7203264126540344,0.48993934488371227,1.7071835971630245,0.5252113865977116,0.9786250898120421,0.9064072679396793,334.32058691602214,337.49420070554066,331.76706823027206,335.8238668873368
2025-01-03,1.3202701458677604,1.071284680158071,0.7188049970511504,0.48912843005102313,1.6966144096028906,0.5274298264550347,0.9763435750815865,0.9030029458682354,331.65919564205615,334.80775602484994,329.12475054144824,333.14911852915344
2025-01-06,1.3142220023884112,1.0667083263933619,0.7173092457922569,0.48842170490206616,1.6862425718598262,0.5298463976361355,0.9740653973977522,0.8996459277279494,329.0167721567893,332.14051534032615,326.50133374669423,330.49357753689696
2025-01-07,1.3081961135570745,1.0621991644265667,0.7158865247239498,0.4878080400028554,1.6760744141909187,0.5323303442254009,0.9717602456876466,0.8961944620016207,326.3984159106856,329.4977617747973,323.9019214071487,327.862453624506
2025-01-08,1.3021413113627842,1.0577169298556606,0.7144142022551873,0.48711249314379035,1.665836431034049,0.5345837983729645,0.9694421979290329,0.8927972932759947,323.80234139050873,326.8773511235246,321.32452176262586,325.25349147450095
2025-01-09,1.2962595584895658,1.0531550519250836,0.7129339822878727,0.48641139792364807,1.6556485936047185,0.536847265614118,0.9672644746961943,0.8895661702274034,321.22567046413144,324.27649867967483,318.76638499927714,322.6638701753492
2025-01-10,1.290418387336275,1.0487499732222054,0.7114695579530118,0.4857093079629563,1.6455979009619162,0.5391623647447908,0.9650829501842082,0.8862538523645129,318.6714552594908,321.69834469753647,316.2305262024656,320.0970000441938
2025-01-13,1.2845802282967993,1.044364020043513,0.7100809213957796,0.48510968801335064,1.6357194975161287,0.5415251592521163,0.9628500517664829,0.88299096813013,316.1362594939959,319.1394753681405,313.71363763468895,317.54937221624976
2025-01-14,1.2787826999573957,1.0399733446407962,0.708693510685264,0.4844232057013772,1.6258194896968927,0.5437081219077208,0.9606394276839694,0.8797297391961341,313.6238528858154,316.60352786412784,311.21931365115586,315.02448783774815
2025-01-15,1.273079590914251,1.035626809606534,0.7072526272008951,0.4837340463231711,1.6159523668682745,0.5459050190854872,0.9584266717942664,0.8764962091643989,311.13049679486136,314.086816876439,308.74382187604846,312.5186532233501
2025-01-16,1.2673904593556058,1.031354568813597,0.7058778695906643,0.48310314218462647,1.6063057965524292,0.5482108867650347,0.9563107167503613,0.8733083984508856,308.6565317378129,311.58971963110565,306.2877492667563,310.0325080908931
2025-01-17,1.2617233222170343,1.0271044184644178,0.7045251053578337,0.4824314346122359,1.5966566079943085,0.5503679924873851,0.9541908698628869,0.8701447037154513,306.20501445854427,309.11525737262554,303.8538912058756,307.5688908279262
2025-01-20,1.256150401360018,1.0228057627926455,0.7031440236850547,0.48182858699629694,1.5870434653840917,0.5524926398796247,0.952028849027706,0.8670525007090271,303.772157585983,306.65966088622787,301.4385176317758,305.1238678385924
2025-01-21,1.2506691881140002,1.0185606811079722,0.7017949051733944,0.48121292155905226,1.5775847159098149,0.5546842966190234,0.9499311673494126,0.8639312748344057,301.3607880313936,304.22581490996805,299.0445368651377,302.7005085167066
2025-01-22,1.245152711653195,1.0144483630781393,0.7004292024522244,0.4805854496126488,1.568183615330332,0.5568571103741381,0.9478352035326381,0.8608324305218098,298.96772523222756,301.81035377787913,296.66868623454735,300.295590861085
2025-01-23,1.2396823621228146,1.0102941219172803,0.6991206351993043,0.47998738672279717,1.5588682865280958,0.5590047782819444,0.9457944899779978,0.857814104114021,296.5930143211009,299.4134055234469,294.3111140791072,297.9091480292337
2025-01-24,1.2343158216260752,1.0061698189432131,0.6977898375922579,0.47934735196767864,1.5495585499277365,0.5610339615521757,0.9437254971049043,0.8547450068803502,294.2404775329039,297.038875825212,291.9754553409776,295.5448752882585
2025-01-27,1.2289478130038978,1.0021250879341923,0.6964783194413798,0.47873094235296054,1.5404002068600091,0.5631554233910226,0.9416584156375236,0.8517167030667794,291.9050784373854,294.6816378779618,289.65686926095185,293.1978944357934
2025-01-28,1.2236099254726183,0.9980851724988331,0.6952263080329811,0.4781272260064674,1.5313425452749527,0.5652602435412629,0.9396664958511323,0.8487523320744887,289.5884816949811,292.3433919153554,287.3570246544368,290.8698811738808
2025-01-29,1.2183353052086643,0.9940881708946923,0.6939031731841209,0.4775345016306146,1.522254489240285,0.567273878774908,0.9376217300719378,0.8457747055520206,287.2915212330538,290.02493923576407,285.07653921489197,288.5614792024631
2025-01-30,1.2131246102442264,0.9900739836289545,0.6926229032509114,0.4769924559807225,1.5133197739970052,0.5693316545226076,0.9356384373919588,0.8428454571997654,285.0133261598052,287.7255022045098,282.8147931276832,286.2719706746089
2025-01-31,1.2079290875817987,0.9861455325053288,0.6913569263102247,0.47634644402605264,1.5044171231064185,0.5713059453286381,0.9336957321954855,0.8399175977360211,282.7552996822767,285.4463227761357,280.57301749603124,284.0027165735502
2025-02-03,1.2027882893758326,0.9822441042794288,0.6900837174819799,0.47578152354128267,1.4955948345167496,0.5733385665860408,0.9317235922792928,0.8370678540537406,280.51231277924643,283.18232625088297,278.34614479715526,281.74858400979053
2025-02-04,1.1976980655551772,0.9783496604397395,0.6888550545689495,0.47522509323674444,1.486882445456975,0.5753492449381071,0.9297954419227821,0.834195280288714,278.28962268949937,280.93887164546607,276.13950255331775,279.5149171538871
2025-02-05,1.192618011785112,0.9745441065518095,0.6875990855232467,0.47463479388044927,1.4781898258637876,0.5772789817528466,0.9278218927920718,0.8312811920385659,276.0859230877057,278.7145587390939,273.9516222120456,277.30026736171374
2025-02-06,1.1875697495232105,0.9707413212468441,0.6863898248359729,0.4740500466200198,1.4696186737525352,0.5792476573377695,0.9259273151785663,0.8284816452708925,273.8981052181544,276.50623981176034,271.779583944788,275.1016121769701
2025-02-07,1.182605651855515,0.9669552162797426,0.6851714602987141,0.4734538271968435,1.4610644290175543,0.5811620484337475,0.9240684416785381,0.8257061419517384,271.72913307922545,274.31694609116533,269.626216197964,272.9218647155337
2025-02-10,1.1776520588850898,0.9632315678176151,0.6839553792001486,0.4729377913151821,1.4526247754123363,0.5831243366439453,0.9221339620708651,0.8229002445863516,269.57732345329316,272.1450362180736,267.4898872745816,270.7594227450415
2025-02-11,1.172741468918077,0.9594901142255075,0.6827861218166359,0.4723948632524414,1.4442704928001975,0.5850291355783249,0.9202899224106502,0.8201457976494886,267.44436372857047,269.9921594383149,265.37235035524327,268.6159109206431
2025-02-12,1.1678820805817134,0.9558219368608403,0.6815791714909619,0.47179456949793763,1.4359028627973895,0.5868785664372983,0.9184389712019481,0.8174183338776586,265.32848669623314,267.8564138943777,263.27163620345783,266.4894774467551
2025-02-13,1.1630794627217602,0.9521593304991858,0.6803981034358725,0.47129120422486526,1.4276829139982228,0.5888220221403654,0.9166193242838048,0.8147412715876967,263.22776528311607,265.73603774800273,261.186055711784,264.3783722339077
2025-02-14,1.1582882270938848,0.9485480420583614,0.6792467636345724,0.4707349034378455,1.4195191448917308,0.5906888116609935,0.9148101031480766,0.812021985893767,261.1470143005658,263.6358183062904,259.1203122459354,262.2873614080764
2025-02-17,1.1535188069710456,0.9449767847404407,0.6780842995412496,0.470179219803068,1.4113859967552225,0.5925159791268076,0.9129687239964912,0.8093385921607685,259.0817541158361,261.5511962764466,257.0698819422335,260.2118435294479
2025-02-18,1.1488211958008412,0.9413936298437178,0.6769664124956581,0.4696231582620277,1.4033537447139652,0.5943528843970743,0.91120776511213,0.8067144649099347,257.0329019162279,259.48314971240495,255.03580209011443,258.1528524269715
2025-02-19,1.144162358150413,0.9378869245468651,0.6758048396780819,0.4690879939826774,1.3953556452800981,0.5961785695265033,0.9094200750752293,0.8040746994357442,255.0014808700288,257.43270752765943,253.01897607588938,256.1113549600698
2025-02-20,1.1395089958525455,0.9343862199261745,0.6746839658566967,0.46860460333979137,1.3874765408946441,0.5980185129493137,0.907647097109044,0.8014713785932865,252.9861581357123,255.398551500061,251.01820049438703,254.08609056950237
2025-02-21,1.1349165664160799,0.9308873303236287,0.6735798827197649,0.46804264604672763,1.3795963424858577,0.5997491749918432,0.9059200957514075,0.798897185850443,250.988441205746,253.38210888743396,249.0348614429634,252.07843805024686
2025-02-24,1.1303767602696206,0.9274589587653392,0.6724538053687129,0.46752172594668717,1.371800063669511,0.6015430644750887,0.9041601504497556,0.7963335643496927,249.00535011862686,251.38043031636596,247.06599012428575,250.08549861917217
2025-02-25,1.1258605276376974,0.92403607261673,0.6713647043302257,0.46704047576227115,1.3641187738419447,0.603358887259822,0.9024654988959664,0.7938046142357631,247.03882403849548,249.39551585896405,245.11367531039735,248.10928478212077
2025-02-26,1.121366741865132,0.9206618530172048,0.6702686412812041,0.4665112183541086,1.3564367372026211,0.6050724588644635,0.900751844057919,0.7912640115408862,245.08970753671917,247.4281310704522,243.1785672311623,246.1505036273454
2025-02-27,1.1169195693016247,0.9173000202732555,0.6691945626398369,0.46599649329836434,1.3488416842682343,0.6068097973865595,0.899045642653461,0.788770771110942,243.15461419379983,245.47489958899584,241.25738463220404,244.2058138020173
2025-02-28,1.1125204779749795,0.9139622683233752,0.6681399826558952,0.4654721025597669,1.3413185504488245,0.6085344756465688,0.8973951736759573,0.7862939483345046,241.23612158279764,243.5384344045349,239.35271814968826,242.27784076075494
2025-03-03,1.1081306695012936,0.9106927906281634,0.6670615202019147,0.46499558820083553,1.333853781866706,0.6102742427592699,0.8956947209464026,0.7838086019894914,239.33291064000915,241.61740911649454,237.46319156617176,240.3652252730043
2025-03-04,1.1037894178278753,0.907390764376125,0.6660177414396146,0.4645137130689977,1.326453656853583,0.6119549591687904,0.8940628205960433,0.7813851869600124,237.4454883937712,239.7123305076787,235.58938947565449,238.4684563070347
2025-03-05,1.0994874532508474,0.9041436596657966,0.6649649682000066,0.4639809338447075,1.3190655755506748,0.6135920779022549,0.8924285232342413,0.7789600685668618,235.5738431940384,237.8231073386092,233.73117629558413,236.58749986269538
2025-03-06,1.0952263815650332,0.900930075128691,0.663928270611902,0.46352821458489746,1.3118074960539206,0.6153087847330782,0.8907900213631581,0.7765588845491382,233.7160703795235,235.94795781570454,231.88677597457493,234.72056072459677
2025-03-07,1.090987901344998,0.8977323087941067,0.6628994721315359,0.4630440197888869,1.3045820356987,0.6169626932217164,0.8891951813594605,0.774172063613449,231.87491905258236,234.08955853818722,230.0589030985316,232.87030849241845
2025-03-10,1.0867789592670727,0.894572018569709,0.6618709559799257,0.4625484068677642,1.297388304333623,0.6185790074443379,0.8875813922320688,0.7718042989177427,230.04828299627218,232.24578837736098,228.24538016512003,231.03460317508691
2025-03-11,1.0826094367102987,0.8914255926462862,0.660866355454237,0.46206673028882495,1.290288019447769,0.6202130636204356,0.8860045859917693,0.7694613503154215,228.23588456905,230.41640160207407,226.44603902633287,229.21324355488548
2025-03-12,1.0784710678019218,0.888324177797656,0.6598424527151873,0.46156167654872593,1.2832456097258866,0.6218091584521667,0.8844165146274168,0.7671300976701534,226.4392477848095,228.60287947648,224.6622996528616,227.40770733919018
2025-03-13,1.0743078101128267,0.8852759810265227,0.6588998041611579,0.46117837454511157,1.2762993385431987,0.6233781723803283,0.8827632734668789,0.7648604224457316,224.65645532928963,226.80336994901796,222.8922553704844,225.6161725568938
2025-03-14,1.070124859640475,0.8822621061813645,0.6580766766205278,0.46085888358493665,1.2694505261063602,0.6248245101097457,0.8810591445808267,0.76268656430619,222.88887037041772,225.01917338593813,221.137207822048,223.84001351694448
2025-03-17,1.0659755086250273,0.8792972520177185,0.6572193247825985,0.46056554091149404,1.2626853976110564,0.6263052494955187,0.8792975256718687,0.7604928411202179,221.1352203173282,223.24899775905274,219.39592171645984,222.0778655237687
2025-03-18,1.0618614527990031,0.8763260743070496,0.6563845118451822,0.4603301151732334,1.2560259563691707,0.6278089231755882,0.8775535619804902,0.7583232215971918,219.39571158221392,221.4931325588599,217.66871503230684,220.3299873550223
2025-03-19,1.0577819504686117,0.8733731288095457,0.6555359952343068,0.46006080906740887,1.2493728194374327,0.6292561171146865,0.8758285646029911,0.7561665592364946,217.67112512710773,219.75229471768833,215.9563036595487,218.59704723842626
2025-03-20,1.0537391788751789,0.8704467275771504,0.6546980700339188,0.45980917590999215,1.2427893713131954,0.6307162242850105,0.8740984232336462,0.7540341610396404,215.9598476121714,218.0249053539616,214.25709260186233,216.87748072867038
2025-03-21,1.049725914956185,0.8675436233193357,0.6538835075092101,0.45955408872702097,1.2362758875707254,0.632166319177874,0.8724021052155118,0.7519120828023491,214.26276609860804,216.31184866872314,212.5720106301354,215.17221862329689
2025-03-24,1.0457421013691581,0.8646826459692334,0.653062604556024,0.4593001560500428,1.229802203040081,0.6336036015097112,0.8707016029497934,0.7497976497155079,212.57961577820177,214.6128505979347,210.90073356517826,213.48093991546358
2025-03-25,1.0417983629094776,0.8618140112388208,0.6522438112562242,0.459070674983188,1.2233848731257257,0.6350255511451913,0.8690248600158348,0.7477220877360462,210.90981799827748,212.92734934335027,209.24273394113075,211.8030581820847
2025-03-26,1.037885959340639,0.8589791332677303,0.6514384994802781,0.45880721678429903,1.217003244098363,0.6364152917820637,0.8673686073870577,0.7456531727991111,209.25428398024997,211.2562173055615,207.59888360106672,210.1395059792157
2025-03-27,1.03400328186322,0.8561825720354688,0.6506399600160443,0.4585779225510248,1.2107027839080748,0.6378398745329211,0.8657010258612361,0.7435939686314799,207.6113236261445,209.5978021128797,205.96751520725343,208.48861895584724
2025-03-28,1.0301485552716647,0.853392664058235,0.6498536547643149,0.4583337691064332,1.2044407194253344,0.6392190221672597,0.8640732830564601,0.7415611214540407,205.9822806513005,207.95342733218226,204.34998832174983,206.85171140463945
2025-03-31,1.0263363854815397,0.8506236807039111,0.6490556818250875,0.4580980632315014,1.1982121094050218,0.6405902103724735,0.8624435313412169,0.739542196687226,204.36653847934073,206.32247314861306,202.7456386191671,205.22813462992542
2025-04-01,1.0225496375866223,0.8478840960484235,0.6482773259580997,0.45786544051916056,1.192058794125895,0.6419622264313379,0.8608299562272748,0.7375408248132047,202.7638382572713,204.70469978562886,201.15425773830688,203.61768765488756
2025-04-02,1.0187912137183366,0.8451653576156768,0.6475124311695558,0.4576214134678843,1.1859485302413102,0.6433104189159903,0.8592394475062111,0.7355597106311274,201.17422757813125,203.10012108068628,199.5758730198331,202.02040158461455
2025-04-03,1.0150612631289713,0.8424755080469102,0.6467442224614314,0.45739396362508955,1.1798887253704065,0.6446644497138568,0.857643641468752,0.7335846680849583,199.59731640568012,201.50837284972778,198.01009069371685,200.43587203345137
2025-04-04,1.0113763842267902,0.8397843978735886,0.6459768352769116,0.4571755570654722,1.1738725623567294,0.645992492751504,0.8560749348656607,0.7316338574286736,198.03353491078366,199.92989439632518,196.45735616233262,198.86451357297057
2025-04-07,1.0077075925743477,0.8371406693550854,0.6452205041449427,0.45693273381626376,1.1679013527643192,0.6473060772917493,0.8545149768591409,0.7296914663284768,196.4825902022414,198.36433825671682,194.91735315667057,197.3060620043322
2025-04-08,1.0040706792986827,0.8345109302365334,0.6444783542455229,0.4567152663582429,1.1619975817449255,0.6486261321863819,0.8529670395526814,0.7277758856327086,194.94360856763385,196.81087879476362,193.38923694905338,195.75965359530682
2025-04-09,1.0004671181327458,0.831896732512758,0.6437353269410594,0.4564876109136947,1.1561250186051488,0.6499193124209882,0.8514341490023163,0.7258653629901299,193.41773833053978,195.27065100397502,191.8741430364322,194.22640599238446
2025-04-10,0.9968962844191608,0.8293054183296751,0.6429945022142406,0.45627548198455414,1.1503080351367574,0.6512183678571358,0.8499034003282284,0.7239712111856089,191.90420330755532,193.7428868459556,190.37129042613887,192.70554618832762
2025-04-11,0.9933417339372222,0.826739537726104,0.6422663611601392,0.4560432165598448,1.1445354219448736,0.6524883236565476,0.8484012394767528,0.7220980703723374,190.40300751573602,192.22756094055092,188.88069992936082,191.19708955723564
2025-04-14,0.9898261404620224,0.8241898736032414,0.6415430126952025,0.4558234448359285,1.1388056363669006,0.6537539093256947,0.8469070439542825,0.7202475849320373,188.9137735889895,190.72430505259845,187.40197269611107,189.70065228512675
2025-04-15,0.9863405529072581,0.8216648427231976,0.6408212863383022,0.4556191146575558,1.1331343533093938,0.6550244042810086,0.845416050636765,0.7183955699440838,187.4369297697864,189.233581566653,185.93555945546586,188.21667379033227
2025-04-16,0.9828831070999798,0.8191524330367024,0.6401055034195532,0.45540295176178247,1.1274970284581651,0.6562622847369369,0.8439450205097792,0.7165663221673431,185.97227415249256,187.7551511520341,184.48124630688505,186.74492210602884
2025-04-17,0.9794434342371884,0.8166748978898464,0.6394006900892392,0.455179798430433,1.1219105914628393,0.6575005292528332,0.842482105397093,0.7147517275321291,184.51910585993858,186.28829474930967,183.03833272553288,185.2847268596711
2025-04-18,0.9760415622336095,0.8142083917755114,0.6387031038808714,0.4549733636598664,1.1163743114282574,0.6587333302347681,0.8410347791601571,0.7129552875982808,183.0777319699182,184.83336562541731,181.60713454294304,183.83639232690118
2025-04-21,0.9726660166118198,0.811764172018874,0.6380051773189893,0.45476612490844903,1.1108778634667136,0.6599528560627456,0.839594861470714,0.7111621884772152,181.6484725735775,183.39066392672464,180.1879695230477,182.4002250909205
2025-04-22,0.9693173032664549,0.8093360644468865,0.6373183073239409,0.4545589121159129,1.1054295884760976,0.661160276900067,0.8381674941935431,0.7093942336818568,180.23080373925455,181.9596636352475,178.78030985799572,180.97569732225674
2025-04-23,0.9659955194126494,0.8069279712234523,0.6366337730092287,0.4543455818434631,1.1000178190052448,0.6623509651760288,0.8367562728329909,0.7076466974569939,178.82449257078164,180.5401136658756,177.38392307480666,179.56257602242474
2025-04-24,0.9627042314139241,0.8045433267778437,0.6359601359708361,0.4541508526523036,1.0946655858046133,0.6635563217095822,0.8353497606080429,0.7059055271261081,177.42955157058125,179.13205619461618,175.99883152067926,178.16090569279595
2025-04-25,0.9594365787770355,0.8021779435043683,0.6352868043378413,0.45395142447553904,1.0893515173281134,0.6647384039490775,0.8339571464079885,0.7041695492713147,176.04632485752677,177.73583044963834,174.62537735852396,176.7709962229348
2025-04-28,0.9561960977321365,0.7998257406525435,0.6346192914032657,0.45374272223932255,1.084067584271942,0.6658953751719449,0.8325791671213698,0.7024637215393146,174.67418613821522,176.35077424509123,173.2629192835358,175.39220631467498
2025-04-29,0.9529843169369007,0.7974984622053327,0.6339622353897053,0.4535440316709626,1.0788407374352893,0.6670622826227594,0.8312094665746395,0.7007680195738448,173.31300669732204,174.97678865017016,171.91134645704034,174.02445081532892
2025-04-30,0.9497983607858888,0.79519214764009,0.6333077589553725,0.45335109287402797,1.0736570405060912,0.6682211538915589,0.829847431386846,0.6990776304854478,171.96305560136557,173.61414963818,170.57092825073283,172.66798380592166
2025-05-01,0.9466341032602951,0.7929004496039154,0.6326601031724327,0.45315872602349205,1.0685144358069514,0.6693664368454727,0.8284971350089181,0.6974034607843684,170.62411063047492,172.26261564851413,169.2414429486041,171.32257000797077
2025-05-02,0.9434986991199531,0.7906250887878161,0.6320159224592609,0.45295816368631303,1.063404247798439,0.6704902833355452,0.8271623631968754,0.6957486861701494,169.2961415483679,170.92215388131308,167.92284437818185,169.9881696093758
2025-05-05,0.9403930331730469,0.7883695494798082,0.631376474757192,0.45277040948984115,1.0583438539842835,0.6716189310154456,0.8258360833197578,0.6941112314323807,167.9787327336209,169.59235622679665,166.6147330799222,168.66439066893423
2025-05-06,0.937308064516894,0.7861363057638098,0.630749387506924,0.4525864285333342,1.0533344944289755,0.6727454137195953,0.824520842578593,0.6924789443608621,166.67224213217895,168.27358727909532,165.31747433371018,167.35160245985386
2025-05-07,0.9342495126156108,0.783915663610971,0.6301189969739606,0.4523975108665822,1.0483498400767401,0.6738462130918891,0.8232138414930696,0.6908608549056303,165.37642058569065,166.96558268303707,164.03079935408323,166.0495090619956
2025-05-08,0.9312185004026478,0.781713057494108,0.6294966633013716,0.4522101228020253,1.0434097845545027,0.6749430100965296,0.8219185816042358,0.6892600987165003,164.0909626854117,165.66803320000108,162.75441288930867,164.757829981469
2025-05-09,0.9282101831921602,0.7795361020618192,0.6288814894503777,0.45202436205254937,1.0385168202247113,0.6760375394165877,0.8206360535014496,0.6876670181560878,162.81602575808563,164.38110843931068,161.4884767567664,163.47673908472697
2025-05-12,0.9252211824805282,0.7773762746492898,0.6282703523931711,0.4518413576436665,1.0336607868958674,0.6771204260832854,0.8193611249866668,0.6860879769826211,161.55137511623286,163.10456515801528,160.23275729163993,162.20598329373897
2025-05-13,0.9222627048664346,0.7752239364700904,0.6276666807639638,0.45166014615645433,1.0288421188515895,0.6781885590934217,0.8180983214491169,0.6845251907568917,160.29712257575105,161.838522106978,158.98736181045888,160.94566651069144
2025-05-14,0.9193286200288134,0.7730958596305553,0.6270625337570567,0.45147666181260415,1.0240596071779517,0.6792475394000465,0.8168424098043878,0.6829708541192017,159.0531506550786,160.58285383927964,157.75216654422357,159.69567485530706
2025-05-15,0.9164160086390903,0.7709850799361209,0.6264683504989018,0.4513052620057473,1.0193286049345818,0.6803114839679888,0.8155995810174959,0.6814356495180487,157.819054964573,159.33715778755374,156.52678801910415,158.4556233888819
2025-05-16,0.9135264459675555,0.7688919362301712,0.6258775462800176,0.4511266895012386,1.0146274104058697,0.6813559323734787,0.8143691493969116,0.6799076071146766,156.59524174241824,158.10183627885164,155.31161615415155,157.22589939753175
2025-05-19,0.9106640772143707,0.7668124640015948,0.6252879369096948,0.4509521911846698,1.0099610806128103,0.6823910174059716,0.8131435097114517,0.6783944349639024,155.38125661129436,156.87643560320876,154.10619598876565,156.00604016445078
2025-05-20,0.9078201250438199,0.7647595511319296,0.6247169922562178,0.45077519084473205,1.0053457433187503,0.683436860045063,0.8119338749471516,0.67689136499132,154.17726201338638,155.6611256316762,152.91070806615795,154.79623434883428
2025-05-21,0.9049902786783824,0.7627432899387498,0.6241646451314579,0.45059446660012437,1.0007722256073,0.6845074642318342,0.8107356359274653,0.6753981080395337,152.98320720163383,154.4558613147245,151.72509351111705,153.5964201907507
2025-05-22,0.9021843630697114,0.7607373412313669,0.6236166021779458,0.4504220724667486,0.9962376295689545,0.6855695960521507,0.8095467628086437,0.6739210368363819,151.79872911326103,153.26026555706366,150.5489924609752,152.40622892169782
2025-05-23,0.8994043921452698,0.7587465877475297,0.6230734201890024,0.4502452602248165,0.9917364937147525,0.6866174253108949,0.8083697775920775,0.6724514840207254,150.62417671643487,152.07469154674945,149.3827448109343,151.22600593954436
2025-05-26,0.8966434348834219,0.7567772720251313,0.6225325749227028,0.4500712766012195,0.9872737181615329,0.687661748670929,0.8071990212491762,0.6709955696310275,149.45903896283082,150.89861593029846,148.2258426148582,150.05524372127806
2025-05-27,0.8939066216767354,0.7548187045094847,0.6220010719162853,0.44990236790696236,0.9828521884516083,0.6886994436203037,0.8060433685766133,0.6695587080195045,148.30334496319136,149.73207368547546,147.07832392709372,148.89397849059966
2025-05-28,0.8911932862748088,0.7528794285659708,0.6214683713588379,0.44973088739770695,0.9784581193561025,0.6897247971787371,0.8048931859134958,0.6681254181703911,147.15724196197456,148.57521244865546,145.9403211297457,147.74234208193982
2025-05-29,0.8885011819835312,0.7509539057916403,0.6209433082052705,0.4495654110244808,0.974107433129407,0.690746289250514,0.80375128582581,0.6667061231033262,146.0203702008213,147.42767206288443,144.8114894970002,146.59998678136046
2025-05-30,0.8858300220242593,0.7490465209069992,0.6204243839586415,0.4493927255276712,0.9697895730508702,0.6917541313032495,0.8026240669366922,0.6652982110937304,144.89289325714228,146.28960837848385,143.69198548404927,145.46707094979737
2025-06-02,0.8831807238493906,0.7471561621591434,0.6199065086263075,0.4492258519668225,0.9655054197562788,0.6927581183930326,0.8015003899457296,0.6639030465770344,143.77440219920155,145.16061421130186,142.58139835115065,144.34318437566648
2025-06-03,0.8805540199317924,0.7452764069349973,0.6193958541658676,0.449064470574286,0.961261285665873,0.6937547832122107,0.8003890548573593,0.662519154614819,142.66510174187923,144.04090477832884,141.47994728630013,143.22853758175344
2025-06-04,0.8779471315692248,0.7434164159069017,0.6188870792725137,0.44889663852379325,0.9570450840309633,0.6947382505026026,0.7992852281213227,0.6611417599450873,141.5650422537352,142.93051918282157,140.38766493640577,142.12316827029926
2025-06-05,0.8753620812542194,0.7415685039837436,0.6183832103353087,0.4487369279046137,0.9528675317621257,0.6957173455623832,0.798190294868564,0.6597835013525153,140.47367444912766,141.82890574594046,139.30401373862045,141.026535014169
2025-06-06,0.8728008136324849,0.7397348123898797,0.6178839549899154,0.44857658734019334,0.9487230463580975,0.6966870188795474,0.7971077757781015,0.6584352779948559,139.39135504383214,140.73642597767355,138.2293478421468,139.938995757051
2025-06-09,0.8702584191133741,0.7379198364282611,0.6173857715682532,0.44841985007011587,0.9446112708938518,0.6976531527490398,0.7960287029049098,0.6570936010625743,138.3178422130652,139.6528380534506,137.16342408291368,138.86030354884338
2025-06-10,0.8677354575419464,0.7361159206738965,0.6168964692662245,0.44826189353700474,0.9405361845462766,0.6986077996876955,0.7949630769042944,0.6557659973197056,137.253078933172,138.57807946670337,136.10619400049416,137.7904065082087
2025-06-11,0.8652353164148004,0.7343295826124163,0.6164079168871898,0.44810035032668416,0.9364877213288171,0.6995505741414528,0.7939049850687894,0.6544480432540576,136.19702083651984,137.51210284429098,135.0575981769653,136.72924973486204
2025-06-12,0.8627544071146441,0.7325577098315978,0.6159235318561168,0.447948669667947,0.9324788324264403,0.7004944351964263,0.7928532688735455,0.6531423996389765,135.14940842016335,136.4546558062848,134.01739313443494,135.67658703839697
2025-06-13,0.860304376262505,0.7308019434615693,0.6154408681001281,0.4477877951056132,0.9284966511220721,0.7014231913905914,0.7918134215884434,0.6518377603053462,134.11055089647482,135.40603741426648,132.9858788198017,134.63272017497061
2025-06-16,0.8579285213661701,0.7290832209904816,0.6149382094807646,0.44758973709445893,0.924520604647633,0.7023294885057217,0.7907730748413486,0.6505028302582265,133.08011402570352,134.36585638428764,131.96267943347627,133.59730801704734
2025-06-17,0.8555747423034586,0.7273743836292867,0.6144421191852442,0.44739778870958424,0.9205822190129503,0.7032305214107683,0.7897448731568788,0.6491840794575336,132.057945645108,133.3340227387696,130.94769512275906,132.57021052635645
2025-06-18,0.8532391013225472,0.7256834120603828,0.61394778114885,0.4472053349364432,0.9166730105042847,0.7041250293312123,0.7887245868484196,0.6478713466587303,131.04428270648887,132.31077554708148,129.94115493276115,131.5516583232194
2025-06-19,0.8509214804901034,0.724005159099177,0.61345724638497,0.4470181208976979,0.912797500168299,0.7050144721699824,0.7877105807676148,0.6465707585506444,130.03877832125954,131.2957658468306,128.94271741981947,130.54130351724268
2025-06-20,0.8486236183027717,0.7223385005649829,0.6129735233512611,0.4468250518597373,0.9089515746451581,0.7058891273581293,0.7867095426544874,0.6452819909288463,129.04155241463502,130.28910698719184,127.95250023392308,129.5392665411115
2025-06-23,0.846344493642799,0.7206896091576982,0.6124910032690688,0.44663626953143776,0.9051366559185418,0.7067622191876798,0.7857116914504247,0.6440015825008243,128.05235218443687,129.29055063062478,126.97024691673377,128.5452938603894
2025-06-24,0.8440832380367872,0.7190518300305526,0.6120148034968328,0.4464536724256981,0.9013587156306414,0.7076316938491168,0.7847243807884785,0.6427328859487065,127.07120865752525,128.30013231036196,125.99600260449479,127.55942388236085
2025-06-25,0.8418396664916071,0.7174278293317018,0.611541418521392,0.4462655455418528,0.8976046144998832,0.7084865641741852,0.7837464570530581,0.6414732357451547,126.09821060540631,127.3179329801631,125.02984295975965,126.58173058632556
2025-06-26,0.8396308874245576,0.7158095395976001,0.6110828893971284,0.44611873579972083,0.8938772168900652,0.7093659985021191,0.7828324093562837,0.6402626493322763,125.1328522321126,126.34345978075817,124.0713943086059,125.6118098100836
2025-06-27,0.8374422112369385,0.7142024146503361,0.6106300898261962,0.4459755173124894,0.8901819978958606,0.7102398139686591,0.7819319400079336,0.6390644398037737,124.17541743717435,125.37698749638425,123.12082237292759,124.64985821284066
2025-06-30,0.8352695591334235,0.7126119904857755,0.6101785202583535,0.4458336776759636,0.8865149159262943,0.7111088506680322,0.7810351621732579,0.6378727684882906,123.22583211997562,124.41843956463316,122.17804035369204,123.6957904096411
2025-07-01,0.8331151373055744,0.7110307631310211,0.6097321985728498,0.44569338412662585,0.8828788317785662,0.7119682668267523,0.7801482193290006,0.6366941975979772,122.28390654009289,123.46762288813082,121.24286647458587,122.74941877089924
2025-07-02,0.8310365938482401,0.7094000456388834,0.6092564024130857,0.4455056781811003,0.8793121083970376,0.7128589546073777,0.7792178295800027,0.6355029250850905,121.3497426209233,122.52465005233577,120.31536782085075,121.81080807277458
2025-07-03,0.8290094341833029,0.7077458375443495,0.6087632878165622,0.4452984989700902,0.8758044447679735,0.7137753797088003,0.7782598933137554,0.6343074677494418,120.42308325443847,121.589264057814,119.39530456469005,120.8797199695564
2025-07-04,0.8269987551312027,0.7061019366403687,0.6082756810259279,0.44509129940215686,0.8723249524705924,0.7146799831806508,0.7773136933990592,0.6331226672133023,119.50406631333989,120.66159334583013,118.48283403745286,119.95631101878887
2025-07-07,0.8250039795562688,0.7044734231200955,0.6077898804426137,0.44488309101425016,0.868869277790241,0.7155752168988111,0.7763724599477839,0.6319464433249526,118.59253108439967,119.74147131907684,117.57778533831018,119.04041279278368
2025-07-08,0.8230266439258253,0.7028565720866413,0.6073099404373868,0.4446803659607931,0.8654469485679023,0.7164667281551028,0.7754396212826264,0.6307813820210693,117.68832672615527,118.82875173805834,116.68001878355292,118.13188677696928
2025-07-09,0.8210235399736147,0.7012916891303882,0.6068995925898747,0.4444897796295607,0.862116426924591,0.717410737261181,0.7744564824755462,0.6296041995451811,116.79176341471145,117.92376776744536,115.78983898773848,117.23114906171496
2025-07-10,0.8190348343005819,0.69974113456546,0.6064940042630024,0.44430354204222045,0.858815395411692,0.7183507562126178,0.7734771529293212,0.6284364132985967,115.90245086885247,117.0261049228701,114.90685701415697,116.33769819432548
2025-07-11,0.8170631264892761,0.6982004936435291,0.6060931552170586,0.44411654493428976,0.8555410046608486,0.7192800974548862,0.7725086018775424,0.6272797085263622,115.02040333990551,116.13577350449471,114.03109038811893,115.45154630182591
2025-07-14,0.8151073321817935,0.6966751177917412,0.6056948762130129,0.44393063514281106,0.8522929192545646,0.7202037054091129,0.7715460324062586,0.6261306513572538,114.14556927927488,115.2527232193476,113.16248294075216,114.57264169953397
2025-07-15,0.813186739113288,0.6951458030919437,0.6052867582427387,0.44376136566050295,0.8490403152717406,0.7210906129745255,0.770618040207341,0.6249970657092399,113.2777563863649,114.37676396628082,112.30084520961773,113.70074767219215
2025-07-16,0.811331406880684,0.6935883668569738,0.6048491224754245,0.4436195015282437,0.845727663630678,0.7218874914581742,0.7697640127545864,0.623886376919768,112.41694222596358,113.50787156025753,111.44614183789848,112.83576642711562
2025-07-17,0.8094912416326735,0.6920452894120106,0.6044140943446833,0.44348063623269585,0.8424425359113256,0.7226810366703934,0.7689144199618803,0.6227839089777862,111.56308427114513,112.64600107587368,110.59834307706642,111.97777441678613
2025-07-18,0.8076668823999223,0.6905131990987607,0.6039844370952555,0.4433429032757451,0.8391862452693933,0.723467040028713,0.7680743799298282,0.6216909993079764,110.71619458214664,111.79116543826652,109.75746646380777,111.12678835356868
2025-07-21,0.8058557571814778,0.6889961037220629,0.6035578265460074,0.4432049727621593,0.8359555044344397,0.7242477298499964,0.7672386925286878,0.6206052158676743,109.8762112293302,110.94329962675994,108.92344455271166,110.28274164079576
2025-07-22,0.8040610981643549,0.6874888472249037,0.6031342988673426,0.44307117497556925,0.832751133006027,0.7250216367839756,0.7664104224326553,0.6195298686864277,109.04302000812119,110.10229248773854,108.09616741902416,109.44551813262912
2025-07-23,0.8022807858390878,0.6859942755091484,0.602714654517407,0.44293557827558894,0.829572159184837,0.7257878398990297,0.7655895672487605,0.61846285910374,108.21666503403435,109.26818352518715,107.2756776079122,108.6151639405529
2025-07-24,0.8005142896427105,0.6845138843696383,0.6022985220251517,0.4428021665981897,0.8264202477282921,0.7265503129972383,0.7647737994960704,0.6174041549082065,107.39697224925807,108.44079974179921,106.46180145343142,107.79150589695239
2025-07-25,0.7987612981627611,0.6830276002920206,0.6018902325902243,0.4426795356313481,0.8232743547748725,0.7272732456248415,0.763962831125043,0.6163568194116706,106.58395501483739,107.62017261242711,105.65454824649018,106.97453037816022
2025-07-28,0.7970202786365156,0.6815208930275425,0.6014936500703242,0.4425751378249817,0.8201116529118394,0.7279223171816217,0.7631510843345695,0.615321507796059,105.77760690737503,106.80631223073,104.85389848823026,106.1642008916706
2025-07-29,0.7952935300908869,0.6800266748839694,0.6011007971745429,0.4424732685330034,0.8169764747003109,0.7285676640998408,0.7623463604780591,0.6142952369337353,104.97776792049478,105.99902275151447,104.05971297380987,105.36041414906053
2025-07-30,0.7935805125802614,0.6785445133955008,0.6007119215868778,0.44237010799909127,0.8138667418587814,0.7292059539612142,0.7615489282190298,0.6132775123144731,104.18445806530467,105.1983213503633,103.27201059612327,104.5631903001899
2025-07-31,0.7919600876413516,0.6771107904266547,0.6003355190678369,0.4422156400589391,0.8107841598014577,0.7298647746367849,0.7607442627401702,0.6122805925831056,103.39785224383712,104.40432572539757,102.49094048212915,103.77268580303536
2025-08-01,0.7903853273429445,0.6757026651391069,0.5999670173798263,0.442039202126545,0.8077279521649946,0.7305267603691491,0.7599427098700462,0.6112973766437622,102.61779841821414,103.61691893363174,101.71636887480652,102.98875931885233
2025-08-04,0.788823113739774,0.6743068748699352,0.5996016628812896,0.44186273286694033,0.8046960598442036,0.7311830140551371,0.7591472437484972,0.6103223370781543,101.84408688034407,102.83591182302789,100.9480929594792,102.21120600803505
2025-08-05,0.7872744066839364,0.6729219591060944,0.5992391865448828,0.44168954218175027,0.8016895688493982,0.7318349846364168,0.7583584938142696,0.6093558958825132,101.07666498086314,102.06125495449949,100.18606313944234,101.43997441450315
2025-08-06,0.7857388004426397,0.6715471312348222,0.5988794350116019,0.4415180461557403,0.7987073485232111,0.7324811695167089,0.7575765963434946,0.608397182341128,100.3155768582998,101.29299284070034,99.43032410207755,100.67510787986947
2025-08-07,0.7842149628460914,0.6701847030643748,0.5985220796655873,0.4413473240234488,0.7957491102423063,0.7331222418106823,0.7568006240210636,0.6074458848741193,99.56072739773695,100.53102738842584,98.68077941105383,99.91650960091614
2025-08-08,0.7827039488039526,0.6688324133900074,0.5981679772404779,0.44117765659792807,0.7928152543830899,0.7337572227345025,0.756032140277288,0.6065037806446714,98.81202647048919,99.77526781836042,97.93734074164047,99.16409048090324
2025-08-11,0.781205167028599,0.667491542568913,0.5978163178146899,0.4410085280245831,0.7899046088514984,0.7343868201923688,0.755269491870451,0.6055687390703777,98.06946476973145,99.02570392451798,97.19999739425698,98.4178413313029
2025-08-12,0.7797194603573924,0.6661608951770246,0.5974673689875244,0.4408434576860739,0.7870183703974031,0.7350129075456006,0.7545129380324049,0.6046412660313705,97.33298523507489,98.28228290115764,96.46869441551455,97.6777041619011
2025-08-13,0.7782449946150304,0.664841081887261,0.5971217383857884,0.4406769657111481,0.7841549912962765,0.7356318782045771,0.7537628913428269,0.6037213436146229,96.60257495848603,97.54498669761546,95.74341845684229,96.94366590939472
2025-08-14,0.7767834318696184,0.6635314363145195,0.5967787801543171,0.4405128816665521,0.7813148669028421,0.7362465504382997,0.7530184497504318,0.6028099271179141,95.87809782150144,96.8136791800386,95.0240324432809,96.21558954614372
2025-08-15,0.7753341261158796,0.6622325357435677,0.5964388093490228,0.4403510250041761,0.7784990256892456,0.7368574389676946,0.7522803245049368,0.6019052572569963,95.15957280658945,96.08838220579729,94.31055855667726,95.49349688781375
2025-08-18,0.7738966295308157,0.6609437922904959,0.5961010334635598,0.4401902094135969,0.7757050685683676,0.737462556806136,0.7515480700882649,0.6010080358515539,94.44696253404726,95.36905548011806,93.60295769291083,94.77734673230066
2025-08-19,0.7724706083385048,0.6596659144989077,0.5957656804245927,0.44003003644488003,0.7729332595873243,0.7380622776686233,0.7508221143536995,0.6001182463723318,93.74017976127342,94.6556096403638,92.90114287999697,94.0670517202327
2025-08-20,0.771056862242297,0.6583980339189539,0.5954327203570439,0.43987076550298176,0.770183508375828,0.7386565967212196,0.750102235103659,0.5992363283049753,93.039182435001,93.94800289958147,92.20507210023466,93.36257047048575
2025-08-21,0.7696541632883088,0.6571415370177995,0.5951022410494832,0.43971329250967395,0.7674567364279615,0.7392474356676678,0.7493879334921505,0.5983605973559933,92.34393538233665,93.24620067289842,91.51471190457171,92.66386923065798
2025-08-22,0.7682628182041272,0.6558948793036641,0.5947743879415069,0.43955711991542346,0.7647518009024322,0.7398326667498861,0.7486797343749114,0.5974920177548841,91.65441266190186,92.5501776518865,90.83003629990971,91.97091954276836
2025-08-25,0.766882747654401,0.6546579032551074,0.5944486524233524,0.43940076708156395,0.7620674426442019,0.7404113270609639,0.7479773095362809,0.5966311489355551,90.97053412652042,91.85985006000236,90.15096417484547,91.28364005674594
2025-08-26,0.7655149147380921,0.6534306083536636,0.5941256387887276,0.4392467716863767,0.7594056375056241,0.7409866139337796,0.7472811265044788,0.5957776398064181,90.29224438405606,91.17516459329572,89.47744196900993,90.6019779370802
2025-08-27,0.7641578706724413,0.6522139233347171,0.5938050834005283,0.43909372364229327,0.756765707345855,0.741557328587123,0.746590771155714,0.5949303168869058,89.61955606395513,90.49613400273394,88.80948317973412,89.92594583579645
2025-08-28,0.7628121986292405,0.6510059363917264,0.5934868807308401,0.43894226192940156,0.7541464668089387,0.7421222126015107,0.7459065121196902,0.5940910182195609,88.95237905082647,89.82266654977272,88.1469971287557,89.25545073357995
2025-08-29,0.761450769078147,0.6497858607010172,0.5931867702562775,0.43878883840512983,0.7515636796273727,0.7426691744174655,0.7452570694485587,0.5932917759698955,88.29066904731071,89.15475426030119,87.48996701241043,88.59044903867789
2025-09-01,0.7600934188311089,0.6485704075641385,0.5928929963249993,0.4386357809319462,0.7490059217337314,0.7432089471246631,0.7446203287734832,0.5925078394981858,87.63437132745811,88.49231402453903,86.83831818355763,87.93088695975507
2025-09-02,0.75874654341207,0.6473650613373649,0.5926019001909658,0.43848385465250483,0.7464692367840634,0.7437447065767103,0.7439893109512214,0.5917301671327044,86.98346227351105,87.83531274590484,86.19202107087901,87.27674101863927
2025-09-03,0.7574107096318495,0.6461690743380379,0.5923128500743239,0.438332331729811,0.7439520268795731,0.7442746644296071,0.7433634651249899,0.5909590015964525,86.33791413507109,87.18372224317723,85.55104614558213,86.62798086105087
2025-09-04,0.755955267342484,0.6450342309339883,0.5920236488376011,0.43808884863254327,0.7414256124480184,0.7449520169509033,0.7426671600669172,0.5901203787869636,85.69786529502872,86.5374926788093,84.91559048902089,85.98489562424624
2025-09-05,0.7545031906128578,0.6439124309431086,0.5917371893563507,0.4378411361829072,0.7389187385146491,0.7456347350413822,0.7419717399142332,0.589283277952277,85.06309794048452,85.89658390463102,84.28538311267022,85.34712827743628
2025-09-08,0.7530628386528045,0.6427997616168819,0.5914531335881387,0.4375952379728284,0.73643223484882,0.7463115131824923,0.7412817572114985,0.5884531111632576,84.43353415305063,85.26092931955573,83.66034175952211,84.71458890054772
2025-09-09,0.7516343536631603,0.6416951410442837,0.5911717315604997,0.4373510250152529,0.7339659851037698,0.7469822551449451,0.7405980955388387,0.5876301091034069,83.8091643304114,84.63051897184025,83.04045803192491,84.08726805309347
2025-09-10,0.7502172808069202,0.6406000989313672,0.5908926004509153,0.43710818086921266,0.731519983257911,0.7476481299304866,0.7399200785946733,0.5868136363334269,83.1899560914767,84.00531987820278,82.42569898174092,83.4651335015996
2025-09-11,0.7488072135011731,0.6395167522810161,0.5906122703980289,0.43685812374165234,0.7291010420005247,0.7482845136229609,0.7392413286719572,0.5859946997531558,82.57582307374521,83.38524815257429,81.81598181706227,82.8480831075598
2025-09-12,0.7473972493754945,0.6384491637057428,0.5903261583656646,0.436585927599061,0.7267187498877109,0.7488562929429222,0.7385524799108139,0.5851580114370836,81.96675605527992,82.77029975114687,81.21130130210342,82.23608637840829
2025-09-15,0.7459996641554022,0.6373902557260755,0.5900417724498696,0.4363167923788528,0.7243549452043078,0.7494227854239551,0.7378688040809884,0.5843272330590257,81.3627061931015,82.16041807168183,80.6116008688158,81.6291299277119
2025-09-16,0.7446603602717926,0.6363313422684937,0.5897323636684967,0.43608106533496105,0.7220404668087118,0.7500284906537623,0.7371926622801241,0.5834719033168319,80.76362349756964,81.5555930304196,80.01686468691653,81.02718747403205
2025-09-17,0.7433392364089247,0.6352823165494978,0.5894175993171643,0.43584717996790034,0.7197545555608648,0.750642847018894,0.736520779572573,0.5826139562066899,80.16949219617916,80.95576694886223,79.42705223443791,80.43022710793169
2025-09-18,0.742195097334471,0.6338341635182554,0.5890108139363844,0.4352438165008311,0.7174422807050352,0.7508814582381812,0.7358634102112529,0.5817272003922238,79.58061215711433,80.36051367246829,78.84226012297519,79.83799907249345
2025-09-19,0.741069746512559,0.6323736113716854,0.5886019427914094,0.43462177377925515,0.7151462309057702,0.7510956251321151,0.7352126682652258,0.5808451141279627,78.99663656975288,79.77017391113691,78.2623278886365,79.25067073768876
2025-09-22,0.7399534547040895,0.6309254316968116,0.5881959744505146,0.4340046291995451,0.712868626383525,0.7513082774069207,0.7345667277539276,0.5799702686826418,78.41746577194317,79.18469103010518,77.68716670746815,78.66817386904756
2025-09-23,0.7388461463286987,0.6294888531301959,0.5877935453335871,0.43339238019654347,0.7106097122318579,0.7515186975108191,0.7339272014502434,0.5791030647976103,77.84305959975282,78.60402435561866,77.11673828266728,78.09046909418647
2025-09-24,0.7377471619499852,0.6280645662825477,0.587394188393476,0.4327837855913853,0.7083685471559636,0.7517268006823067,0.7332930947229384,0.5782424075555437,77.2734272742958,78.02818304492553,76.55105081928535,77.51756502367772
2025-09-25,0.7366563096563797,0.6266519801336541,0.5869979877214754,0.4321800985213117,0.7061459267715445,0.7519330082845926,0.7326639212888477,0.5773885376370609,76.70848917176147,77.45708706750574,75.99002602564852,76.9493822501698
2025-09-26,0.7355743869140526,0.6252505699541271,0.5866049826510057,0.43158085911698796,0.7039411955857896,0.7521369524953306,0.73204051957354,0.576541833595831,76.14823482993341,76.89072558014661,75.43365342783343,76.38590972935295
2025-09-29,0.7345010952338501,0.6238607489450891,0.5862143242716579,0.4309863539017974,0.7017541593196529,0.752339437559176,0.7314214377266308,0.5757019647316934,75.59260792116233,76.3290418513123,74.8818758421334,75.8270903333685
2025-09-30,0.7334366884842588,0.6224817659116593,0.5858269083512172,0.43039687817350136,0.6995848309542217,0.7525397859472899,0.730808098522852,0.5748689948893062,75.04157103827102,75.77199877165155,74.33465754787369,75.27288691061342
2025-10-01,0.7323803018422704,0.6211149546625603,0.5854427694886958,0.4298106275449006,0.697433038681469,0.7527381439845348,0.730199621083438,0.5740420242722764,74.49512083447812,75.2195914881944,73.79199414142428,74.72329649792891
2025-10-02,0.7313326517624513,0.6197589801958048,0.5850613691725498,0.4292296341090801,0.695298714705289,0.7529349027865883,0.7295957533694228,0.5732221290722066,73.95316858213626,74.67173132289574,73.2537974241511,74.17822908815087
2025-10-03,0.7302941126408383,0.618413310855144,0.5846827507456579,0.4286539237375141,0.6931817169641302,0.7531296716823469,0.7289974781915196,0.5724091376084657,73.41572685819065,74.12843137319324,72.72008095096264,73.63769748250392
2025-10-06,0.7292632718389115,0.617079381357545,0.5843070639561304,0.4280818450436076,0.6910817581510641,0.7533225659971178,0.7284036784792021,0.5716020924253882,72.8827531497393,73.5896475154584,72.190801281571,73.10165903786934
2025-10-07,0.7282408538820172,0.6157562418122446,0.5839341548480225,0.4275144149883502,0.6889988320692587,0.7535135389613744,0.7278151962542136,0.5708014282238234,72.35418932488464,73.05532031744167,71.66590107923662,72.57005575093027
2025-10-08,0.7272267514761231,0.6144443940959954,0.5835637770974546,0.4269507775452993,0.6869326238007386,0.7537028313981672,0.7272318204368349,0.5700070129138639,71.83003558077601,72.5254503700568,71.14538034322008,72.04288764889168
2025-10-09,0.726220653634838,0.6131435133334635,0.583196368219323,0.42639211814866174,0.6848838353939773,0.7538911580097246,0.7266525281099885,0.5692184596755157,71.3102222769868,71.99996859249671,70.62917022812482,71.5200852256996
2025-10-10,0.7252225334200696,0.6118532700536476,0.5828318779612659,0.42583755276640145,0.6828516844605986,0.7540772268664363,0.7260784019280442,0.5684359601030384,70.7947377486745,71.47886278957945,70.11725990566103,71.00163645458493
2025-10-13,0.7242318689155184,0.6105740590932012,0.5824700148759893,0.4252864290516073,0.6808357936833408,0.7542614466534853,0.7255089525654557,0.5676594969962976,70.28354179099489,70.96209159738765,69.6096084311446,70.48750071994938
2025-10-14,0.7232496783546983,0.6093046452757791,0.5821105495423756,0.4247404924320918,0.6788364751658461,0.7544440002563347,0.7249447449922866,0.5668900183850745,69.77658839112563,70.44960996812263,69.10617103302694,69.9776312260294
2025-10-15,0.7222756305614798,0.6080455551043904,0.5817537642514187,0.4241989096499065,0.6768533267248728,0.7546246783570768,0.7243855254932992,0.5661267396368852,69.27388327031446,69.94142321654628,68.60695281671647,69.47203369805376
2025-10-16,0.7213090428844336,0.6067970006521701,0.581399381477553,0.4236614206099997,0.6748858785726507,0.7548032402658363,0.7238306793470592,0.5653699651640778,68.77534958211511,69.43745321912407,68.11187740079035,68.97063078201087
2025-10-17,0.7203540484620669,0.6055581629052058,0.5810404704841722,0.4231320789948153,0.6729219115158395,0.7549748422899384,0.7232881578207564,0.56461626084452,68.28098308759888,68.93766916633547,67.62091392366298,68.47343088023736
2025-10-20,0.7194115741760264,0.6043296918465677,0.5806736020116247,0.4226127883961429,0.6709566482706463,0.7551388129510189,0.7227588391425386,0.5638635953476578,67.79075493552871,68.44203324345463,67.13402319085588,67.98040806887013
2025-10-21,0.7184769127966898,0.6031107667679196,0.5803093845198742,0.4220981660110116,0.6690071788623836,0.7553007907677073,0.7222343387986798,0.5631173368269955,67.30460925726267,67.95052556611594,66.65118808661637,67.4914900544184
2025-10-22,0.7175495477949682,0.6019019562798438,0.5799475765088619,0.421586613983825,0.6670727156010602,0.7554608114349318,0.7217146450559377,0.5623773275379571,66.82254068544317,67.46313917443742,66.17240295753078,67.0066710369637
2025-10-23,0.7166296971874969,0.6007030393355055,0.5795876610311582,0.42107914666977775,0.6651533039725394,0.755619325874822,0.7211989695864072,0.5616434466678926,66.34448851148251,66.97981243357738,65.69760656863679,66.52588947570669
2025-10-24,0.7157172070745667,0.5995137639418449,0.5792303823172983,0.42057607023604404,0.6632498675231854,0.7557763041481603,0.7206879874984613,0.5609157634678796,65.87043029659122,66.50052476739795,65.22677878476766,66.04912413810004
2025-10-27,0.7148117424189194,0.5983345986582898,0.5788753018947567,0.42007659944103215,0.6613614961069255,0.755931786995708,0.7201813856718189,0.5601940641259946,65.40033445951363,66.02524231899459,64.7598865818172,65.57634245413863
2025-10-28,0.7141131084764037,0.5969003195994516,0.5782435833391383,0.4194503210913306,0.6596251055986991,0.7560834529032027,0.719487685644663,0.5592232689061791,64.93400499165706,65.55370831385581,64.29710930193005,65.10749109217807
2025-10-29,0.7136963506090536,0.5951122169190683,0.5772300243004046,0.41864729341063744,0.6580917852003184,0.7562306957096959,0.718534450120927,0.5579064287428925,64.47139181756349,65.0858495220934,63.838536942093604,64.64257395312414
2025-10-30,0.7132823082385357,0.5933396327585383,0.5762243196637756,0.41785065599629545,0.6565707701938129,0.7563767899422146,0.7175889206483046,0.5566000966907501,64.0126498412705,64.62190566077095,63.38380246296745,64.18154643522317
2025-10-31,0.7128715617180054,0.5915814083970583,0.575226556400369,0.41706007201695783,0.6550612481786343,0.7565205243351384,0.716652024925849,0.5553047265327382,63.55774031190975,64.16183751871829,62.93286778017322,63.72436906896349
2025-11-03,0.7124637649914672,0.5898386796274162,0.5742365918060041,0.41627507136871944,0.6535633786438838,0.7566626711319223,0.7157223404263282,0.5540189576551267,63.10662018220007,63.70560074263787,62.48568861150699,63.27099897069097
2025-11-04,0.7120588650743859,0.5881106236555125,0.5732552473623737,0.4154961788002999,0.6520777750252321,0.7568030394756894,0.714800355324692,0.5527433640273072,62.65927174105634,63.25317863354391,62.042248566265265,62.82141948534147
2025-11-05,0.7116561409305336,0.5863973909873481,0.5722827579545003,0.41472256731986146,0.6506043505246927,0.7569413969734605,0.7138860958703293,0.55147755702149,62.215678841255205,62.80455503616989,61.602532354705104,62.375614993716816
2025-11-06,0.7112557137068213,0.584698845101447,0.5713181087714699,0.4139546349417408,0.6491425277394104,0.7570785811803845,0.7129790836645806,0.550221616126664,61.77579567954873,62.359683057922815,61.16649389254416,61.93353804982306
2025-11-07,0.7108580014666793,0.5830146933981764,0.5703611946282668,0.4131925760954397,0.6476922801075057,0.7572139451173724,0.7120800541117678,0.5489757056780893,61.33958954992357,61.918529769817304,60.73410122179769,61.49515589478377
2025-11-10,0.7104629298691144,0.5813453061304685,0.569412349503526,0.4124359301468429,0.6462536837373959,0.757347764500308,0.7111881722731797,0.5477389861405524,60.90704749942184,61.48108155651777,60.30534054560097,61.06045600019616
2025-11-11,0.7100701670593416,0.5796904157204164,0.568471063591183,0.41168513385468,0.6448269976164825,0.7574805201125291,0.7103030208222321,0.5465115074453577,60.478119608385995,61.04728837026709,59.88016297232663,60.629387811766
2025-11-12,0.709680309052697,0.5780490454720986,0.5675366669360801,0.41094031362812655,0.6434113205987871,0.757611749917566,0.7094248891976089,0.5452939208312293,60.05278769729443,60.617132056424424,59.458550621154956,60.201932008602796
2025-11-13,0.709288010008427,0.5764427692958609,0.5666259720921875,0.4101985899395454,0.6420177980488856,0.7577603773015599,0.7085510147796645,0.5440682882487817,59.6311678120341,60.190672906516845,59.040577644461045,59.778236644002
2025-11-14,0.7088869106783077,0.5749626622704831,0.5657243360336212,0.4094478625552961,0.6406368639256824,0.7580346916555943,0.7076304692568414,0.5427928327937501,59.21337758977215,59.767837125479815,58.62626570572939,59.35840807028945
2025-11-17,0.7084890217477949,0.573501315169322,0.5648263591538648,0.4087019811814835,0.6392645245022953,0.7583154998468377,0.7067128040576267,0.5415254460108707,58.79911170551436,59.348554729896485,58.215443835582555,58.942115561029816
2025-11-18,0.7080336220962976,0.5720118040550151,0.5639369412860223,0.4078283162819544,0.6378907235929073,0.7585324754467438,0.7057448750909212,0.5402663241767394,58.388236822019344,58.93284528348265,57.80807756814426,58.52919286201625
2025-11-19,0.7075763001618586,0.5705313354325501,0.5630547764992718,0.40695039326936244,0.6365268947869792,0.7587420065733544,0.7047799695976247,0.5390172846874026,57.980835996426144,58.520662609296046,57.404164587092566,58.119757632611666
2025-11-20,0.7071220560178403,0.5690639223191909,0.5621798151807135,0.40607900713217926,0.6351739424635562,0.7589493278350322,0.7038227947628872,0.5377776765690712,57.57689108703465,58.11197545766156,57.0036781625099,57.71379501742884
2025-11-21,0.7066717030884441,0.5676084285551501,0.5613116681815135,0.40521479238993174,0.6338314127863628,0.7591544903918467,0.7028735719069727,0.5365483601568946,57.17638098318065,57.706762910501794,56.60659727011867,57.31128299084333
2025-11-24,0.7062251143493327,0.5661651305006625,0.5604504494850876,0.4043572496141493,0.6324994777682121,0.7593580327417805,0.7019321520697099,0.5353290115327733,56.77928565568506,57.305004070504644,56.21290200285649,56.912201787898475
2025-11-25,0.7057819361130485,0.5647341211235524,0.5595964415791032,0.40350659340092265,0.6311786231753084,0.7595600853318184,0.7009984273664622,0.5341198079117739,56.38557070478596,56.906664818269334,55.82255851334205,56.51651727604554
2025-11-26,0.7053421598117132,0.5633155920241926,0.5587494216188938,0.4026622149632547,0.629867859354898,0.7597600085251898,0.7000726219497153,0.5329204897626452,55.99522647783914,56.511735062490914,55.43555706711587,56.12421925899799
2025-11-27,0.7049055439943351,0.5619097944307787,0.5579089607017914,0.40182413269475326,0.6285672817201232,0.7599587708144843,0.6991541966313599,0.5317303871180596,55.608218398727,56.12017919633215,55.05186317810149,55.735272801370975
2025-11-28,0.7044717159815167,0.5605167126868775,0.5570753044308884,0.40099256841202313,0.627277269067886,0.7601559260850549,0.698243352675026,0.5305494092698497,55.224510192685294,55.731961406755616,54.671441791752166,55.34964202300997
2025-12-01,0.7040418382423984,0.559134638761976,0.5562480542424376,0.4001679849399892,0.6259970231877147,0.7603509577275042,0.6973403602610277,0.5293782017601754,54.84407031296689,55.34705049444377,54.29426101308763,54.96729451872489
2025-12-02,0.7036150553584656,0.5577643531932528,0.5554275329812591,0.39935023414506643,0.6247267962416237,0.76054417393349,0.6964447392866884,0.5282160427589035,54.466877263513,54.9654243557478,53.92029976043799,54.588209233512785
2025-12-03,0.7031915405452215,0.556405680704614,0.5546128490341654,0.39853996458568497,0.6234660490265042,0.7607352481218047,0.6955567096593751,0.5270633607176016,54.0929042414035,54.58705690321875,53.54953184316733,54.21235789137838
2025-12-04,0.7027709159552004,0.5550592250834991,0.5538039866155441,0.39773636935988244,0.6222151580405445,0.7609242363760614,0.694676244551061,0.525919555256559,53.722124009724,54.21191899901995,53.18192980966898,53.83971414855142
2025-12-05,0.7023538888275495,0.5537239243497769,0.5530011582298405,0.3969394402549754,0.620973860226974,0.7611110925086176,0.693803689997621,0.5247851763173557,53.35450245877305,53.83997573896353,52.81745932685043,53.47024353816542
2025-12-08,0.7019406838724619,0.5523992825785229,0.5522048497630131,0.3961494573548402,0.6197422862364564,0.7612962295578675,0.6929387701529945,0.52366009002933,52.99003323334236,53.47122279235398,52.45611477056513,53.10394006796279
2025-12-09,0.7015306998375165,0.5510860181979609,0.5514146100799725,0.39536610389720084,0.6185200766095972,0.7614796304938299,0.6920808189390539,0.5225441066277163,52.62869291708072,53.105635256057646,52.09787263567705,52.740779494917525
2025-12-10,0.7011229323134042,0.5497854071080419,0.5506303549858745,0.3945875682374361,0.6173069824220002,0.7616611978931721,0.6912303581527985,0.5214364745406865,52.27044875536319,52.74317754938604,51.74270061913621,52.38072946034097
2025-12-11,0.7007312016364479,0.5484890125421287,0.5498348665047533,0.39381540810494553,0.6160876501423288,0.7618428768914435,0.6903834979349355,0.5203396724837968,51.91528694048387,52.38384232731544,51.39058670354569,52.02375828147119
2025-12-12,0.7004385951533277,0.5471131294212155,0.5489195311197482,0.39308654617170824,0.6147960353302441,0.7620907603798152,0.6895697224360597,0.5193315651814978,51.563150844210014,52.027590516815536,51.04154551241997,51.66967226106078
2025-12-15,0.7001346360924746,0.5457412136993787,0.5480291580566924,0.39237652105921084,0.613543308747715,0.7623562085013406,0.6887900899188331,0.5183569065555738,51.21395590572916,51.67430192270206,50.695443279791206,51.318550277661124
2025-12-16,0.6998250058588203,0.5445319985341637,0.547231243290521,0.39163403005638464,0.6123804156959168,0.7626920491059405,0.6880052672041352,0.5173294345109571,50.86801923477037,51.32412876439983,50.3524681536999,50.97075038168804
2025-12-17,0.6995150695253814,0.5433836626999049,0.5464677383965529,0.3908849190544411,0.6112532847973798,0.7630495048333293,0.687223460324278,0.5162902743097679,50.525140456931254,50.97699002989353,50.012491219797305,50.62603921688868
2025-12-18,0.6992101381503059,0.5422533524943296,0.5457201426033765,0.39013523817318363,0.6101416051900682,0.7633961050697179,0.6864487516344968,0.5152584275298122,50.18521535450017,50.63283427096998,49.675436844023174,50.28430543325807
2025-12-19,0.6989074806040413,0.5411328092736813,0.5449789428060722,0.3893910842686509,0.6090389267656416,0.763739673263104,0.6856805685066263,0.5142347035639026,49.848223413790414,50.29164740276212,49.34129123024167,49.9455202166393
2025-12-22,0.698607256427387,0.5400214217046093,0.5442430559920909,0.3886531748459253,0.607944759122638,0.7640806154287832,0.6849188631972634,0.5132196549783421,49.51415025946056,49.95341517053462,49.01004079739046,49.6096676935481
2025-12-23,0.6983092179194822,0.5389194919502405,0.5435124283625302,0.38792108988382445,0.606858797210478,0.7644186877813185,0.6841642191925694,0.5122134395403073,49.18296584360029,49.61810700188349,48.68165608120429,49.27671747668513
2025-12-24,0.69801330195306,0.5378268611878101,0.5427874063632968,0.38719460074649403,0.6057809885741994,0.7647536132944123,0.6834164770578499,0.5112157029764639,48.85465395126618,49.285705958703225,48.35612050627651,48.94665387300565
2025-12-25,0.6977120292170628,0.5367493477794296,0.5420793318209746,0.3864651762476369,0.6047150107740163,0.7650852194229735,0.6826977872881148,0.5102349895482938,48.52917893227281,48.956156917417374,48.03339861609994,48.61946524542361
2025-12-26,0.6974058996554621,0.5356868656283367,0.5413869758468531,0.3857336676565827,0.6036604707407921,0.7654140919571949,0.6820068364647409,0.5092707403946579,48.206511625050226,48.629431602279176,47.71346127741206,48.29512012416715
2025-12-29,0.697102197230219,0.534633352686152,0.5406995886925913,0.3850082642209066,0.6026139532837174,0.7657396460100249,0.6813220909158948,0.5083146293657554,47.88661891538987,48.305515005164125,47.39627564530156,47.97356247082544
2025-12-30,0.6968010004985193,0.533588644895961,0.54001644878634,0.3842893561497097,0.6015754055877096,0.7660630167287826,0.680643045001839,0.5073667091632605,47.56947915743171,47.98438497732383,47.081820422901544,47.65476966308588
2025-12-31,0.6965026397633111,0.5325525808258305,0.5393380438197398,0.38357648844262526,0.6005442744099192,0.7663836043797024,0.6799697515099381,0.5064264937293235,47.25507522565619,47.666023751402854,46.770077629405236,47.33872472822619
2026-01-01,0.6961754498715694,0.5315429819078052,0.5386855139198822,0.38280887478457204,0.5995063912942992,0.7666893499687805,0.6792983707951539,0.5054755611379596,46.943569008680406,47.3506249427621,46.46122739110792,47.025605580611305
2026-01-02,0.6958343230935838,0.5305517306143779,0.5380486030063344,0.3820161547334723,0.5984695622790599,0.7669869786451778,0.6786303581081026,0.5045225854286752,46.63485384792268,47.038065437363386,46.15515463289104,46.715298915149916
2026-01-05,0.6954951760041047,0.5295692071837264,0.537416581282394,0.3812293368142371,0.5974410277268297,0.7672823227798328,0.6779678022555353,0.5035771945814955,46.32880945026353,46.728209497149734,45.85173077685476,46.4076761830846
2026-01-06,0.6951582127857218,0.5285952443603652,0.5367887803093664,0.3804494994301678,0.596420203363111,0.7675751919600556,0.677310703058561,0.5026394717545772,46.02543464291272,46.421056590019525,45.55095495165755,46.10273503432154
2026-01-07,0.6948233699275327,0.5276302547872653,0.5361650471315876,0.3796762953922791,0.5954069376016464,0.7678658965346775,0.676659472622706,0.5017095737702388,45.72472753442028,46.11660410663405,45.25282536880444,45.80047305463831
2026-01-08,0.6945577981505343,0.5266500145732564,0.535533395325167,0.3789206685133365,0.5943859902791064,0.7681725311962596,0.6760379149240217,0.5007986302497418,45.42670936816457,45.81478704814305,44.95731519635504,45.50089119392447
2026-01-09,0.6943408879814331,0.5256616658495461,0.5348977402948379,0.37817852646139694,0.5933620813121875,0.7684896155420028,0.6754390035820161,0.49990329459659577,45.1313325384497,45.51558276900014,44.66439183219908,45.20394824898486
2026-01-12,0.6941254278443928,0.5246822431895923,0.534266973215677,0.37744188876031337,0.5923458580918299,0.7688039273633794,0.6748456080367409,0.4990152800302353,44.83853652816911,45.21899144851699,44.37402852755972,44.909598501969995
2026-01-13,0.6939111049830712,0.52371170470637,0.5336408377266323,0.37671085594174103,0.5913374106787859,0.7691157182136966,0.6742577329625328,0.49813464146545944,44.54830578324199,44.92499769708819,44.08621039004278,44.61782603101569
2026-01-14,0.6936975366159571,0.522750806339612,0.5330194104670273,0.3759848968454832,0.5903371096299879,0.7694252889653969,0.6736749502730857,0.4972605278888615,44.260629152716675,44.633589259858994,43.80092612182712,44.32862045000144
2026-01-15,0.6934852952504412,0.5217987279096092,0.5324023887307298,0.3752643820549516,0.5893446031771381,0.7697329452246032,0.673097243493838,0.496393540637509,43.97547490359913,44.344733858786974,43.518144119712865,44.04194906861273
2026-01-16,0.6932748772630423,0.5208550709649209,0.5317896104712291,0.3745503062067942,0.5883598648985215,0.7700385799018331,0.6725245792208265,0.49553389103779333,43.692827069432276,44.05841680629821,43.237848399478224,43.757795301715
2026-01-19,0.6930662587815143,0.5199195231551808,0.5311810442544759,0.3738421609045629,0.5873823216727475,0.7703414526858351,0.6719575401008189,0.4946819181158757,43.412669488226776,43.77462113089829,42.9600228422959,43.47614295643294
2026-01-20,0.6928585975329254,0.518992366612143,0.5305773123803291,0.3731394454961777,0.5864126425887483,0.7706417387843526,0.6713956760572395,0.49383683189036187,43.13496422534482,43.49330895518188,42.68463043791348,43.196955514338086
2026-01-21,0.692651761452595,0.5180738666423874,0.5299784686245591,0.37244153703588123,0.5854509246476549,0.7709397800922607,0.6708386368347439,0.4929985634766066,42.8596937957473,43.21446177279994,42.411653212141545,42.920215872838604
2026-01-22,0.6924455637415022,0.5171639454112889,0.5293843437879965,0.37174851256126107,0.5844970900501546,0.7712358518174,0.6702858651978563,0.49216679030832733,42.58684197475924,42.93806327924649,42.14107516064858,42.645907647058856
2026-01-23,0.6922404973935642,0.516261937821932,0.528794806859001,0.3710611570957899,0.5835510616199863,0.7715296472843524,0.6697375698607455,0.49134162198404435,42.31637365318499,42.664078583557874,41.872861632324984,42.3739950525251
2026-01-26,0.6920366772725691,0.5153680501007771,0.5282095228754079,0.3703793048937051,0.5826122441612963,0.7718209603302685,0.669193853394773,0.49052310410378697,42.04825751580369,42.39247586592436,41.606981276765964,42.10444590753729
2026-01-27,0.6918749063443365,0.5145429253016582,0.5276326535610764,0.369811436409175,0.5816850802198531,0.7721518809780735,0.6687033478165587,0.4896385711656737,41.78267836128913,42.1233679708247,41.343553734573184,41.83746941817363
2026-01-28,0.6917612675915411,0.5136764554769209,0.5270296895707761,0.3692358375571906,0.5806943920562764,0.7724447170343568,0.6681842754632972,0.48878263568358404,41.51928416069421,41.856546205225946,41.0822688118767,41.57265204301398
2026-01-29,0.6916443838904668,0.5128148685559384,0.5264341025131921,0.36866492354185365,0.5797086309335066,0.7727329492327398,0.6676775498138865,0.48793781776236256,41.2581859450232,41.59204606438084,40.8232619864608,41.3101395038461
2026-01-30,0.691517644696814,0.5119754557078813,0.525835484051126,0.36809174129729627,0.5787155063558888,0.7729866628614376,0.6672065781343259,0.48711869000986774,40.999407251147055,41.32987442026377,40.56656870961634,41.04994941827314
2026-02-02,0.6913716862928089,0.511175230947783,0.5252262838881109,0.367508223262658,0.5777015181139857,0.7731743174786664,0.6667995467846388,0.48634163013290044,40.74291536922601,41.0699796198981,40.31216820811419,40.792043266134606
2026-02-03,0.6912270106893325,0.510381683866258,0.5246207659615457,0.36692857830110037,0.5766944091150481,0.7733596077300916,0.6663957974612689,0.48557168358528896,40.488656305558294,40.81234569976214,40.05998229004412,40.53637920646886
2026-02-04,0.6910907990919118,0.5095870195796224,0.5240059015914368,0.3663457104517881,0.575689979795587,0.7735407208688007,0.6659931579083123,0.4848245874631386,40.23661735071954,40.556958678823186,39.8100031646058,40.28292417744791
2026-02-05,0.6909551270573792,0.5087992649272439,0.5233958692641566,0.3657673148457604,0.5746934173740189,0.773719976238408,0.6655941709146709,0.48408384721980136,39.98676525867432,40.30378743953124,39.56219379590259,40.03166752519821
2026-02-06,0.6908200976415239,0.5080177637324894,0.5227903327298691,0.365193716939186,0.5737047202182839,0.773897306496817,0.6651989941936838,0.4833499776938327,39.73908180653026,40.05281412361105,39.316536746676505,39.782590602821465
2026-02-09,0.6906857562713605,0.5072433632542219,0.5221889521368188,0.3646258118467117,0.5727238036604446,0.7740729926019839,0.6648071687961044,0.4826219762145238,39.49354274621987,39.80401272919653,39.07300661552244,39.53566859633843
2026-02-10,0.6905528060030165,0.5064754970379144,0.5215920991660341,0.36406342600547126,0.5717506560635932,0.7742472359585021,0.6644188441312229,0.4819000538808305,39.25013959332373,39.55737489499918,38.83159467841926,39.29089307183772
2026-02-11,0.6904207324851624,0.5057146968054966,0.521000257260595,0.3635054975054596,0.5707854403496376,0.7744200241575429,0.6640335344968529,0.48118343206150055,39.008848261759354,39.31287666738065,38.59227720034192,39.04824104016554
2026-02-12,0.6902893487286438,0.504960937853921,0.5204133884671611,0.3629516856710878,0.5698280110545849,0.7745912961804592,0.6636513005177249,0.4804724110078966,38.76965412890452,39.070502788930995,38.35503958676569,38.80769794643018
2026-02-13,0.6901579319180143,0.5042131516402881,0.5198313786053168,0.3624027203541832,0.5688783599796101,0.7747603038913907,0.6632724505029983,0.4797672016992788,38.53254989718554,38.830248903987226,38.11987666637145,38.56925628367443
2026-02-16,0.6900044331443415,0.5034160367960276,0.5192615072125379,0.36187503145081,0.5679291535301059,0.7748994373578563,0.6629149254230251,0.4791062549733795,38.29761733936948,38.59229325895749,37.88693683561327,38.33299333457737
2026-02-17,0.689852511399769,0.5026260897821089,0.518696233783788,0.361352850396894,0.5669877643087128,0.7750373445401065,0.6625605271026982,0.4784503482602327,38.06472860286908,38.356408224971595,37.656023293601784,38.09878488111463
2026-02-18,0.6897019912734229,0.501843097173438,0.5181351537511453,0.36083562988962925,0.5660538839440157,0.7751740232911098,0.6622092043621357,0.47779972299847956,37.833854986228154,38.12256476450831,37.427108018713746,37.866601691030986
2026-02-19,0.6895520623498771,0.5010674584607084,0.5175778697567054,0.36032216444247156,0.5651268379959751,0.7753096711937081,0.661860936572022,0.47715455558293385,37.60500544969342,37.89077005928374,37.20020011498618,37.636452447584524
2026-02-20,0.6894029038205997,0.5002994280435351,0.5170248771270842,0.3598125316680435,0.5642070041857575,0.7754439848668423,0.661516152125891,0.47651440414182045,37.37815791608943,37.661001708070785,36.9752773890237,37.40831583193787
2026-02-23,0.6892546445774644,0.49953856999077745,0.5164762758397573,0.359307070553082,0.5632948919009259,0.7755771358133153,0.6611743784766164,0.47587938031724414,37.15328768601524,37.43323580011433,36.752315575971494,37.18216752203261
2026-02-24,0.6891075798915268,0.49878432191656846,0.5159325349275233,0.35880554165167544,0.5623905852823937,0.7757091974135634,0.6608355351784616,0.4752495767663857,36.93037448229607,37.20745256469964,36.53129486224537,36.957987704971
2026-02-25,0.6889269820158556,0.49800936398062573,0.5153354291347084,0.3582878226106062,0.5614516806113016,0.775805236077029,0.6605046016044793,0.47463650369516625,36.70936179618199,36.98366431512634,36.31224558714613,36.73565775178371
2026-02-26,0.6887430420406927,0.4972382337070424,0.5147357326981084,0.35777168923907443,0.5605151968785972,0.7758963479341757,0.6601771482215342,0.4740299410790635,36.490267369130294,36.7618269060484,36.095108858576694,36.515249543968785
2026-02-27,0.6885610507053929,0.4964737567435214,0.5141410288138774,0.3572607226992234,0.55958687804258,0.7759866913019823,0.659852528478298,0.47342809564141636,36.27307970891189,36.54192027596784,35.87986151520137,36.29675955114878
2026-03-02,0.6883809816371184,0.495715823253623,0.5135510007202869,0.35675485338165036,0.5586660181827995,0.7760760360830724,0.6595306185515287,0.47283105404696435,36.057781257573694,36.32392651704167,35.66648583581778,36.080169024399495
2026-03-03,0.6882417755140039,0.49494216959268916,0.513004404371656,0.3562249259969784,0.5578331485502767,0.7761810604523106,0.6592435759307207,0.47227731458048106,35.84450237382377,36.10803628501626,35.45517146470607,35.86570146264424
2026-03-04,0.6881086234211514,0.4941720630916499,0.5124673801982247,0.35569586417911914,0.5570170586076609,0.7762869384433763,0.6589631965373451,0.47173331547477126,35.63310229489736,35.89405500529358,35.24572634825946,35.653134311338576
2026-03-05,0.6879763753708973,0.49340838988787533,0.5119354704084388,0.3551709171004406,0.5562078539981732,0.776391394131669,0.6586851886238612,0.47119364622158755,35.423539331507904,35.68193356998414,35.03810151720941,35.442415132004115
2026-03-06,0.6878452320196496,0.49265152853598576,0.5114076137699476,0.35465056580564747,0.5554050688514628,0.7764945205954307,0.6584098488211155,0.47065847516369,35.215821662337646,35.471679367216105,34.83230487281775,35.233550229509795
2026-03-09,0.6877149225845721,0.4919014603578787,0.5108832382726488,0.3541353684413121,0.5546080636165537,0.7765962512796204,0.6581373063885292,0.4701282412789734,35.00992917446053,35.26327217001424,34.62831666844907,35.02651802066263
2026-03-10,0.6875852257629386,0.4911583235114983,0.5103630257259962,0.3536245141213562,0.5538175071491923,0.7766972319858633,0.6578667656717037,0.4696024270281188,34.805835077013256,35.05668512287598,34.42611035934168,34.821293372721215
2026-03-11,0.6874566705975874,0.4904214674307586,0.5098470571850667,0.3531185481596505,0.5530338308310495,0.7767973080139182,0.6575986556766275,0.46908106592677046,34.603527514216225,34.85190700358908,34.22567460698717,34.617864752197384
2026-03-12,0.6873293519210902,0.48969099350983075,0.5093353896473444,0.35261764120839645,0.5522568823889801,0.77689629464509,0.6573327736041501,0.468563631254867,34.40298850687266,34.64891919482023,34.02699090551367,34.41621405967937
2026-03-13,0.6872032627232091,0.4889668657877208,0.5088280797495686,0.3521210198569039,0.5514862372397805,0.7769939651113283,0.6570692757722434,0.4680503386960475,34.204201290948234,34.44770468408559,33.83004266741413,34.21632453078932
2026-03-16,0.6870784527751338,0.48824863251067635,0.5083250746573038,0.35162901560650195,0.5507221762473062,0.7770906873466942,0.656808158072528,0.46754157307479893,34.00713757797872,34.248235501688804,33.634802245242895,34.018167696129254
2026-03-17,0.6869613644224005,0.4874947934230947,0.5078326660888477,0.3511569844176211,0.5500144112864616,0.7772105262235792,0.6565653934428833,0.4670423799161429,33.81165620183826,34.05037207856475,33.441166231402256,33.82166136653802
2026-03-18,0.6868455505375687,0.4867163854780225,0.5073561020456138,0.35069811160193975,0.5493456309486524,0.7773509798508941,0.6563280231747701,0.4665518965277996,33.61778302649806,33.854135074842375,33.24914652910003,33.62681817732982
2026-03-19,0.6867068041709775,0.4859293728602518,0.5069267055192778,0.3502357526078058,0.5486745847684127,0.7775221082756752,0.6560478977091083,0.46607525388010046,33.425670805062985,33.65965228007875,33.058858814177995,33.433775082079606
2026-03-20,0.6865694661492608,0.4851487536167283,0.5065010238878572,0.3497775760586871,0.5480091812500509,0.7776916288038126,0.6557705303500796,0.46560302065031706,33.23521022821757,33.466841812833586,32.87020733281132,33.24239162682089
2026-03-23,0.686433201156658,0.4843750589052091,0.5060785924407996,0.34932327383536077,0.5473493289772894,0.7778597611224106,0.6554955889665675,0.46513487053063407,33.04640074170635,33.27570293271163,32.68319145730012,33.05266685660015
2026-03-24,0.6862982620010413,0.48360778644199304,0.5056595212260618,0.3488733914725596,0.5466950653038614,0.7780262295860153,0.6552232348172344,0.4646707707427049,32.85923491732053,33.086228563405335,32.49780385677729,32.86459329715801
2026-03-25,0.6861648154861067,0.48284680028226595,0.5052439676055719,0.3484276557539594,0.5460460889637805,0.7781908040642701,0.6549535530595446,0.4642107415005763,32.67369342014598,32.89839879849169,32.31402497835206,32.67815137836595
2026-03-26,0.6860611408644263,0.4820575666884938,0.5048290315209203,0.34800638206220424,0.545391799771866,0.7783588588465805,0.6547067189393097,0.46376519081080375,32.48975189870616,32.71219738829885,32.13183197563696,32.493302243992424
2026-03-27,0.6859908927221895,0.4812354772618616,0.5044147269439316,0.3476124607356147,0.5447311595789384,0.7785308147495488,0.6544853258765376,0.46333529850837085,32.30739952427453,32.527614890566035,31.9512144688993,32.310033515826696
2026-03-30,0.6858899173832719,0.48043010042719386,0.5039980491647849,0.3472099865884959,0.5440832513734795,0.7786933241113302,0.6542494086397396,0.4629236051667732,32.12665494023738,32.344621180606254,31.77216421598021,32.128370045166726
2026-03-31,0.6857872758550095,0.4795887678762834,0.503536384943405,0.34696495521081605,0.5434043089119001,0.7788934831667077,0.6541751109552393,0.46276029895282095,31.947635295908704,32.16313362583884,31.59467746139627,31.948220944520564
2026-04-01,0.6856866068085606,0.4787786571512565,0.5030216050921417,0.3467355462787233,0.5427132321145064,0.7791231028887021,0.6541379739662098,0.4626314980969221,31.770290248606447,31.983222942010727,31.418803988513027,31.769676707807438
2026-04-02,0.685582657560121,0.4779861865511044,0.5024976245519863,0.34650067973362897,0.5420262858702986,0.7793559297192058,0.6540998788358855,0.46250083314480567,31.59452069883117,31.804885485257785,31.244485153516944,31.59270809772158
2026-04-03,0.685479845231857,0.47720037688854594,0.5019780468993693,0.3462675805279146,0.5413452447713294,0.7795869774443919,0.6540624688719651,0.46237146946880925,31.420288465122898,31.62810700974146,31.071690879957714,31.417287192523112
2026-04-06,0.685378124094124,0.4764211377711784,0.5014630809182195,0.34603662633348364,0.5406700845732153,0.7798162950795119,0.6540253951160095,0.4622434784520784,31.247572545833258,31.452867274695254,30.90040054210163,31.243392859881567
2026-04-07,0.6852772464555431,0.4756491407162092,0.5009532602485889,0.34580708951000927,0.540001241320976,0.780043768385836,0.6539883536260866,0.4621161562092741,31.07636484227906,31.279158648460086,30.730606348063787,31.071018131497603
2026-04-08,0.6851645467942847,0.4748874509801117,0.5004414030156011,0.34557742707416905,0.5393373835833645,0.7802813959121596,0.6539542705387538,0.46200456810373675,30.90671245208428,31.10699818668831,30.56235424441165,30.90020488311851
2026-04-09,0.6850340439866885,0.47413714411510866,0.4999247053187582,0.3453474583285897,0.5386786387818117,0.7805356221110921,0.6539242351224214,0.4619154444446943,30.738638094145557,30.936395793558354,30.3956675209788,30.7309749217072
2026-04-10,0.6849268701097956,0.47339806342685486,0.49941357062708613,0.3451526400284214,0.5380052940943904,0.7808239603921089,0.6538607568396261,0.4617413093000316,30.572009700442635,30.767380145324726,30.23044209949392,30.563212266828263
2026-04-13,0.6848298139295089,0.4726675984682302,0.49890754102851653,0.34497318640309527,0.5373295427910566,0.7811254098053416,0.6537833551431926,0.46153247876567066,30.40683225491161,30.599886908884347,30.066667291635525,30.396915699019985
2026-04-14,0.6847341639566239,0.4719431493409524,0.49840660692763106,0.3447952531953832,0.5366599202180657,0.7814243011893155,0.6537066804414675,0.46132526252944694,30.243116531310964,30.433876706997832,29.904342095617267,30.232091561615828
2026-04-15,0.6846395366112931,0.47122473436467655,0.4979100778868918,0.3446187660107356,0.5359961398802534,0.7817208634796825,0.6536308616868626,0.4611202731183807,30.080857351991213,30.269342950883864,29.743461033971393,30.068733563466694
2026-04-16,0.6845460072307655,0.4705120969452779,0.497417551925055,0.34444374142590384,0.5353381806827088,0.7820150957179995,0.6535561016923871,0.4609177414807165,29.92003856852744,30.10626956106934,29.584008600397784,29.90682526511315
2026-04-17,0.6844537805696996,0.4698051983192759,0.4969294036800541,0.3442705440623747,0.5346861179757407,0.7823066715945085,0.6534822632272801,0.46071711763290446,29.760646833402696,29.944643610474433,29.425971332174587,29.746353751437052
2026-04-20,0.6843628942757075,0.46910423235490106,0.4964453175485477,0.3440995797118708,0.5340398879978687,0.7825959431046313,0.653409274416624,0.460518492307316,29.602662872615067,29.784445587022578,29.269330068601974,29.587298895225835
2026-04-21,0.6842728501886911,0.46840942653130996,0.4959650948902323,0.3439297404824063,0.5333990316175751,0.7828829338323103,0.6533370212850647,0.46032184640809604,29.446091370869567,29.62567891976501,29.114089149172813,29.42966527073387
2026-04-22,0.6841836638665876,0.46772061519600683,0.49548882705743835,0.3437612283421587,0.5327636433938672,0.7831678844508808,0.6532656103299548,0.46012724893652257,29.290904235060214,29.468315200836113,28.960220937317185,29.273425056708337
2026-04-23,0.6840950620814207,0.46703847486620637,0.49501731108992864,0.3435938542459833,0.5321340019675586,0.7834504661315619,0.653195501198485,0.4599344014425088,29.137098682905933,29.312352842740058,28.807723282473027,29.118576913997632
2026-04-24,0.6839922546393226,0.4664096925146458,0.494589782029226,0.34341130077339155,0.5315064238596299,0.7837077235478124,0.6531545049420813,0.45972038442640595,28.984740691207357,29.157888858487976,28.656676781389397,28.9652510501329
2026-04-27,0.6839299472473156,0.465774518474138,0.49412158832461606,0.3432615772175096,0.5308106005966127,0.7839083958463356,0.6531296391964068,0.4595211218787608,28.833763990374255,29.00479328250988,28.506940291303,28.8132295853841
2026-04-28,0.6838465659382277,0.46516784624169666,0.4936390511440192,0.34306081268069966,0.530065156858266,0.7840556507378317,0.6531272798205792,0.45933238513241864,28.684021922881094,28.852887433123435,28.358385996995924,28.66242648044524
2026-04-29,0.6837640518583697,0.4645660870969158,0.4931604515475059,0.34286194507706724,0.5293262935923183,0.7842019435684687,0.6531253943922666,0.45914581761662543,28.53562927785844,28.702350310814385,28.21117106145923,28.51298193891467
2026-04-30,0.6836826348749613,0.46396897963626704,0.4926859717479698,0.3426649647217168,0.528593635856372,0.784347219080534,0.6531238395792378,0.4589612540814768,28.388572791278033,28.553168409382955,28.065281934429407,28.36488260240448
2026-05-01,0.6836023061118878,0.46337641417961206,0.4922158295769786,0.3424693438372083,0.5278672858567054,0.7844912451023388,0.6531224197120576,0.4587788240646669,28.24282889469133,28.405318436250816,27.920695259369108,28.218105102537823
2026-05-04,0.6835228760214039,0.4627889844655326,0.49174983947082995,0.34227533747011507,0.527147401013895,0.7846343192842592,0.6531209794688878,0.45859819616887326,28.09837254535819,28.25877445061147,27.777385871430152,28.07262417086657
2026-05-05,0.6834445641499981,0.4622063432512749,0.4912880035167896,0.34208317726310633,0.5264338297774388,0.7847765964566148,0.6531197420765016,0.4584192901164187,27.95520713020352,28.113540144767754,27.63535748165878,27.928443179812156
2026-05-06,0.6833669448170135,0.4616286900506651,0.490829869213122,0.3418925838990642,0.5257263625665669,0.7849179517356798,0.6531188031808455,0.4582425391291247,27.813315783371745,27.96959799979078,27.49459351193381,27.7855446430985
2026-05-07,0.6832898593285402,0.46105596271845223,0.4903755418170026,0.3417033659047768,0.5250249154897598,0.7850582125824267,0.6531182019911428,0.4580680348126303,27.67269451080803,27.8269436582321,27.355089949351164,27.643924522836
2026-05-08,0.6832134147654761,0.46048829937158675,0.48992555451177955,0.34151542007243674,0.5243298527215667,0.7851972121454637,0.6531177213101826,0.4578948847995115,27.53332096152795,27.685554960057868,27.216824316631186,27.503561601268114
2026-05-11,0.6831193702637354,0.4599788201653861,0.4894584127560119,0.34136055117287956,0.5236965972901231,0.7854126694676348,0.6530582594136841,0.4576955561715038,27.395265854685963,27.545496427709384,27.07982850813391,27.364554934990903
2026-05-12,0.6830261436511594,0.4594741503189537,0.4889951621858839,0.34120757333066065,0.5230693212922628,0.7856272522116631,0.6529987135827299,0.45749782044300263,27.258443384578282,27.40668825760063,26.944055632445618,27.226789413282635
2026-05-13,0.6829339420669814,0.4589739747301903,0.48853567006066434,0.3410563902401653,0.5224474265554618,0.7858402062969344,0.6529399541582557,0.45730194394449686,27.12283257283772,27.2691086148878,26.809484608979446,27.09024330995439
2026-05-14,0.6828422788834182,0.4584786104243597,0.4880800151886484,0.3409063077341109,0.5218313120967892,0.7860518759905638,0.6528818385003072,0.4571078992913532,26.988434973500482,27.132759271342973,26.67611797235674,26.954918862012818
2026-05-15,0.6827515680785335,0.45798758548292023,0.48762824891783285,0.34075758037622095,0.5212204912646394,0.7862618945494669,0.652824359217501,0.45691553976953014,26.855242212268507,26.997631857839487,26.543946956192435,26.820807282346184
2026-05-18,0.6826618836179469,0.4575004766192558,0.48718046795838255,0.3406103918751623,0.5206148151728305,0.7864699683352933,0.6527674899239014,0.4567251378239732,26.723236035352116,26.863708456902618,26.412953333582816,26.68788999330673
2026-05-19,0.6825733117351004,0.4570171721880793,0.486736588175086,0.34046430156708707,0.5200142948008051,0.7866763543812963,0.6527113677810938,0.4565367107478083,26.592415169283495,26.730987580430167,26.283136264823845,26.556166075244825
2026-05-20,0.682485489237134,0.456538533859695,0.4862965316189133,0.34031946153322346,0.5194187568703957,0.7868808367242442,0.6526560161536051,0.4563498032906842,26.46276799092838,26.599456472447386,26.154483555037913,26.425623538035193
2026-05-21,0.6823984773848769,0.4560643114665777,0.48586013655050586,0.3401758674124221,0.518828499789007,0.787083744346588,0.652601581719773,0.456164878588135,26.334278417175682,26.469099202531094,26.026979742130184,26.296246507540996
2026-05-22,0.6823119189042174,0.4555946563740097,0.4854270856998194,0.34003344480827746,0.5182434835564734,0.7872852392798931,0.6525477499899959,0.45598182415642974,26.20693678876062,26.339905710720885,25.900615137693627,26.16802489165131
2026-05-25,0.6822261222465992,0.45512883411118293,0.48499777079840645,0.33989205551328205,0.5176633746031631,0.7874849305545092,0.6524943684761444,0.45580068305203153,26.080726486360334,26.21185993667756,25.77537343958239,26.04094200434511
2026-05-26,0.6821388876809572,0.45467100657510384,0.4845715163111748,0.33975221168147196,0.5170861321189639,0.7876839550270253,0.6524435706276052,0.4556201939453633,25.955648280877853,26.084956090735158,25.651253960594172,25.91499786092676
2026-05-27,0.6819856586639802,0.4543333161346277,0.48412348006883676,0.33963109825487225,0.5164541511699077,0.7879185389230118,0.6524530627921448,0.45541904418209406,25.831804908103287,25.95910957851169,25.528324852757404,25.79025947783882
2026-05-28,0.6818338754383445,0.4539987300733853,0.48367935928484396,0.3395110869173328,0.5158278327064167,0.7881513515274322,0.6524624638997057,0.4552195641239817,25.709067593122157,25.8343870322114,25.40649386151296,25.666635100301004
2026-05-29,0.681683123640446,0.4536675783455077,0.48323921774594825,0.3393915533927243,0.5152072122759648,0.7883824099454771,0.6524714928732329,0.45502163060219714,25.587426333673232,25.710777962915397,25.285750997678356,25.54411521083295
2026-06-01,0.6815335981198772,0.4533397129658712,0.482802873918716,0.3392727267608332,0.514591888224593,0.788611668328565,0.6524807239732417,0.4548253607963883,25.466875327457327,25.588275873854194,25.166090243881133,25.42269337403298
2026-06-02,0.6813894031698645,0.4530102383425258,0.4823774250145144,0.33915779594389583,0.513980577459263,0.7888352023534156,0.6524871726558611,0.4546415811682546,25.347409078967914,25.46687023332729,25.04749953026125,25.302349662850595
2026-06-03,0.6812470925553163,0.45268291420252926,0.4819568846569493,0.3390442680724268,0.5133744986424698,0.7890567222243635,0.6524927450172913,0.4544616167868353,25.2290144352673,25.34655247744488,24.92997160845944,25.183082557884727
2026-06-04,0.6811058393381505,0.452358659037812,0.48153997694923456,0.3389316496828739,0.5127735363665789,0.7892765363930284,0.6524986289678248,0.45428347947079867,25.111683257675736,25.227314550090437,24.813499603376652,25.06488632662761
2026-06-05,0.6809573665906986,0.452067987013939,0.4811209875166572,0.33883371248998373,0.5121980031820439,0.7895159254139689,0.6524441748518274,0.4540421717426732,24.995387798259515,25.109138713582613,24.69807165788028,24.94778782411625
2026-06-08,0.6808087401483386,0.4517841087161358,0.4807046717253991,0.338738107039102,0.5116298327440425,0.7897559967626905,0.6523833472581725,0.45379525478778704,24.88013238387931,24.992019492540305,24.58367762442845,24.831742763234473
2026-06-09,0.6806410252690983,0.45151778488736455,0.4803070217199461,0.33862415928333334,0.511072810512601,0.7899815023823241,0.65233228357073,0.45355651734282126,24.765890083443683,24.875930131950962,24.470302356688983,24.716722950118474
2026-06-10,0.6803729708453069,0.45130775906181614,0.4799587851434316,0.3384574605344425,0.5105572990523866,0.7901683356941841,0.6523210240603109,0.45339763995144317,24.652578936739886,24.760774240410235,24.3579048277301,24.6026678058554
2026-06-11,0.6800627614429114,0.4511069401707434,0.4796125446050835,0.3382997181710665,0.5100676456455506,0.7903568333984642,0.6523245879929259,0.45331161150096944,24.540268213277287,24.646617722355824,24.246516430529795,24.489632397039482
2026-06-12,0.6797552131127401,0.4509083922271658,0.4792695001830237,0.3381431301934986,0.5095824303263263,0.7905436078332325,0.6523281228021988,0.4532260680716423,24.428966869340385,24.533486776491966,24.136128902600568,24.377613060362357
2026-06-15,0.6794502805311092,0.4507119946869537,0.4789294350841712,0.3379877765727348,0.5091016717293968,0.790728794872044,0.6523315193221068,0.4531408376986568,24.318648377504605,24.421355021377465,24.026716179465513,24.26658331710005
2026-06-16,0.6791482235738281,0.45051720715897553,0.4785922054275944,0.3378336737247004,0.5086249688862097,0.790912151934272,0.6523348732112472,0.45305625443714387,24.20930231216269,24.310211737483833,23.918267784080452,24.15653218050246
2026-06-17,0.6788489956082725,0.4503238222680198,0.47825800249038186,0.33768141180859157,0.5081527143543405,0.7910938779814632,0.6523381638474123,0.45297239738962297,24.100910921312085,24.20003946079145,23.81076616308872,24.047442073154095
2026-06-18,0.6785525223699919,0.45013245196430784,0.4779263909335062,0.3375308662889859,0.5076846976875569,0.7912742792593,0.6523412016377778,0.45288899730496196,23.993470849537296,24.09083419981132,23.704207914409672,23.93930909503946
2026-06-19,0.6782585018088904,0.449943235126911,0.4775971195886286,0.3373818058486039,0.5072208534747391,0.7914531821089498,0.6523442487427622,0.4528062048483545,23.886969592225476,23.982582734835965,23.598580505706174,23.83212056450508
2026-06-22,0.6779799547425437,0.44974730545700287,0.4772622024114619,0.33721222530246175,0.5067724799587452,0.791627931594051,0.652342136536673,0.4527285338341288,23.781495913555982,23.87538810348085,23.493981027220613,23.72599694518839
2026-06-23,0.6777073515010804,0.44955080878679476,0.4769279707649253,0.33703870765668953,0.5063308084810404,0.7918003512517254,0.6523387026764391,0.4526527499125802,23.676973061448912,23.769163304442095,23.390326673744443,23.62083751722282
2026-06-24,0.6774372736392343,0.44935597040008196,0.47659636019165025,0.3368668219957043,0.5058929818794315,0.7919713698622634,0.6523352061991998,0.45257762576853383,23.573369631487388,23.6638729968318,23.287584116616383,23.516602765997913
2026-06-25,0.6771409260407698,0.4491648157149838,0.4763355728273455,0.33670366996638146,0.5054517324752656,0.7921548636126065,0.6523612950632447,0.45252663599306725,23.470646727469706,23.559504642992493,23.185743555567843,23.413259181939097
2026-06-26,0.6768332373804876,0.44898458548136627,0.4760681728011351,0.3365565903207508,0.5050077329148808,0.7923990855662161,0.6523585443636333,0.4524573069743921,23.36896117911632,23.456153804036873,23.0849061802677,23.310948727800316
2026-06-29,0.676526873278339,0.44880882329805966,0.4757906792587553,0.3364156294959535,0.5045658957600012,0.7926631432174017,0.6523414486133275,0.4523789414725594,23.268232454035854,23.353757697720106,22.98500451597054,23.209595761772793
2026-06-30,0.6762235785983184,0.4486342966771263,0.4755156385652047,0.33627578860278473,0.5041276360159881,0.7929246872028352,0.6523246896494069,0.45230151523862655,23.168403584972722,23.252276227121907,22.8859953248466,23.109147888154357
2026-07-01,0.6759229728634144,0.44846131082731533,0.47524316645426207,0.3361369362498694,0.5036933309639429,0.7931840636758166,0.6523083673442663,0.4522250978281555,23.069473183009848,23.1517078672004,22.787877577365233,23.009604223272493
2026-07-02,0.6755911437041283,0.44826218501332254,0.47495561581058565,0.336026881144588,0.5031803992643552,0.7934761989801481,0.652277920349236,0.45212281141180727,22.971453969501802,23.05201411117098,22.690622191089382,22.911023924510335
2026-07-03,0.6752531191393374,0.44805764262758385,0.47466601276834725,0.3359253376891088,0.5026498546654666,0.7937753408321294,0.6522438304035568,0.4520142388324271,22.87432208853834,22.953208707715845,22.594235834143227,22.813348649504313
2026-07-06,0.6749182234457034,0.44785502460222365,0.47437891359621076,0.3358248074822301,0.5021240191031828,0.7940719954196697,0.6522104123308022,0.45190691642300684,22.778068708038283,22.855296597856828,22.498721334255467,22.716556701404766
2026-07-07,0.6745951233418229,0.4476419123045508,0.4741001509636162,0.3357126463309005,0.501611457951957,0.7943713766736779,0.652166616822836,0.45179477820088026,22.682671700978467,22.75826651096693,22.404067557199923,22.62062567613193
2026-07-08,0.6742785255826033,0.4474232210124069,0.4738202518135948,0.3356095922295419,0.5011071215268936,0.7946763282946113,0.6521192338695216,0.45168207505661,22.588118149967592,22.662095236780033,22.310249080561427,22.525545219674942
2026-07-09,0.6739767982478874,0.44718109633823383,0.47353022809703726,0.3355336967011776,0.5006187919531879,0.7950045710023291,0.6520593594685674,0.4515653671963304,22.494381516809334,22.566758030139056,22.217235433203715,22.431293799081736
2026-07-10,0.6736776562852583,0.4469411659202041,0.47324283182799715,0.3354584263145567,0.5001348167358078,0.7953300398518471,0.6520001579594191,0.4514497602789706,22.40149660789513,22.47228658682825,22.125067081867797,22.337898931750196
2026-07-13,0.6733811075067454,0.4467036878818718,0.4729577636855805,0.3353837092918276,0.49965505005595046,0.7956528309655916,0.651941503022507,0.451334908902555,22.30944720776006,22.378664220190824,22.033727588391784,22.245344226181757
2026-07-14,0.6731219640465608,0.44643056861822905,0.4726569397176374,0.3352844177481189,0.49920654050969854,0.7960004501042562,0.6518516324588578,0.4512078544515106,22.218229684760157,22.285901468038993,21.94320453690922,22.15360874540621
2026-07-15,0.6728689173994306,0.4461559128769659,0.47235666984338043,0.33518335481738903,0.49876486882994187,0.7963479891771402,0.6517593930055233,0.45108043965134775,22.127837806822345,22.19397927901617,21.853499819049134,22.06270163955298
2026-07-16,0.6726183693035467,0.4458836595166719,0.4720590478486528,0.3350834284462427,0.4983270333689609,0.7966926504513655,0.6516682354925565,0.45095418372341833,22.03825563384755,22.102880089160838,21.764598461188182,21.972608635375842
2026-07-17,0.6723702359249104,0.44561400297094544,0.4717638177015362,0.3349847906447403,0.49789290458220214,0.7970345858421565,0.6515782317916639,0.450829205064623,21.949489896562596,22.012610017578343,21.676507041614737,21.883336341743128
2026-07-20,0.6721240263056735,0.44534694624654436,0.47147138538304034,0.3348868826323186,0.49746279330208704,0.7973739656442013,0.6514891331646552,0.45070543709500366,21.86153050641453,21.923159188107743,21.589216093542362,21.794875464734407
2026-07-21,0.6719111976048615,0.4450979119330136,0.4711929998809277,0.33481741221722106,0.497060421560096,0.7976936050515991,0.6513962230412854,0.4505709594400559,21.774288628366257,21.83447017802237,21.502611977717745,21.70714551060522
2026-07-22,0.6717121882462471,0.44485754306329955,0.47092164743337767,0.3347590860317715,0.4966708296751508,0.7980036623541155,0.6513026427959075,0.45043315702524567,21.68780390013003,21.746562633549246,21.41674931150001,21.62018063583185
2026-07-23,0.6715152820139142,0.44461918050071075,0.4706528492686158,0.33470120728871344,0.49628472208062346,0.7983111644307287,0.6512099912237462,0.45029659802603444,21.602099625409497,21.65944805276261,21.331661286162564,21.534000669775427
2026-07-24,0.6713204094926021,0.44438272581761673,0.4703861114300604,0.33464408068852214,0.49590193768263896,0.7986161596648479,0.6511183622318694,0.45016157779334665,21.517166067850255,21.573116708690943,21.247338347345615,21.448595241539863
2026-07-27,0.6711273485712289,0.44414814967538113,0.4701215990942553,0.3345873937145062,0.4955225290452718,0.7989188004502469,0.6510274860729581,0.4500280709884337,21.43299731926141,21.48756247792941,21.163774831351,21.363958769884363
2026-07-28,0.6709362322996507,0.44391519279019986,0.46985952413357146,0.33453140047417995,0.4951464429493401,0.7992189221062816,0.6509375091280745,0.44989603795903105,21.349579682438108,21.402771763642207,21.080957132552076,21.28007754517508
2026-07-29,0.6707470307355531,0.4436841793119426,0.46959968807187547,0.334475994059547,0.4947738003253805,0.7995165168721833,0.6508482823145619,0.44976520151819327,21.266902891517496,21.318734224929635,20.99887480648194,21.196941338963082
2026-07-30,0.6705595862885922,0.44345487207799517,0.4693419719620333,0.3344208416409352,0.49440446385502723,0.7998117376692194,0.6507598827243148,0.4496359811068708,21.184966071457463,21.235448863439718,20.917527373781013,21.114549111399096
2026-07-31,0.6703738848868785,0.44322726037006777,0.4690864148482965,0.33436621613060746,0.49403835800946155,0.8001045193661415,0.6506726580764032,0.44950846191344934,21.103763507347956,21.15290976072419,20.836909192307154,21.032894899750374
2026-08-03,0.6701900726597361,0.4430012837728946,0.46883338513775913,0.33431213785488767,0.49367565537393665,0.8003947438766587,0.6505863200126974,0.44938222049415505,21.023284295800003,21.071106134604342,20.757009311370183,20.95196843144357
2026-08-04,0.670007942473105,0.44277732501168876,0.46858280737259767,0.3342585153538258,0.49331641435807544,0.8006823381060538,0.6505006519629686,0.44925696799917153,20.943520685470858,20.990030198427775,20.67781987113539,20.87176186805405
2026-08-05,0.6698241611790878,0.44256125300668714,0.4683335991615973,0.33420327397060634,0.49295928704987096,0.8009645424496884,0.6504148494983538,0.44913058530508687,20.864466544578907,20.909673039416873,20.599329218103367,20.792266272926504
2026-08-06,0.6696321423609414,0.4423646305349404,0.46808368068156514,0.33414190089053564,0.49260132235516024,0.8012352298979101,0.650327522210944,0.44899891396672137,20.786133027332674,20.83004006315952,20.521537254175012,20.713487573779002
2026-08-07,0.6694427050009375,0.442164612624911,0.4678426433799547,0.334089760031397,0.49223539786175935,0.8014980574182121,0.6502470524441836,0.44886815163427074,20.708583677564768,20.751202984475352,20.44452106930968,20.635490134998065
2026-08-10,0.6692555699697312,0.4419640948065852,0.4676068048672607,0.3340424371751226,0.4918677151116433,0.8017560021784375,0.6501701886877056,0.448738197071137,20.631763667827585,20.67310701514875,20.368227667168874,20.558222733333142
2026-08-11,0.6690700443833985,0.44176539892335365,0.4673728913226498,0.33399573589260445,0.49150332376213385,0.8020119880832542,0.6500940324555621,0.4486095116969176,20.55562884328843,20.59570768417863,20.29261493261148,20.481644271122068
2026-08-12,0.6688861849220776,0.4415684871624705,0.46714095813056117,0.3339493654784037,0.49114212868876994,0.8022659811677068,0.6500186887394785,0.4484821691295218,20.480184818455456,20.51901015664031,20.217688380771882,20.40576050644131
2026-08-13,0.6687039013960036,0.4413732116346136,0.4669112263675893,0.3339031556563601,0.4907841999741565,0.8025178158791678,0.6499441102557205,0.4483561534743616,20.40542314322577,20.443006116033857,20.1434396658318,20.330563345996648
2026-08-14,0.6685230934012026,0.44117986414149696,0.4666833667319288,0.33385729722743107,0.4904293604838499,0.8027673218765715,0.649870259308692,0.44823148886878,20.33134598030109,20.36769781889385,20.069870914381845,20.256054286398722
2026-08-17,0.6683440824685848,0.44098820900937696,0.4664570688104303,0.3338121604120311,0.4900774379807275,0.8030146480318826,0.6497973427377384,0.44810845234415536,20.25795177470505,20.293083640204973,19.996980489066146,20.182231237324178
2026-08-18,0.6681669805146078,0.44079820903607075,0.4662329050416533,0.3337674636811522,0.48972861900059794,0.8032597304619796,0.649725168637805,0.44798656012737353,20.185225533868728,20.21914837935863,19.924753310244416,20.10907992956716
2026-08-19,0.6679915151194807,0.44060989088666525,0.46601051782608943,0.3337230615980349,0.4893827813585733,0.8035029072183032,0.6496536290301137,0.44786601536765974,20.113157730601554,20.14588218716998,19.853180111211145,20.03659050340493
2026-08-20,0.6678175959189411,0.44042313433320185,0.46579031807303073,0.3336788152326592,0.48904009438387464,0.8037441539153302,0.6495828373263497,0.4477467301712974,20.041747234122795,20.07328408474141,19.782259890751135,19.964762346870238
2026-08-21,0.6676453187448098,0.4402379560979498,0.46557212735641157,0.3336351355304039,0.48870042596199614,0.8039832194391009,0.6495128625361906,0.4476287026274078,19.970987848041837,20.001347709587726,19.711986203700192,19.89358905182329
2026-08-24,0.6674212212649226,0.44007482828740135,0.46537788138292224,0.3335676625517602,0.4883692303270613,0.8042121065963211,0.6494090722595222,0.44749036110020174,19.900856934044256,19.930073814608033,19.642367626742566,19.82307306058614
2026-08-25,0.6670528555127303,0.4399691609647797,0.4652452226472794,0.3334353508338651,0.48805566070834855,0.8044173284270314,0.649212357227586,0.44729473999902053,19.831319844020637,19.859467138886004,19.57342319464625,19.753222521312903
2026-08-26,0.6666877745102451,0.43986457927399314,0.4651137995952605,0.3333040990594145,0.4877449871078826,0.8046209406401331,0.6490172792262653,0.4471007663819178,19.76241657474194,19.789503943655166,19.505107285706003,19.684008697195196
2026-08-27,0.6663260228000479,0.4397608554995827,0.46498362070112476,0.3331739348227712,0.4874371901082236,0.8048228805879928,0.6488238919770879,0.44690856701002873,19.694138783612,19.720175695421005,19.43741150972499,19.61542333914171
2026-08-28,0.6659676769321196,0.4396578771668915,0.46485462237045216,0.3330449690766895,0.4871322369659811,0.8050230742506604,0.6486323132217674,0.4467180822474602,19.62647496425817,19.65147080124571,19.370324360066903,19.54745485135754
2026-08-31,0.6656125242142523,0.43955584369332606,0.4647267105380776,0.3329174016336446,0.48683008859431526,0.8052215626486415,0.6484422480275811,0.44652928679794285,19.55942008257627,19.583384450884505,19.303840915297457,19.48009795289969
2026-09-01,0.6652604067006238,0.43945483779045996,0.46459986634359646,0.3327910271825621,0.48653064696901244,0.8054182058707009,0.6482538687162269,0.44634217792703357,19.49297067597709,19.515912891467185,19.23795784596728,19.413349179321788
2026-09-02,0.664911175674366,0.43935489896201835,0.4644740333711676,0.3326656052985629,0.486233668887166,0.8056129382123133,0.6480673100700294,0.44615670040432676,19.427121862546958,19.449050617387787,19.172670329539823,19.347203441271553
2026-09-03,0.6645652069888504,0.439255908311787,0.4643492570859259,0.3325416578233733,0.4859393685067646,0.8058060873600623,0.6478826341071667,0.4459727262162912,19.361860467830212,19.382784583590677,19.107965122848572,19.28164757301345
2026-09-04,0.6642224126927588,0.4391577782339496,0.46422564146701517,0.33241897538974785,0.4856477258096563,0.8059975073089712,0.6476997832713939,0.4457904191345676,19.297188028526218,19.317116539721745,19.0438437668736,19.216683276675866
2026-09-07,0.6638827159195525,0.4390603490842167,0.4641032112707428,0.33229728445084455,0.4853586996200082,0.8061870333898391,0.6475185544973375,0.4456097312075501,19.23309915133354,19.252041298718986,18.980301112201026,19.152305150061967
2026-09-08,0.6635459741634405,0.43896362366746866,0.4639819891913633,0.33217643898710847,0.48507219082204767,0.8063747997763969,0.6473389365395904,0.44543069875067026,19.169584086813135,19.187548771419785,18.917327574206887,19.088503498979094
2026-09-09,0.6632177439725833,0.43886266348580405,0.4638703528747819,0.3320646083023455,0.4847891633998308,0.8065654275690942,0.6471633300810689,0.44525566660998545,19.10657674975716,19.12357863433039,18.854859912875128,19.025210403355345
2026-09-10,0.6629120888608147,0.43874454712660493,0.46379048588695165,0.33198193865355474,0.48451225833140676,0.8067704188121754,0.6469974582726338,0.44509106363994894,19.043910318138366,19.059979580368935,18.79273862492571,18.962255014872618
2026-09-11,0.6626092860767565,0.43862748569908694,0.46371119488259327,0.3318998379654679,0.4842377734974997,0.8069735267369991,0.6468328348437151,0.4449277836627011,18.981800014307456,18.996945272250727,18.73116863976646,18.899858083837685
2026-09-14,0.6623092095669825,0.4385111523241063,0.46363269727103623,0.33181834743745064,0.48396568318971944,0.8071745936491295,0.6466696679907701,0.4447660265474546,18.920237239681924,18.934467169434672,18.670141530936835,18.838011213732543
2026-09-15,0.6619766975660639,0.4384533634835626,0.4635494749669079,0.33176375464533897,0.4836403141506939,0.8073585738255182,0.64653978482679,0.4445691823599865,18.85917589344009,18.872445662289962,18.609561039710893,18.776601250496803
2026-09-16,0.6616826020002031,0.43837648479911284,0.463452887602952,0.3317320039751879,0.4833061007037845,0.8075374533642039,0.6464119285946177,0.44436727861450326,18.79858284525155,18.810908679011323,18.549429803595256,18.715635283024422
2026-09-17,0.6613913255388868,0.43830013694517556,0.4633569221399964,0.3317005811133747,0.48297479157097145,0.8077143172396424,0.6462851989446271,0.4441670375278681,18.73849900080882,18.749889398591158,18.48980364114703,18.655181470842695
2026-09-18,0.6611028604010382,0.4382244364391493,0.4632615097524561,0.33166925403262826,0.48264649357478395,0.807889216514978,0.6461590269523667,0.44396824439052324,18.678908762858807,18.689372170665006,18.43066686958767,18.595224337310107
2026-09-21,0.6608169149619147,0.4381493728227833,0.46316668221056273,0.33163806600568774,0.4823211296008046,0.8080622004818563,0.646033661129489,0.44377114857733396,18.619810092048862,18.629354716478186,18.37201772633378,18.535761904137033
2026-09-22,0.6605336301451922,0.43807481865597986,0.46307288612559744,0.3316069131188084,0.48199902639637215,0.8082333550163221,0.6459088937979891,0.4435752563595889,18.561194360803313,18.569828824125963,18.3138478831689,18.476786174170712
2026-09-23,0.6602530533312876,0.43800082404724683,0.4629799767240022,0.3315759715005836,0.4816799690598127,0.8084027377060082,0.6457849189635155,0.44338063432985425,18.50305862828355,18.510791242174506,18.25615431280338,18.418293777650174
2026-09-24,0.6599754495020677,0.43792715837282,0.46288802768517123,0.3315453898590729,0.4813640300085149,0.8085703456611674,0.6456617596595101,0.44318744566737,18.44539727220982,18.452236519190567,18.198931252719373,18.36027924024353
2026-09-25,0.6597002236867205,0.4378542998879126,0.46279678847273087,0.33151485925759727,0.4810509322610636,0.808736020365802,0.6455395202696685,0.44299569480069534,18.388206488433294,18.394160019367806,18.142174927059997,18.302738382880758
2026-09-28,0.6594278130239971,0.43778166125897056,0.4627068179926402,0.3314841458771388,0.4807410168624887,0.8088998447294026,0.6454177951670036,0.44280506569367956,18.33148080780316,18.33655742334403,18.085880301033367,18.24566647465946
2026-09-29,0.6591579555387268,0.4377094876220404,0.4626177774113731,0.33145347465210123,0.48043404987988564,0.8090618185128666,0.6452967620861623,0.44261579048600036,18.275215948869416,18.27942374815208,18.03004290367377,18.189058749622127
2026-09-30,0.6588907256648437,0.43763753079613865,0.46252995350335124,0.33142300020762056,0.4801302618856747,0.8092222261857692,0.6451764539404262,0.4424278524818267,18.2194041958508,18.222751399705164,17.97465525155196,18.132907902394045
2026-10-01,0.6586261379186716,0.43756592331778843,0.4624432072062345,0.33139252814469733,0.4798294446427138,0.8093808194088562,0.6450568581019621,0.442241151022521,18.16404014336634,18.166534953132988,17.919711949099394,18.077208169724607
2026-10-02,0.6583639366291976,0.4374949465399054,0.4623573229562891,0.33136220472185407,0.4795315983029512,0.8095376816168306,0.644937985094965,0.4420555762208617,18.109126845048266,18.110777167484514,17.865216019983478,18.021962571410675
2026-10-05,0.658104121539956,0.4374245622637941,0.46227235214400686,0.3313320064021526,0.47923676660697423,0.8096927450640466,0.6448196989526807,0.44187111072585283,18.05466087780067,18.05547469690828,17.811164099471142,17.967167718875437
2026-10-06,0.6578476779339485,0.4373530640124878,0.4621889352323618,0.33130037166274456,0.47894596034505943,0.8098467638451867,0.6447005896633364,0.4416872385839725,18.000635125463187,18.000621763812134,17.757550607542754,17.91281629301946
2026-10-07,0.6575974150431825,0.43727631726805116,0.46210923322858155,0.3312629687451976,0.47866205505460085,0.8100015228802794,0.6445768523327264,0.4415020517687003,17.947043047458944,17.946215732103774,17.70437264975652,17.85890178649861
2026-10-08,0.6573495301920548,0.43720019692726997,0.4620303035798617,0.331226040153902,0.47838084810773646,0.8101545465078036,0.6444539115967294,0.4413180893069178,17.8938874950212,17.892253629226794,17.651627574349707,17.805426842077345
2026-10-09,0.657104961912125,0.4371234977053092,0.46195223235552224,0.33119133759397773,0.4780992978537847,0.8103014409791386,0.6443376208033352,0.44113915662177766,17.841152773041582,17.838717642079157,17.599299186959072,17.75237104320816
2026-10-12,0.6568705908543744,0.4370377342462697,0.46187511505565215,0.33117190108764916,0.4777961382755679,0.8104121356471478,0.6442682149762693,0.440991504187339,17.78877982961536,17.785533954424192,17.54732415169113,17.699641845391206
2026-10-13,0.656638301625646,0.43695270976604594,0.4617986079032948,0.3311526887431036,0.47749599240490836,0.8105217127185825,0.6441989619181054,0.44084482883845527,17.73683160829984,17.73278246714606,17.495770530819705,17.647340743900017
2026-10-14,0.6564083502254188,0.4368908291546897,0.4617250305647377,0.3310872607667213,0.4772098087085705,0.8106123657080432,0.6441035680164275,0.44066537773600895,17.685213465390206,17.68033056827171,17.444509400430135,17.59541901079061
2026-10-15,0.6561826444393524,0.43685556857516594,0.46164497521827064,0.3310032404343175,0.476990862265038,0.8106455168759432,0.6439459231828133,0.44042276625224636,17.63400680268937,17.628294501442504,17.393629187999903,17.543985668132503
2026-10-16,0.655960621369915,0.4368248707330043,0.46157066896161936,0.33092546919228377,0.476783154265899,0.8106758799186287,0.6437823318481969,0.44017376420329873,17.5832077415374,17.576681567800136,17.34315504333572,17.49296810677806
2026-10-19,0.6557408722615973,0.4367940590672591,0.46149674111066064,0.33084869389723165,0.47657747798900796,0.8107058216884465,0.643619759017125,0.4399266825200317,17.53280663226651,17.52547447573863,17.293076471059713,17.442350061983436
2026-10-20,0.655523409055173,0.43676287573695494,0.46142342516925305,0.3307728672828524,0.47637385651626313,0.8107352490802724,0.6434582419580636,0.4396817140107698,17.482798075312946,17.474667814031367,17.243387968006125,17.392126469425346
2026-10-21,0.6553079468516056,0.4367315411863124,0.4613506926870049,0.33069779238251457,0.4761722459923032,0.8107642210710961,0.6432977695999043,0.439438741199019,17.433182410256688,17.42426158121941,17.194089884558636,17.342297782020655
2026-10-22,0.6550942689922126,0.43670029955844825,0.46127868602220234,0.33062328888044784,0.4759725273847883,0.8107924796079594,0.6431385225202397,0.43919765513439996,17.383956248409348,17.374252144882842,17.145178959859944,17.29286055641397
2026-10-23,0.6548824270083047,0.43666905646438964,0.4612072764165607,0.3305495469493046,0.47577452219964333,0.8108200541967884,0.6429805886108148,0.43895876243610144,17.335115428039504,17.32463517267781,17.096651022414527,17.243810300533294
2026-10-26,0.6546724074282857,0.4366377347463788,0.4611367582027599,0.33047625681535453,0.47557827133871716,0.8108467006308853,0.6428239747087099,0.4387219117943203,17.286658461816874,17.275409151208418,17.04850444987927,17.195146116557286
2026-10-27,0.654464331179083,0.4366062867442147,0.4610667564106397,0.33040341970442866,0.47538374748517204,0.810872588876832,0.6426683325359239,0.43848710030214905,17.238579028170054,17.22656784068103,17.000732919107275,17.146861147558095
2026-10-28,0.6542580982212146,0.4365747097282517,0.46099737884192626,0.3303311375518234,0.47519111101459666,0.8108979243769059,0.6425136763981486,0.43825427705329284,17.19087525306632,17.178109471599093,16.953334796274405,17.098953809042328
2026-10-29,0.6540538489907767,0.43654281067515277,0.4609284277726858,0.3302599178290688,0.4750001148696278,0.810923036292351,0.6423601554338829,0.4380236538282966,17.143543679159812,17.13003012073604,16.90630653348511,17.051419966862337
2026-10-30,0.6538513626826132,0.43651097322605753,0.4608599957084661,0.33018919115385303,0.47481083178295497,0.8109476385292631,0.6422075931246487,0.43779486931574496,17.096582889465452,17.082328145277387,16.859646594001433,17.004258518275126
2026-11-02,0.6536507992428834,0.436479045049707,0.46079215959892084,0.3301189624288159,0.4746233496304416,0.8109717979606416,0.6420559490050729,0.437567972730545,17.049989371087843,17.03500025720438,16.813351581607122,16.957466095963046
2026-11-03,0.6534521518447879,0.43644728654099785,0.46072505170987677,0.3300494712072792,0.47443780552927545,0.8109954149613301,0.6419052505768921,0.4373426483926017,17.00375625724115,16.988039795853833,16.767414662996032,16.91103607444536
2026-11-04,0.6532552545933817,0.43641540866995665,0.46065854963136205,0.32998053074547967,0.4742539716461297,0.8110185736519925,0.6417555759121739,0.4371193246299797,16.957880127270943,16.941443088744965,16.72183262016949,16.86496473607439
2026-11-05,0.6530601277614032,0.4363834669347177,0.4605925626515921,0.3299123775363575,0.47407168825148593,0.8110412554141335,0.6416070802148148,0.4368979654674418,16.912364062160492,16.895212844016427,16.676608382369466,16.819254970138594
2026-11-06,0.6528666002882996,0.43635164158343975,0.46052711267377056,0.32984471312645197,0.4738910994059816,0.8110634630065735,0.641459669703079,0.43667842435376114,16.86720325627379,16.849344160321564,16.631737189918297,16.77390213054583
2026-11-09,0.652676256548116,0.4363190163259296,0.46046242212477495,0.3297755880299833,0.47371481862586867,0.8110866457650604,0.6413053448189499,0.4364573220348402,16.822400904988317,16.803844743184314,16.587220173087914,16.728906893893033
2026-11-10,0.6525018894552461,0.43627890462966823,0.4604037084469414,0.3296918817543413,0.47356206565760267,0.8111248437157312,0.6410992715273345,0.4362137323854107,16.777950494360294,16.758734600188525,16.543043134494326,16.684248588515388
2026-11-11,0.6524173296442031,0.43623058615846283,0.46045450622029593,0.32951643925715485,0.4735127397929017,0.8112701018908661,0.6409158250419934,0.43593086238364487,16.73381829178989,16.713959896302214,16.499276892494105,16.639941957434054
2026-11-12,0.6523334914306446,0.43618247631675416,0.46050499081886326,0.3293423137160669,0.4734639396293,0.8114139114962716,0.6407337436142874,0.4356503761785144,16.69003192989158,16.669536602669126,16.4558536214707,16.595983043566935
2026-11-13,0.652250493482102,0.4361344873022035,0.4605552570454258,0.32916950978707327,0.4734156343870673,0.8115561981857256,0.6405531093176996,0.43537217411571133,16.646593049731266,16.625466532395194,16.412774907056242,16.552373331444556
2026-11-16,0.6521682291779972,0.4360868028714886,0.46060508603633643,0.32899824309020664,0.47336778888065384,0.8116969576319184,0.6403740226319989,0.43509629068574335,16.603497686687067,16.58174548326351,16.370036766993582,16.509108688903588
2026-11-17,0.6520867486649825,0.43603910503552346,0.4606546365054661,0.32882816048334756,0.4733203982574965,0.8118360520314942,0.640196249809587,0.43482295439331925,16.560739202207117,16.538367107471117,16.327632735670758,16.466182550983618
2026-11-18,0.6520059174236374,0.4359915898346989,0.4607042022650116,0.3286591884007291,0.4732734700599137,0.8119735675840529,0.6400198602981487,0.4345518809233669,16.51831515683883,16.495328653810354,16.285560410149575,16.423592638035373
2026-11-19,0.6519257881058867,0.4359442204372766,0.46075358278160755,0.3284913734917599,0.47322709885446707,0.812109636465034,0.6398449297225669,0.4342830744149894,16.476223239600223,16.45262790637792,16.243817574722787,16.381336650294692
2026-11-20,0.6518463768372041,0.4358970974312433,0.46080263177981035,0.32832486705753855,0.4731811067524963,0.8122441228683802,0.6396714679732539,0.4340165656020613,16.434465509137517,16.410266638997143,16.20240610284306,16.339416246829284
2026-11-23,0.6517138018313985,0.43589461534752094,0.46084802318998014,0.3281244905323345,0.4731952252693549,0.8122723794769471,0.6394504260546754,0.4337321942679459,16.39297705020163,16.3683224493546,16.161319763178913,16.297798440995475
2026-11-24,0.6515543663615703,0.4359151691327636,0.4608910946215755,0.32790749705575173,0.4732403268082457,0.8122461368567102,0.6392055511970954,0.43343975171472654,16.35178575365025,16.32675314847361,16.120557791842593,16.256495347589635
2026-11-25,0.6513961328701876,0.4359355550521208,0.4609339663875008,0.3276921879804076,0.47328524156921353,0.81221987944902,0.6389627047120198,0.4331496322233635,16.310924064121306,16.285516928414076,16.08012211431169,16.215523262286034
2026-11-26,0.6512391740612294,0.4359556885377851,0.46097658024561117,0.32747853940456806,0.47332987210724825,0.8121936914800749,0.6387216839990942,0.4328618744429257,16.270383298028264,16.244604759460806,16.04000388692639,16.174873119253476
2026-11-27,0.6510835380555173,0.43597538686588333,0.4610190232656442,0.3272663344486656,0.47337432356669223,0.8121674038818067,0.6384825935361749,0.4325766069308647,16.23015978174832,16.20401322578024,16.000199545669812,16.134541391275462
2026-11-30,0.6509142204725005,0.4360181075813987,0.4610609017292976,0.3270389353177818,0.4734301629406738,0.812147406007353,0.6382558804108137,0.4322933505134695,16.19026947626219,16.163747398781123,15.960739936287302,16.094534259905785
2026-12-01,0.6507440937336862,0.4360683177283108,0.4610959903334981,0.32680691477941687,0.47348221731999174,0.8121299345277778,0.6380304842151578,0.43200720118370134,16.15072722107907,16.1238169960218,15.921616532535806,16.054874364022275
2026-12-02,0.6505761840784628,0.4361241421534276,0.4611201805511744,0.32657166353658196,0.47352492137473745,0.8121149403800612,0.637803165583734,0.43171494537316135,16.111545503492213,16.08422750377952,15.88283217479202,16.01557589340357
2026-12-03,0.6504096068000306,0.43617948735607304,0.4611445537695575,0.3263380544508567,0.4735676037891491,0.8121000486373653,0.6375776287625377,0.4314250552951208,16.072669352088738,16.044947012667727,15.844350245680097,15.97658437136721
2026-12-04,0.6502444805755664,0.43623409560838994,0.46116908776559273,0.32610605723761443,0.47361025354691944,0.8120850858704458,0.6373538472906622,0.43113758610286884,16.0341024800873,16.00597981366257,15.806174540644301,15.937903589506114
2026-12-07,0.6500809444229182,0.436287962889779,0.4611938275236385,0.3258756964767255,0.4736526720186342,0.8120697997276463,0.6371317284394312,0.43085250683334747,15.995846026619953,15.967326921484535,15.768305928177204,15.899534545220043
2026-12-08,0.6499186794858228,0.43634120129041754,0.4612184763043445,0.3256469401307325,0.47369471622373543,0.8120543848583527,0.6369113984961454,0.43057000801649165,15.957899189129563,15.928987030977735,15.730743748868154,15.861476216674557
2026-12-09,0.6497637358499017,0.4363823222409319,0.4612378323077718,0.32541867954449294,0.4737372275692854,0.8120330642138209,0.636683955810388,0.43028323800462515,15.92025327537909,15.890958681689842,15.693477527255698,15.823728856125426
2026-12-10,0.6496122232751064,0.4364188753173719,0.46125555682922637,0.3251916881331959,0.4737798043653652,0.8120096055582918,0.6364552408522768,0.42999639251365857,15.882903816329126,15.853232887602456,15.65650414436313,15.786282346834126
2026-12-11,0.6494618508709119,0.43645516677404234,0.4612732277716908,0.32496625265239576,0.47382205776979586,0.8119860397362285,0.6362284957856927,0.42971199437676294,15.845851099047943,15.815806836911003,15.619824379945523,15.749133520043772
2026-12-14,0.6493125157267332,0.4364911165914905,0.4612909007916206,0.32474244991634627,0.4738640384809121,0.811962463149329,0.6360036194112116,0.4294300640657546,15.809096403242544,15.7786820203301,15.583439774372476,15.712283809066392
2026-12-15,0.6491398249572488,0.43654419493486163,0.461297348381987,0.3244942924496469,0.4739069051576445,0.8119515655072964,0.635785460298342,0.4291318802544032,15.772618449367554,15.741830564416881,15.547352617460326,15.67574652756283
2026-12-16,0.6489676310047257,0.43659726761777806,0.4613035459538394,0.3242471733188481,0.47394964608800716,0.8119410033671395,0.6355692570032038,0.4288357099824543,15.736430618486695,15.705272484346908,15.511553446128342,15.639501408758937
2026-12-17,0.6487968475032757,0.4366497181655562,0.461309764844568,0.32400193209852485,0.47399205192835875,0.8119301933862029,0.6353547522108072,0.4285421646675754,15.700526825922706,15.66900184197007,15.476035240226139,15.603540845660612
2026-12-18,0.6486272493878604,0.43670181080740955,0.46131608581277794,0.32375834844301465,0.4740342575912265,0.8119193145703554,0.6351419977010604,0.4282509926690103,15.66490765663185,15.633018937566845,15.440798698395925,15.567865676177737
2026-12-21,0.6484589824487323,0.4367534913195506,0.46132237354671524,0.3235165773247957,0.47407619188481465,0.811908384836163,0.6349309534354203,0.42796221274301155,15.629569106857653,15.597319622621736,15.405839696375132,15.532471597101333
2026-12-22,0.648291881932583,0.4368047310645201,0.4613287039047479,0.3232764692774951,0.47411762881429115,0.8118973524555775,0.6347216976565407,0.4276759439240881,15.594510835443188,15.561903110225373,15.37115786193723,15.497358319134888
2026-12-23,0.6481263742033275,0.43685520090251284,0.46133528842028326,0.3230382438592947,0.4741586016627239,0.8118860611788755,0.6345142669978658,0.42739219774563747,15.559728938064765,15.526766257341441,15.33674936566481,15.46252186320906
2026-12-24,0.6479621255990091,0.43690540317435334,0.46134184433534253,0.3228017372725991,0.4741993640450032,0.8118746960174693,0.6343083644483507,0.4271106662122713,15.525220031232633,15.491905387227842,15.3026108548956,15.427959007295698
2026-12-25,0.6477991298766393,0.43695377141705133,0.46134778816216393,0.3225666983687097,0.47424130657940267,0.8118649160334335,0.634103357933863,0.42683260674930995,15.490982638074891,15.457322365649537,15.268742938162637,15.393665512931403
2026-12-28,0.6476373924466626,0.43700114913334853,0.4613537605141924,0.32233307745342843,0.47428328549767923,0.8118552204572643,0.6338999064450451,0.4265573152688535,15.457011208313016,15.423009293020677,15.235138636956457,15.359637802123284
2026-12-29,0.6474769708523032,0.437048046364223,0.4613598073103232,0.3221014131859337,0.47432511929091026,0.8118454930551016,0.6336980945791354,0.42628420847017157,15.423305294903196,15.388964915625971,15.201797155384648,15.32587651706278
2026-12-30,0.6473179408088366,0.43709450506978004,0.46136581956568595,0.3218716423036883,0.47436665311717,0.8118356679085001,0.6334979419202427,0.4260132826722604,15.389865736304417,15.355189944607966,15.168719230704221,15.292381968620557
2026-12-31,0.6471600668418178,0.4371407757369594,0.46137189560014913,0.3216436206853637,0.4744079972334998,0.8118258915362926,0.6332993154034623,0.4257443201592966,15.356688170054277,15.321679732895767,15.135900562029077,15.259150184605007
2027-01-01,0.6470032554843053,0.4371869340171619,0.4613784095302511,0.3214171957667299,0.4744492853472511,0.811815961033057,0.6331023262404543,0.4254772206430768,15.32376751179189,15.288429296519345,15.103336049030506,15.226176451101091
2027-01-04,0.6468477332277852,0.43723284423072883,0.4613848767873072,0.32119260976648195,0.4744902464735239,0.8118059195541049,0.6329068832448158,0.4252120821263105,15.291106198162694,15.25544093103125,15.071028019662503,15.193462596039996
2027-01-05,0.646693313489498,0.43727864450903875,0.4613913926432959,0.3209698322253678,0.47453075403127976,0.8117956708928109,0.632713228211476,0.4249489152596205,15.258705341696944,15.222715399145756,15.038977517756129,15.161009818137323
2027-01-06,0.6465398417334282,0.4373241744608877,0.46139775855721293,0.32074860017255064,0.47457077932538483,0.8117853041992297,0.6325211128243553,0.4246879568026288,15.22655778564329,15.190245504008493,15.007177553670843,15.128810857252457
2027-01-07,0.6463835984614698,0.43737118468373787,0.4614058336171654,0.3205320451275168,0.47461032394291974,0.8117776611799119,0.6323305234718284,0.4244286521861029,15.194673580812323,15.158041208176426,14.97563971926707,15.096877235622372
2027-01-08,0.6462222868638421,0.43743034267435793,0.46142017326677875,0.32030284174948326,0.4746474555653789,0.8117554511852376,0.6321444603548562,0.42416372262759755,15.163025010990864,15.126075129124636,14.944326417852828,15.06517755377142
2027-01-11,0.6460622110230111,0.4374891219346789,0.4614345543178313,0.32007560355261006,0.47468441639990316,0.8117333342323411,0.6319599065579116,0.4239008237562322,15.131625758894982,15.094360975731094,14.91325979374243,15.033727943885367
2027-01-12,0.6459031160204258,0.43754758764251406,0.4614486215979123,0.3198501878167584,0.47472102493127005,0.8117111702502926,0.6317769283892017,0.4236401718571194,15.100473151587106,15.062895704869147,14.88243714792325,15.002525498128998
2027-01-13,0.6457452937968898,0.4376054546588941,0.46146270904807013,0.3196264240237743,0.4747574090466115,0.8116888940374785,0.6315952135171663,0.42338150489628384,15.069558853201999,15.031671733715756,14.851850373567592,14.971562045092774
2027-01-14,0.6455887730327302,0.43766301397203944,0.4614764547327481,0.3194045309196769,0.47479364095211396,0.8116664818472631,0.6314147518749157,0.4231246654611705,15.038881962390764,15.000687913796131,14.821498372356736,14.940836377645706
2027-01-15,0.6454334414267551,0.43772018734254514,0.4614902849178738,0.31918447004588196,0.4748295364755926,0.8116440199824512,0.6312359065514084,0.4228697916822745,15.008447409240487,14.969948900178519,14.791386136840442,14.910353656987272
2027-01-18,0.645291077493951,0.4377688145010893,0.4615059382579388,0.3189682571296391,0.4748693602640825,0.8116226388003567,0.6310496482313991,0.42261614176521517,14.978237811323718,14.939449960503424,14.761493191910995,14.880097779775003
2027-01-19,0.6451600721135813,0.4378097891438456,0.46152323043708804,0.3187554668988547,0.47491273067416445,0.8116024104037807,0.6308568992842495,0.4223639046172409,14.948255254505462,14.909191878063666,14.731822194269485,14.850071008697805
2027-01-20,0.6450301290386187,0.4378504122177445,0.4615403117321586,0.31854424197391107,0.474955698619748,0.8115821617267148,0.6306656519685527,0.42211373693645343,14.918510862769399,14.879174165096366,14.70238674306053,14.820282772612607
2027-01-21,0.6449012348500852,0.43789064178650805,0.46155727714682687,0.3183346821558445,0.474998230073592,0.811561978765759,0.6304760498650719,0.4218656469693539,14.888999303071282,14.849391351945819,14.673181621262042,14.790727688213229
2027-01-22,0.6447734467982956,0.43793048126176537,0.46157420752325595,0.3181269625041441,0.47504034862267885,0.8115418621397612,0.6302882524266292,0.4216196315865784,14.859713958190076,14.819836774408326,14.64420031271378,14.761399159865972
2027-01-25,0.6446472604961798,0.43796925311751117,0.46159159111106995,0.3179197204840005,0.47508303662584983,0.8115223118990754,0.6301010460096218,0.4213749473744364,14.830654071245686,14.790510438349882,14.615443011298385,14.732296740229208
2027-01-26,0.6445225701920934,0.43800704856036066,0.4616092682459594,0.317713230419818,0.4751261124665335,0.8115031523558758,0.6299145708270414,0.42113188562838083,14.801815899678731,14.761408815397553,14.586905800620045,14.703416609033507
2027-01-27,0.6443989817040198,0.43804442935897503,0.46162681086482965,0.3175084662996875,0.47516875217661886,0.8114839487788288,0.6297296500254737,0.4208908091818883,14.773200472860289,14.732531968331601,14.558588881387141,14.674759374235999
2027-01-28,0.644276366612212,0.4380815239857965,0.4616442761717617,0.3173051610234308,0.4752112204508245,0.811465013780068,0.6295459654755943,0.42065152917122567,14.744806132097999,14.703878363127801,14.530490760836818,14.646323747960242
2027-01-29,0.6441548971221439,0.4381182196565623,0.46166154100436196,0.31710339017095457,0.4752533801425897,0.8114462547743321,0.6293635682898155,0.42041407470207826,14.716631981536244,14.675447234186382,14.50261059392073,14.618108539977559
2027-02-01,0.6440343671719134,0.4381544828110145,0.46167877359708936,0.3169032267672016,0.4752951074818874,0.8114273525690633,0.6291826890668527,0.42017854791286857,14.688676801566128,14.647237305310671,14.474947161569949,14.590112613347324
2027-02-02,0.6439147254928522,0.43819047364194563,0.46169585903057764,0.31670472628382035,0.4753365161087567,0.8114084516097542,0.6290032964541351,0.4199448554643029,14.660936422863022,14.61924424324869,14.447496331121942,14.562331842567374
2027-02-03,0.6437959719287033,0.4382263004856515,0.4617127745356386,0.3165079558699634,0.4753776831298224,0.8113898282505728,0.6288252812476995,0.4197128114958108,14.633407944167582,14.591464956343705,14.420255212319898,14.53476345071643
2027-02-04,0.6436781633311807,0.4382618796973299,0.4617294236753239,0.3163128007815913,0.4754183716627466,0.8113712622507678,0.6286487113703227,0.4194826006443784,14.606095491928373,14.563903449929075,14.393227785482138,14.507411217904455
2027-02-05,0.6435611543143261,0.4382972126186438,0.4617459652409786,0.31611908855955767,0.47545862437819053,0.8113527251598285,0.6284735764238841,0.41925421316862566,14.57899710231703,14.536557828860456,14.366412263909027,14.480273348075881
2027-02-08,0.6434449133403702,0.4383323400781639,0.461762474114092,0.3159269155854867,0.47549861061254767,0.811334302669255,0.6282999145071299,0.4190276287095639,14.552109435911799,14.509424770525984,14.339805313872777,14.453346753741972
2027-02-09,0.6433296683018821,0.43836725632628604,0.4617788742198973,0.3157361552726598,0.4755384075740029,0.8113160093199209,0.6281274626731803,0.41880258507063717,14.525430284882528,14.482502398470366,14.313404734026774,14.426629097324696
2027-02-10,0.6432097315636083,0.4384064547087838,0.4617982795814773,0.31554360806005377,0.4755801846245875,0.8112970931113527,0.627954417477517,0.41857860352909265,14.498943403089209,14.455775595346092,14.287196843244939,14.400110516069512
2027-02-11,0.6430722361635076,0.43846028445985813,0.4618282117949767,0.3153418325284201,0.4756290735650011,0.8112761588941623,0.6277763925055958,0.4183541565567298,14.472615384613437,14.429213883447964,14.261154258654505,14.373772541081218
2027-02-12,0.6429358763165348,0.43851359286643243,0.4618579829333856,0.31514159526324603,0.4756775782145371,0.8112553069410543,0.627599758774611,0.418131472564987,14.446494093134929,14.40286084387082,14.235316204301082,14.34764144551582
2027-02-15,0.642800756770196,0.4385663297890186,0.4618875444832935,0.3149430771772111,0.4757257664378634,0.8112345568029292,0.6274245472262052,0.41791051617334746,14.420574881584923,14.376711989819462,14.20967807243202,14.321712606192948
2027-02-16,0.6426668560587909,0.4386184162757163,0.46191700357706517,0.3147461270783475,0.47577357814374377,0.8112137234910395,0.6272506965484034,0.4176913544986253,14.394849701591939,14.350759418339205,14.184231907408048,14.295977840518105
2027-02-17,0.6425342317646272,0.4386699338760004,0.4619461630445931,0.3145509402099048,0.47582100922634113,0.8111929314467918,0.627078139892449,0.417473905602973,14.369317782463385,14.325002160375728,14.158976789182113,14.270436212942847
2027-02-18,0.6424026397654795,0.43872103695848574,0.46197486188397163,0.31435746580608315,0.47586791353458247,0.811172153195621,0.6269069262567447,0.417258203634645,14.343979719429978,14.29944042323212,14.133913325896598,14.245088297218052
2027-02-19,0.6422721300389473,0.4387715966058385,0.46200317168752336,0.3141655515376661,0.4759143164924378,0.8111514376150607,0.6267370772778158,0.41704425452803634,14.318835281969719,14.274074089967193,14.109041389191006,14.219933883283337
2027-02-22,0.6421424499990991,0.4388218187369695,0.4620312478017295,0.31397514175726227,0.4759603539376101,0.8111308254117676,0.6265685825850462,0.41683196677179696,14.293883002231686,14.248901582328623,14.084359610526658,14.194971753885952
2027-02-23,0.6420139258292091,0.4388714703656287,0.46205908905724846,0.3137862350301805,0.4760059696956094,0.81111021710449,0.6264013982035114,0.41662142451102735,14.269122048038152,14.22392232431279,14.059867052422062,14.170200929351958
2027-02-24,0.6418864263450716,0.4389207558127254,0.46208674342642725,0.31359864785783165,0.47605125021124284,0.8110896649127262,0.6262353552092114,0.41641237620383326,14.244549317229275,14.199133156292465,14.03556069155267,14.145618390818639
2027-02-25,0.6417599364494807,0.4389696050449845,0.4621142820869826,0.31341252316415413,0.47609627548174693,0.8110692460739424,0.6260706538678006,0.416204965563786,14.220161791538088,14.174530977328516,14.01143760418083,14.12122121185755
2027-02-26,0.6416344101081777,0.4390179992592975,0.4621415544424252,0.31322791228887786,0.47614093084774733,0.8110489077745315,0.6259072716285792,0.4159992597933974,14.195958213616954,14.150114409144884,13.987496444876529,14.097007934098889
2027-03-01,0.6415100183736601,0.4390658842747231,0.46216855697623294,0.3130446911341795,0.4761852864213568,0.8110287031165064,0.6257450246890512,0.4157951791581901,14.171936890746778,14.125881946922737,13.963735518823286,14.0729768561413
2027-03-02,0.641386747402296,0.4391132636796226,0.4621953532100649,0.3128629913309847,0.4762292122350955,0.8110085037515244,0.6255840852870521,0.41559273636064115,14.148099175143704,14.101834929395919,13.940156176503995,14.049129232536755
2027-03-03,0.6412645056226143,0.43916017604774304,0.4622219818330868,0.3126826056901227,0.4762728989703287,0.8109883590056202,0.6254242826227574,0.4153918177586751,14.124439163919202,14.077967585742455,13.916752614899627,14.025459367905086
2027-03-04,0.641143179570827,0.4392068022621187,0.46224832817374206,0.3125036358582199,0.47631631154623094,0.8109683983293159,0.6252656212725144,0.4151923621763,14.100955035130136,14.054277806282803,13.893523070982736,14.001965435494943
2027-03-05,0.6410228602123049,0.43925303096243384,0.46227448301682605,0.312326252989108,0.47635939707162805,0.8109484039632361,0.6251082681746405,0.414994433976031,14.07764594187097,14.030764879364687,13.870466663562965,13.978646572993933
2027-03-08,0.6409034569877102,0.43929891763914114,0.46230043243424246,0.3121502281362263,0.4764021954470789,0.8109285113891753,0.6249521026602457,0.414797943253756,14.054510593749134,14.007427316393965,13.847582164888879,13.955501577657293
2027-03-09,0.6407849016820171,0.43934449775190043,0.4623262379290058,0.31197545697626755,0.4764447236168603,0.810908694260713,0.6247971449767551,0.414602928881666,14.031547791749158,13.984263928750417,13.824868409409259,13.93252932711651
2027-03-10,0.6406672021668568,0.43938966904304644,0.46235199174909575,0.31180189338703845,0.47648694389613466,0.8108888927856229,0.6246434151824872,0.41440942599822844,14.008758834385107,13.961276050065146,13.802326727865237,13.909731079795453
2027-03-11,0.6405503342987907,0.43943447536466873,0.46237759137070955,0.3116298032177346,0.47652877538554445,0.8108690881859828,0.6244909867877481,0.4142174595404621,13.986141524207055,13.938461351395144,13.779954856071383,13.887104509499446
2027-03-12,0.6404343053491726,0.4394789480525015,0.46240298533917934,0.31145911305290913,0.4765702176023159,0.8108493271727101,0.6243398371956096,0.4140269855032608,13.963693926628716,13.915817738523295,13.757750824858269,13.864647680606549
2027-03-15,0.6403192100515595,0.439523046644453,0.46242830670143587,0.31128972925620557,0.4766114422125613,0.8108297261021453,0.6241898145670828,0.4138379182615587,13.941416065684404,13.893345556179046,13.735714787227195,13.84236074815731
2027-03-16,0.6402051593985313,0.4395666768266162,0.4624534846419611,0.311121586017077,0.4766523610137984,0.8108102342007704,0.62404087391164,0.41365027873440624,13.919304831905057,13.871041625825788,13.713843543360323,13.820240490426466
2027-03-17,0.6400920552334436,0.4396098418674268,0.4624785097727718,0.3109547618186738,0.4766929897378403,0.8107908713269374,0.6238930788244031,0.4134641307540333,13.89735935476917,13.848904973877636,13.692136233030967,13.798286066160358
2027-03-18,0.639943211228358,0.4396938856485507,0.462488112533177,0.3107899706450556,0.4767334756832273,0.8108031379105388,0.6237513584958908,0.41329631690578245,13.875730002489945,13.827020498576518,13.670735823252414,13.776627777175605
2027-03-19,0.6397840452060841,0.43979011554889474,0.4624929888217789,0.3106266650786093,0.47677381584775924,0.8108251808853364,0.6236122974100728,0.41313513920439776,13.854312155578498,13.805329282783237,13.649542969065775,13.755175067489132
2027-03-22,0.6396260519001646,0.43988553208292114,0.4624978085661102,0.3104644053656293,0.4768138359445416,0.8108469955106076,0.6234742822872915,0.4129752548358974,13.833057186895564,13.783803073863023,13.628511350948806,13.733885472027552
2027-03-23,0.6394720713763209,0.43998241181808967,0.462498620925077,0.3103015343026919,0.4768587102741827,0.8108671782489112,0.623334924132061,0.4128188837062526,13.811979314282242,13.762463558118556,13.607655943575494,13.712773022145555
2027-03-24,0.6393197731638405,0.4400788841224833,0.462498672124116,0.31013963895191426,0.4769039382591162,0.8108869432806713,0.623196306472221,0.4126641840556871,13.791081972488405,13.741307809809753,13.586979225982523,13.691841222513494
2027-03-25,0.6391685666557915,0.44017474019619024,0.4624987834162927,0.30997877684378844,0.4769487267367362,0.8109065861897932,0.6230588864639649,0.41251081692440916,13.770362666957498,13.7203319253972,13.566478689886875,13.671087712295146
2027-03-26,0.6390185439286518,0.4402697574201192,0.46249908136650275,0.30981903576963254,0.4769931571959395,0.8109262230031608,0.6229226295164418,0.4123588375098204,13.749821393714713,13.699536161470167,13.546154447607146,13.65051260045164
2027-03-29,0.6388697091807385,0.4403641413697592,0.46249953221821066,0.30966060795700595,0.4770373503370259,0.810945816457141,0.6227874960762401,0.41220799025255045,13.729450105116,13.678912414115642,13.525998408778985,13.630107886740772
2027-03-30,0.6387249601923658,0.4404542836604624,0.4625022184407628,0.3094988688098818,0.4770847198976734,0.8109669655681015,0.6226497142211063,0.41205624617732983,13.709249320294392,13.658465163869446,13.506014774330145,13.609874342682042
2027-03-31,0.6385817900409252,0.44054325548885914,0.4625052582852227,0.30933787404118634,0.4771321949657005,0.8109884173419267,0.6225125552843558,0.4119056024040151,13.68921785182263,13.638189633553587,13.486199063453272,13.589810437284045
2027-04-01,0.638439715596897,0.44063157616990767,0.4625083268101532,0.30917805598239445,0.4771793902398821,0.811010026811503,0.6223763964653771,0.4117563247509724,13.66935767090452,13.618087304180968,13.466552856917227,13.569918036267955
2027-04-02,0.638298880269443,0.4407191426106818,0.46251143556342333,0.3090195219374161,0.4772262473727034,0.8110316427136647,0.6222412757438045,0.4116083267495588,13.649665720642624,13.598155241146593,13.447073079197764,13.55019413395261
2027-04-05,0.6381592974519045,0.4408059172197369,0.462514468249724,0.3088624565205548,0.4772726378899131,0.8110530533133972,0.6221072769659526,0.41146159600710247,13.630137131526793,13.57838852713914,13.427754833799904,13.530633670785416
2027-04-06,0.6380208185065934,0.4408920796643379,0.4625173859688614,0.30870667365168747,0.4773186045847086,0.8110744096328507,0.6219743363896518,0.41131604765613844,13.6107704793254,13.558785510382808,13.408596756465547,13.511235225081734
2027-04-07,0.6378834455850592,0.4409775577530335,0.46252015990092576,0.3085520373997073,0.47736404715628655,0.8110956227776318,0.6218425146681157,0.4111717653609453,13.591569226979406,13.53934963279601,13.389602324952614,13.492002220161622
2027-04-08,0.6377472713805354,0.4410622816665099,0.4625226423059632,0.3083986105840707,0.4774089648690428,0.8111167178017104,0.6217116682755621,0.4110287055476145,13.572531861138442,13.520079392140664,13.370769960875451,13.47293305168893
2027-04-09,0.6376122682979498,0.44114620622726913,0.4625250233128195,0.30824642452117185,0.4774534800139152,0.8111376734320704,0.6215818463323475,0.41088682531614484,13.55365298605503,13.500969600578847,13.352094421704642,13.454022488904684
2027-04-12,0.6374783287329477,0.4412294365295145,0.46252725630941555,0.308095571468094,0.47749755625607765,0.8111585476282912,0.6214530823673007,0.41074621003046846,13.534930973177396,13.482018423541309,13.333574051542138,13.435268840093727
2027-04-13,0.6373454766352845,0.44131203263507895,0.46252941155111826,0.3079459568779427,0.4775411955469848,0.8111793598548491,0.6213253518992065,0.4106067741343053,13.516362623276539,13.463222502911222,13.31520558443077,13.416668937164044
2027-04-14,0.6372136795316282,0.44139400898453507,0.4625314392161911,0.3077975817285455,0.47758438315011886,0.8112000253315704,0.6211986721996089,0.41046848531883334,13.497949622392092,13.444583548813053,13.29699074832372,13.398224497605208
2027-04-15,0.637076794865605,0.44148793924109647,0.4625541471075023,0.30763990627927623,0.4776478311499771,0.8112332085632643,0.6210641849810573,0.41031568603322494,13.479740503015526,13.426155185818015,13.278981468083016,13.380018366109459
2027-04-16,0.636939442869293,0.4415842496377577,0.46258168758685025,0.30748094454418357,0.47771572879999535,0.8112692199163116,0.620928689442355,0.41016034706522336,13.461696886879604,13.407895216641577,13.26113689499848,13.36198598530865
2027-04-19,0.6368031403488013,0.44167987008182924,0.4626090103670978,0.3073231995234794,0.47778305846913777,0.8113050050022201,0.6207943277705119,0.41000627301022846,13.443802360692265,13.389785942634791,13.243439784491553,13.344102608969001
2027-04-20,0.6366679000240477,0.4417747832371401,0.46263603379377755,0.30716664189728143,0.4778497156437935,0.8113406960578572,0.6206610592782859,0.40985355729934264,13.426064400562327,13.371834657007385,13.225897484793796,13.326375531474117
2027-04-21,0.6365336156683057,0.4418690762380373,0.46266270620327365,0.3070112073892638,0.4779157349675269,0.8113762515801499,0.6205288900661532,0.4097021367928259,13.408483328055064,13.354041641387473,13.208510351407527,13.308805160665296
2027-04-22,0.6364002330831388,0.441962722372397,0.4626892195659761,0.3068567719722968,0.4779812687400099,0.81141175162151,0.6203977596753972,0.40955202678493424,13.391053882488903,13.336401861189481,13.191273335767248,13.291386439161347
2027-04-23,0.6362678048027067,0.4420557600114195,0.46271560227864234,0.30670353097598985,0.47804630411668225,0.8114471458564902,0.6202677072745547,0.40940312795430683,13.373775818553,13.318915043822463,13.174186144990209,13.27411910538687
2027-04-26,0.6361364152740472,0.442148077454206,0.46274188741575395,0.3065513901831656,0.4781108520969233,0.8114823443312449,0.6201387016530662,0.4092554109917946,13.356646426602847,13.301578570586285,13.157246000030417,13.257000569431968
2027-04-27,0.6360059851550269,0.44223973093012997,0.4627679486424442,0.3064002746761097,0.4781749112188884,0.811517434092413,0.6200106785056823,0.409108919214708,13.339664933916733,13.284391555774741,13.140452175828544,13.2400299398285
2027-04-28,0.6358764620722068,0.442330795568438,0.46279375169577,0.3062503809620315,0.4782384023940459,0.8115524650517564,0.6198837460955451,0.4089636271706745,13.322829928317173,13.26735235485763,13.123803305573599,13.2232057336201
2027-04-29,0.6357478919770366,0.4424211772522664,0.46281923512262313,0.30610171129406216,0.47830130441096375,0.8115874662742604,0.6197578146574022,0.4088196404000019,13.306139565486575,13.250459191843156,13.10729753525824,13.2065259632827
2027-04-30,0.635620354192537,0.44251095317011563,0.46284449766258406,0.3059542412196052,0.47836375174985557,0.8116223711801351,0.6196328568601266,0.40867674535754334,13.289592526797756,13.23371092209641,13.090933518254738,13.189989525866002
2027-05-03,0.6354938410782063,0.4426001312305784,0.4628694480839822,0.30580806727142607,0.47842567325942675,0.8116571228382837,0.6195088566937904,0.40853495578208393,13.273186576373199,13.217105166003373,13.074708963394245,13.173594019760143
2027-05-04,0.635368216335554,0.4426887771022923,0.462894252778392,0.3056631228144918,0.4784871656189222,0.811691778203261,0.6193858859002789,0.40839423324272023,13.25692033658573,13.200640615889606,13.058622687382284,13.157338295433652
2027-05-05,0.6352436016092846,0.4427767564875583,0.4629188808663504,0.30551941279703176,0.4785481239860955,0.811726212617652,0.6192639784902713,0.40825465813020506,13.240793518940437,13.184317024580722,13.04267432257302,13.141221959163067
2027-05-06,0.6351200143403982,0.44286408843301006,0.46294314607580866,0.3053768916832852,0.47860845318625644,0.8117604061219601,0.6191430689134433,0.40811625919679695,13.224804803846615,13.168132888750902,13.026862426764081,13.125243474402533
2027-05-07,0.634997391470721,0.4429507225460372,0.46296721206477054,0.30523546259488066,0.47866832797264103,0.8117943481739348,0.6190230973984524,0.40797898403342286,13.208952101256383,13.152086437721547,13.011185100809742,13.109400999295772
2027-05-10,0.6348757555675321,0.4430367077470017,0.46299107844841425,0.3050952174292781,0.47872770518759244,0.8118281721871441,0.6189040929594724,0.4078428276956595,13.193234454265205,13.13617658948726,12.99564138047025,13.093693501902896
2027-05-11,0.6347550601047353,0.4431220612620145,0.463014692708962,0.3049560576733704,0.47878647438776617,0.8118618721725192,0.6187860877172868,0.4077078518119081,13.177652102050295,13.12040333813739,12.98023145137712,13.07812110902982
2027-05-12,0.634635331230056,0.4432068540421789,0.4630380537215908,0.30481806944593626,0.4788447512298231,0.8118954626158098,0.6186690263442235,0.4075738964363517,13.162203933374098,13.104765621269268,12.9649542231,13.062682858660736
2027-05-13,0.6345164068753415,0.4432911737659224,0.4630612418804773,0.304681232630384,0.47890262590666016,0.8119289250263437,0.6185529362360843,0.4074409333614953,13.1468862101111,13.089259719293965,12.949806064071636,13.047375153108915
2027-05-14,0.6343984254564463,0.4433748845519795,0.4630841995320035,0.3045455817091396,0.47896001841801117,0.8119621492081063,0.6184377827622978,0.4073090189629352,13.131698786451224,13.073885631106238,12.934786776727139,13.032197679139445
2027-05-17,0.634281405355922,0.4434579363657685,0.46310695347918795,0.30441109845167236,0.4790168787978223,0.8119951822556267,0.6183235904900396,0.4071782297667926,13.11663897913064,13.058640590194823,12.919893697225444,13.017147658034977
2027-05-18,0.6341651685880841,0.44354046593121604,0.4631295612256975,0.304277579432537,0.4790733247862667,0.8120281317057602,0.6182103156289765,0.40704849804892657,13.10170729743364,13.043524955323692,12.905127409729346,13.002225781249372
2027-05-19,0.6340497942254641,0.4436223988037127,0.4631521168462242,0.3041451348317893,0.47912942964326577,0.8120610228214022,0.6180979567862301,0.40691977784274064,13.086902728077947,13.02853791032672,12.89048690550775,12.98743128501861
2027-05-20,0.6339354088591361,0.4437037016522297,0.4631744433629612,0.304013823336809,0.47918507306887054,0.8120937407800454,0.6179865085119755,0.40679209457823734,13.072222973003676,13.0136771781583,12.875969806838725,12.972761488173786
2027-05-21,0.6338219212261659,0.44378446312113334,0.4631965010596418,0.30388372354688936,0.4792402529970044,0.8121262791428037,0.6178759956041293,0.4066654355266143,13.057665431299313,12.998939987694408,12.86157353560083,12.958213697354253
2027-05-24,0.6337081477956701,0.44386662976338326,0.46321829347992727,0.3037561187560681,0.47929672387448163,0.8121571256750167,0.6177677723857123,0.4065374277783732,13.04322772267371,12.984322720495136,12.847293689860084,12.943783257958195
2027-05-25,0.6335936430771723,0.4439508398770426,0.4632399219325439,0.3036312653176983,0.4793549913122663,0.8121861000750502,0.6176621564432255,0.40640743074315305,13.028911059711465,12.969826132606245,12.833131077754919,12.929471241352422
2027-05-26,0.6334800994915972,0.44403440290060214,0.463261319518115,0.30350755339329666,0.4794127834710217,0.8122149890822065,0.6175574130385256,0.4062784499937286,13.014714614803482,12.955451082421721,12.819087362715594,12.915279432222556
2027-05-27,0.6333675360534882,0.44411734245556517,0.46328248858518517,0.30338496316149954,0.4794701162764468,0.812243777139538,0.617453463044019,0.40615044013450574,13.000636732100592,12.941195961581109,12.80516086596749,12.901206146484208
2027-05-28,0.6332558745194284,0.4441996628564129,0.46330341091336125,0.30326332210009094,0.47952695269187773,0.8122724088510663,0.6173503419587463,0.4060234522268698,12.986675901595117,12.927059203242113,12.791350125537875,12.887249860460274
2027-05-31,0.6331450466551729,0.4442814415460738,0.4633240817193157,0.3031426623060223,0.4795833740036318,0.8123008486577238,0.6172480397890848,0.4058974111014276,12.972830022350314,12.913038753577034,12.777653122929822,12.873408485103353
2027-06-01,0.6330351404354772,0.4443625885172236,0.46334460506286257,0.3030232657944442,0.4796393507723453,0.8123290672789264,0.6171466805399974,0.40577230562817956,12.959098403388237,12.8991340292254,12.764069187354488,12.859681358630558
2027-06-02,0.6329262379178531,0.44444302421736526,0.46336491801650365,0.30290495686794217,0.47969479541483945,0.8123570338131569,0.6170461703707265,0.40564823022787083,12.945481148135732,12.885345124305006,12.750598356443565,12.84606840482499
2027-06-03,0.632818031141068,0.4445235921868279,0.4633853157909921,0.30278720671651654,0.47975032201012907,0.812385191865875,0.6169463243588834,0.40552443963656165,12.931978287365666,12.87167105296049,12.737240248931547,12.83257047474598
2027-06-04,0.6327100610161523,0.4446044388594841,0.46340721004452046,0.30267143389786105,0.4798030902911032,0.8124134460605704,0.6168492923735873,0.40540144982298804,12.918588608217844,12.85810703913748,12.723988867690265,12.819188385916016
2027-06-07,0.6326026657000436,0.4446849468903633,0.46342944480636966,0.30255700341141584,0.479854464507448,0.8124415374867844,0.6167538082116517,0.40527947517595403,12.905309402773351,12.844653265132804,12.710844964929487,12.805917499808334
2027-06-08,0.6324960132768632,0.44476487625245364,0.4634513561602193,0.3024436396171613,0.4799052867595808,0.8124693813834264,0.6166592275827482,0.40515858821464923,12.892140534864707,12.831310982574212,12.697810232156709,12.792756761834761
2027-06-09,0.6323902129540289,0.44484418751929855,0.4634729202871921,0.3023313232150718,0.4799555618852622,0.8124969970502685,0.6165654786949424,0.4050387381609391,12.879080681286586,12.818078927743978,12.684883345594328,12.779704763739701
2027-06-10,0.6322852367790278,0.4449229316116807,0.4634942510258225,0.3022199608655089,0.4800053967334216,0.8125243036168932,0.61647250212071,0.4049197833983778,12.866129256650327,12.80495671588253,12.672063775145439,12.766761085134187
2027-06-11,0.6321811215844749,0.44500111069684073,0.46351539636106,0.3021095978409513,0.480054778195626,0.8125513785993567,0.6163803004981692,0.4048017130962055,12.853284516628557,12.791942527201439,12.659349776775993,12.753923999097402
2027-06-14,0.6320778384612274,0.44507866850091954,0.4635363132393583,0.3020002541366042,0.480103720434327,0.8125782998197864,0.6162889008139595,0.40468462891855517,12.84054484713079,12.779034663540578,12.646739770037163,12.741191842658571
2027-06-15,0.6319752857121274,0.4451556795071776,0.4635570634138433,0.301891788211006,0.48015230232277634,0.8126050820526975,0.6161982971826261,0.40456851485759754,12.827909491749388,12.766232355344174,12.634233081617033,12.72856395707586
2027-06-16,0.6318736089533917,0.4452320754571359,0.46357764646822114,0.3017843474297357,0.4802004838043625,0.8126317272046515,0.6161084359364265,0.40445333223730423,12.815375945759618,12.753533178395706,12.621827132109072,12.716037782874952
2027-06-17,0.6317729127672418,0.44530788057069204,0.4635978784683994,0.3016779584354024,0.4802482018112694,0.8126581520750856,0.6160192896696381,0.40433903750651407,12.802945444396856,12.740938362704735,12.609523056837828,12.703614365606319
2027-06-18,0.6316731191409114,0.445383094928702,0.4636179097718231,0.30157248677220927,0.4802954869098214,0.8126843164765083,0.615930888207478,0.4042256517073758,12.79061633912657,12.728446293592812,12.59731933233119,12.691292114531347
2027-06-21,0.6315742241767445,0.4454576759028682,0.4636376976913059,0.3014680168189398,0.4803423474966268,0.812710306825141,0.6158432106489015,0.40411319287967906,12.778387457939388,12.71605572780213,12.585214761042455,12.679069859691596
2027-06-22,0.6314762169088662,0.4455316047339505,0.4636573371862799,0.3013644911923512,0.4803888273150672,0.8127361705314526,0.6157562642629093,0.40400163397608063,12.76625919692255,12.703767126523605,12.573209753655838,12.666948279743336
2027-06-23,0.6313790587942717,0.44560493410973623,0.46367673094356743,0.30126184267327244,0.48043484593654073,0.8127618138887857,0.6156700401046736,0.40389094335443315,12.754229566218331,12.691578392108216,12.561302327982888,12.654925208442899
2027-06-24,0.6312827008366219,0.44567773751906603,0.46369600438030956,0.3011600969693527,0.4804805519078201,0.8127872869817057,0.6155845036599306,0.40378101016816814,12.742298893366799,12.679489980453557,12.549492892443759,12.643001117313554
2027-06-25,0.6311871290447706,0.44575002277548825,0.4637151341658042,0.30105932307863154,0.4805258951045846,0.8128125649934965,0.6154997169362834,0.4036718983956367,12.730465049291011,12.66749965181601,12.537779317173028,12.631173862995011
2027-06-28,0.6310922318200146,0.4458218088233413,0.46373424024073046,0.3009593248133232,0.4805709695125234,0.812837662105971,0.6154156755752291,0.40356363525994393,12.71872708424082,12.655606498646504,12.526160768590382,12.619442649840119
2027-06-29,0.6309981819509504,0.44589294499166526,0.46375334303543103,0.30086019739188885,0.48061577178025555,0.8128625632624619,0.6153323269349262,0.4034562206343382,12.707084510794568,12.643810276890743,12.514636762135003,12.60780686591962
2027-06-30,0.6309048516371469,0.4459635063036781,0.4637723234213624,0.3007618170507987,0.48066024611776936,0.8128872270145926,0.6152496308860018,0.40334967948604766,12.69553825502823,12.63211173439218,12.503208172809686,12.596267356435252
2027-07-01,0.630812225381265,0.446033555503732,0.46379121193481376,0.3006640757575842,0.48070440525239644,0.8129116877829239,0.6151675513613512,0.403243958952785,12.684087352210161,12.620509821125749,12.491873996880093,12.58482323437211
2027-07-02,0.6307203472141021,0.44610309806769527,0.46380998651022265,0.30056715846635385,0.4807482327480038,0.8129358529238521,0.6150861848686078,0.4031390801977345,12.672729483403804,12.609002191399698,12.480631876566372,12.573472082261615
2027-07-05,0.630629159753942,0.44617218040356565,0.4638285502902823,0.30047113994383556,0.48079173641761896,0.812959862262796,0.6150054464274345,0.40303499876084037,12.66146595926924,12.597590101367134,12.469483133548367,12.56221520571398
2027-07-06,0.630538715190359,0.44624074757411014,0.46384691316512633,0.3003759918931534,0.4808348560550145,0.8129837304779541,0.6149253997343392,0.40293175957997945,12.65029655568703,12.586273219526936,12.45842751659983,12.551052374301745
2027-07-07,0.6304489962305798,0.4463086854901388,0.4638651746728685,0.3002815326267513,0.48087763972395303,0.8130073875385422,0.6148459876326422,0.4028293990336799,12.639215330160983,12.575045764364443,12.447459205921623,12.539977734813618
2027-07-08,0.6303599537384303,0.4463760554147977,0.46388332128669496,0.30018769183610294,0.4809201392377438,0.8130308059653656,0.6147671609399131,0.4027278991260507,12.62822510067514,12.563910594059974,12.436580999015103,12.528994085798221
2027-07-09,0.6302716934783383,0.4464427708707269,0.46390125618683875,0.3000946905148421,0.4809622483660748,0.8130540687442326,0.614688974645413,0.4026273769881051,12.617327450782401,12.552869259030368,12.425794433053012,12.518102807987415
2027-07-12,0.6301842592250589,0.44650878886416256,0.4639190300979601,0.3000024420650396,0.4810039551929878,0.8130770914511443,0.6146114420562024,0.40252781438033514,12.606520211764803,12.541919610351403,12.415097336054336,12.507301799493614
2027-07-13,0.6300975593760693,0.4465743037618596,0.4639366425780689,0.2999108465619495,0.4810453924528657,0.8131000137117935,0.6145344728903013,0.4024290494388804,12.595800992545525,12.531059147866655,12.404487370562865,12.496588707793217
2027-07-14,0.630011678022123,0.44663918106729317,0.4639542288702436,0.2998200109967472,0.48108660304912404,0.8131227990080393,0.6144580901319138,0.4023310625846544,12.585167605787468,12.520285924962694,12.393962415750241,12.485961510368348
2027-07-15,0.6299267148246237,0.44670340026308236,0.4639717432176521,0.29972994144258264,0.4811275320965863,0.8131454004670451,0.6143822855384343,0.40223387034186436,12.574622194865936,12.509602086685724,12.383524508011952,12.475422219424498
2027-07-16,0.6298426061997906,0.4467668860668517,0.4639891690519037,0.29964055476822943,0.4811680876670542,0.8131677436394704,0.6143070867765608,0.4021376302236957,12.564164711371332,12.49900753023234,12.373173617622495,12.464970710248172
2027-07-19,0.6297591516840304,0.44682985188649493,0.464006472069,0.2995518446593697,0.48120835038025533,0.813189929360244,0.6142324897779646,0.4020422364405914,12.553792028566148,12.488498930190094,12.362906689870602,12.454603920529681
2027-07-20,0.629680070335311,0.4468982290927383,0.46402212626486694,0.2994619114606555,0.481239222574357,0.8132106746844292,0.6141551550757814,0.4019354564842999,12.543510172830183,12.478079236580596,12.352720645997257,12.444299892080462
2027-07-21,0.6296019931985315,0.44696648841481273,0.46403750536149574,0.2993725895320284,0.48126918716863076,0.8132311706175336,0.6140781909034574,0.401828631904667,12.5333113901832,12.467743555436876,12.342616208491187,12.43407696418895
2027-07-22,0.6295244649233402,0.4470342547595711,0.464052845094115,0.29928392852592534,0.4812989324818626,0.8132515063454743,0.6140019137200469,0.4017226833335623,12.523196202695491,12.457492506795425,12.332594619223505,12.423937858058125
2027-07-23,0.6294476485992633,0.44710137523297927,0.46406806975488524,0.2991960467260409,0.4813284529693283,0.813271643605249,0.6139262446731893,0.4016176103211077,12.5131623637197,12.447324077836946,12.322653647231892,12.413880310283815
2027-07-26,0.6293715216380897,0.4471678062206073,0.46408324757678576,0.2991088647164546,0.48135775334697145,0.8132915570174171,0.6138511754030707,0.4015134449537022,12.50321094260377,12.43723947972998,12.312794440900444,12.403905506008504
2027-07-27,0.6292961168690852,0.4472335108950357,0.4640983475871079,0.2990223211817259,0.4813867973244681,0.8133112182039614,0.6137766757340816,0.40141020857636905,12.493341103355775,12.42723785201825,12.303016157166997,12.394012476150188
2027-07-28,0.6292213371778278,0.4472987310417144,0.4641133090218754,0.29893653344473636,0.48141566390882323,0.8133307385297658,0.6137027413106296,0.4013077255229263,12.48355193717629,12.417318013454018,12.29331781210762,12.384200348416858
2027-07-29,0.6291471374121934,0.44736343598966827,0.46412812851738383,0.2988513416951394,0.48144427180538096,0.8133500653403768,0.613629395219319,0.40120612899502534,12.473843011498177,12.407479447882109,12.283698967531725,12.374468600101737
2027-07-30,0.6290735933938802,0.4474275566028672,0.46414277151061106,0.2987668130540988,0.48147264384274036,0.8133691629079186,0.6135565775507902,0.4011054150442639,12.464213942338013,12.397721874632344,12.274159176780891,12.364816837107442
2027-08-02,0.6290009940382546,0.4474887331812431,0.46415079152722255,0.2986783201365621,0.48149759684685667,0.8133839568586616,0.613483633627503,0.40100800584578894,12.454647703225328,12.388025386222829,12.264679642597267,12.355225190838103
2027-08-03,0.6289291405310065,0.44754893720033845,0.46415756198057506,0.2985897942969651,0.4815217330149071,0.8133978477580565,0.6134112027997705,0.4009118159836031,12.445158597696908,12.37840665217513,12.255276166207596,12.345710332582662
2027-08-04,0.6288578443312681,0.44760870638758427,0.4641643385980896,0.2985019461711892,0.48154575013947665,0.8134116699567465,0.6133393615575912,0.4008163463971782,12.435745997607562,12.36886548871937,12.24594851830679,12.336272305786451
2027-08-05,0.628787106037321,0.44766800467667967,0.4641710765051288,0.2984147906956929,0.4815696147612692,0.8134253470947826,0.6132681366606728,0.40072166066293197,12.426409191008398,12.359401203109439,12.236696006001338,12.32691034917914
2027-08-06,0.628717034294889,0.44772660506568096,0.4641778139706791,0.2983283567148377,0.4815932430513874,0.8134387840813159,0.6131975569120806,0.400627908927608,12.417147970342917,12.35001372768373,12.22751842334751,12.317624160976912
2027-08-09,0.6286476039419269,0.4477846122005855,0.4641845088701216,0.29824255423437807,0.48161666708324996,0.813452087125319,0.6131275250113404,0.4005350012360736,12.407960773200557,12.340701401913305,12.218414206005164,12.308412226802801
2027-08-10,0.6285787517511735,0.44784213734711154,0.464191141714528,0.2981574079928848,0.4816399522191697,0.8134653076687458,0.6130580028206615,0.40044283024972477,12.398846372837715,12.331462959848185,12.209382154902723,12.29927330433607
2027-08-11,0.6285104874432762,0.44789912863768555,0.46419777557847275,0.2980729459676523,0.4816630868243246,0.8134783814634026,0.6129890535276159,0.4003514099148818,12.389804461129726,12.3222981555272,12.200421983759567,12.290207119873628
2027-08-12,0.6284428415987003,0.44795559148855385,0.46420446291064504,0.2979891298428973,0.48168608836884774,0.8134913022042985,0.6129206596591055,0.40026071215947,12.380834877138504,12.313206859755413,12.191533514729638,12.281213549188656
2027-08-13,0.6283757869740645,0.4480115119862048,0.4642111329454236,0.29790597312208933,0.4817088957177121,0.8135040389324787,0.6128528429766181,0.4001708286682895,12.371937567955388,12.304188938568778,12.182716667366336,12.272292450705496
2027-08-16,0.6283092931494515,0.4480669188439468,0.46421777028257694,0.29782351493317255,0.48173151052557245,0.8135166160954648,0.6127856097314025,0.40008171128235126,12.363110060898874,12.295241860502253,12.173969000259294,12.263441359646125
2027-08-17,0.6282434163349528,0.4481217999258345,0.4642243882418468,0.2977417526573948,0.4817539631062201,0.8135290554516499,0.6127188843307786,0.39999332091247813,12.354352669682996,12.286366041262934,12.165290832657817,12.254660594704085
2027-08-18,0.6281781347818258,0.4481762017653097,0.46423100171763754,0.29766064683706783,0.4817762904744158,0.813541375126123,0.6126526849965823,0.3999056273293092,12.345664575764093,12.277560620991707,12.156681356212413,12.24594936072276
2027-08-19,0.6281133515577516,0.44823014616273615,0.4642376231595382,0.2975801668466787,0.4817984504805846,0.8135535433732239,0.6125870623488616,0.39981865951604173,12.337045880708086,12.268825571861404,12.148140669874609,12.237307782989184
2027-08-20,0.6280491560940551,0.44828356928174834,0.46424420425596646,0.29750038343710783,0.48182045730213974,0.813565578913116,0.6125219623956366,0.3997323963245899,12.328495734433771,12.260160158596944,12.139667929962938,12.228734990694871
2027-08-23,0.6279854920363217,0.4483364850270848,0.4642508013155817,0.2974212571654589,0.481842308785034,0.8135774707220775,0.6124574116014462,0.39964686922942455,12.320013750539381,12.251564008109579,12.131262803761468,12.220230643827545
2027-08-24,0.627922389469295,0.44838889069387944,0.4642573337605451,0.2973427853356378,0.481863948356964,0.8135891973698574,0.6123934071069239,0.3995620896549747,12.31160011366314,12.243037215843101,12.122925422091631,12.211794819577227
2027-08-25,0.6278597996197718,0.4484408830923444,0.4642638332909454,0.29726495705854594,0.481885435291344,0.8136007794578684,0.6123299305707286,0.3994779623630435,12.303253156392977,12.234578047457546,12.114654122171832,12.203425895977741
2027-08-26,0.6277977012185403,0.44849246764098283,0.46427029888204185,0.2971877766956727,0.48190675550626116,0.8136122226845686,0.6122669971584802,0.3993945172410859,12.294972739408191,12.226186341989388,12.106448769443546,12.195123717263543
2027-08-27,0.6277361418785701,0.4485435733483019,0.464276709166243,0.2971111969293748,0.4819279033333193,0.8136235285903762,0.6122045510877024,0.3993117699145718,12.286759037057786,12.217862344830493,12.098309524167108,12.186888450098843
2027-08-30,0.627675423782267,0.44859386872881335,0.4642826351617082,0.2970352057262936,0.4819487660555293,0.813634599943731,0.6121426593360689,0.3992301906859139,12.278611376596308,12.209605281712003,12.090235702878587,12.178718803228712
2027-08-31,0.6276154769049155,0.4486434562164746,0.46428806080726676,0.29695982965979395,0.4819693521624737,0.8136454751952442,0.6120813374058871,0.39914972478466687,12.270529938056306,12.201415204818723,12.082227464447914,12.170614975145018
2027-09-01,0.627555972254031,0.44869268469087503,0.4642934764867498,0.29688505345840954,0.4819898263772886,0.8136562762804571,0.6120205148790842,0.39906987705273167,12.262513923442441,12.193291443983115,12.074284071789299,12.16257684363386
2027-09-02,0.6274969286010659,0.44874152774790854,0.46429884639005686,0.2968109012932604,0.48201014938108816,0.8136669714489345,0.6119602067055016,0.3989906819994264,12.254562996160997,12.185233646182091,12.066405176276941,12.154604032045661
2027-09-03,0.627438363741766,0.4487899169460465,0.4643042076330977,0.2967373195909796,0.4820302982804777,0.8136775146920604,0.6119004049911085,0.3989121738269614,12.246676267137765,12.177240964143255,12.058589900167018,12.146695641165573
2027-09-06,0.6273803069001069,0.44883788258072743,0.4643095306266394,0.29666432950425226,0.4820502821464187,0.8136879403475863,0.6118410941488558,0.3988343079878884,12.238852701408018,12.16931232806639,12.05083720535599,12.138850623813699
2027-09-07,0.6273227383246179,0.4488854505060348,0.46431480179676965,0.2965919342630537,0.48207010706044934,0.8136982761369665,0.6117822680632286,0.3987570760348547,12.231092075777141,12.161447490292892,12.043146873584453,12.131068735570691
2027-09-08,0.6272656541218373,0.44893260725274986,0.4643200168957005,0.2965201337483057,0.4820897436471373,0.8137085028389803,0.611723934241591,0.3986804963770105,12.223394250113046,12.153646291877788,12.03551876603733,12.123349787403578
2027-09-09,0.6272090338289913,0.44897936948110745,0.4643252133988759,0.296448925740448,0.4821092244960602,0.8137186184876707,0.611666093902293,0.39860454312207166,12.215758525365226,12.145908055674585,12.027952202037564,12.115693137430844
2027-09-10,0.6271528828119259,0.449025738128811,0.46433038608821353,0.29637829432950136,0.4821285661806571,0.81372863522274,0.6116087201028618,0.398529207129393,12.208184493594654,12.138232398027661,12.02044678006535,12.108098383158577
2027-09-13,0.627097201820183,0.44907171019614356,0.46433551793860456,0.29630824640802655,0.48214775044673236,0.8137385465981665,0.6115518235150154,0.39845449141618,12.20067179505818,12.130618931010684,12.01300213810108,12.10056514611284
2027-09-14,0.6270419825944225,0.4491172843683595,0.46434061392170806,0.2962387858344734,0.48216676948129256,0.8137483617965117,0.6114954003197973,0.3983803967227279,12.193219904070265,12.123067109414349,12.005617755323861,12.093092880646012
2027-09-15,0.6269871270384527,0.4491625164558353,0.4643445621522079,0.29615659784429793,0.4821849680731966,0.8137579578674701,0.6114358834990851,0.39830576229740394,12.18584390129924,12.115585763997064,11.998305178140386,12.0856956187028
2027-09-16,0.6269327276962571,0.44920736123611316,0.4643483470174425,0.2960736253271431,0.4822029374532141,0.8137674473268469,0.6113764616713319,0.39823162396523537,12.178529490829373,12.108166200810903,11.9910532817857,12.07836000753882
2027-09-17,0.6268787884563387,0.44925182197045893,0.4643520883174933,0.2959913338138086,0.48222074886066424,0.8137768480344886,0.6113175195055262,0.39815810168741017,12.171274375835765,12.100806801635784,11.983860163737809,12.07108384560114
2027-09-20,0.626825274096955,0.4492959206349328,0.4643557865210315,0.29590973286111066,0.4822384007774515,0.8137861716356135,0.6112590745582759,0.3980852066011833,12.1640796402922,12.093508598844917,11.97672689742143,12.063868219089287
2027-09-21,0.6267721741404292,0.44933968080981046,0.4643594217186012,0.29582878559072134,0.48225589272043157,0.813795427160171,0.6112011147006468,0.3980129247936686,12.156945091704701,12.086271370352442,11.969653289545626,12.056712915807312
2027-09-22,0.6267195091359469,0.44938307908241376,0.46436303157386394,0.2957484852196183,0.48227323000690814,0.813804608120047,0.6111436376910803,0.39794125250343126,12.149870434209928,12.079094863085656,11.962639055766735,12.049617678248364
2027-09-23,0.6266672897865778,0.4494261100441027,0.464366627165896,0.2956688658092129,0.4822904197737691,0.8138137062855629,0.611086653432629,0.39787017885232695,12.14285548632591,12.071978922033235,11.955684021448414,12.042582330001704
2027-09-24,0.6266155054377176,0.4494687812806689,0.464370191009013,0.29558991430133974,0.48230746304796435,0.8138227351741555,0.61103014300266,0.39779969861191,12.135899198720036,12.064922476097808,11.948787141662411,12.03560581467181
2027-09-27,0.6265641522909748,0.44951110583764303,0.4643736971597952,0.29551162413898446,0.4823243433710005,0.8138317016532831,0.6109741037679312,0.39772981883278863,12.129001336085683,12.057925240029599,11.94194817135922,12.028687844302901
2027-09-28,0.626513221971773,0.44955309405328103,0.4643771605759711,0.2954339854593043,0.48234108010699167,0.8138406164016185,0.6109185335372725,0.39766051872312375,12.122161147229559,12.050986459122313,11.935166374687947,12.021827693288229
2027-09-29,0.6264626938614699,0.4495947609712497,0.46438057510791536,0.29535696907111975,0.4823576698189805,0.8138494786100692,0.6108634230871738,0.39759179892353197,12.1153789842807,12.044106462124326,11.9284420972744,12.01502571886712
2027-09-30,0.6264126057200887,0.44963608393073745,0.4643839353499182,0.29528059313599275,0.4823740991323004,0.8138582833876257,0.6108087619094292,0.39752365296419523,12.108654280330772,12.037284700884635,11.921774758367857,12.008281330094276
2027-10-01,0.6263629506828632,0.4496770496503406,0.46438724544645577,0.2952048480346323,0.4823903692328842,0.813867021248247,0.6107545521782104,0.39745609615127797,12.101986447512889,12.030520597013568,11.915163788137333,12.001593925312026
2027-10-04,0.6263136789607521,0.44971770274351086,0.46439052267441905,0.295129720126875,0.4824064963633586,0.8138757122197747,0.6107007917415347,0.3973890997943625,12.095375099432534,12.023813723849024,11.908608811151575,11.994963170589854
2027-10-05,0.626264793601457,0.4497580279026263,0.46439377856193387,0.2950551877717258,0.48242247767017865,0.8138843517738537,0.6106474825470252,0.3973226757832166,12.088820560930222,12.017164420131808,11.902110163797108,11.988389387048862
2027-10-06,0.6262162927184247,0.4497980524177101,0.464396988113035,0.29498128028278736,0.48243832680992876,0.8138929550886373,0.6105946193417202,0.39725680463756635,12.082321865289238,12.01057168325186,11.895666869378966,11.98187159369744
2027-10-07,0.6261682230097579,0.4498377208559461,0.46440014549177816,0.2949079882778468,0.4824540260820356,0.813901510667188,0.6105421811134221,0.3971915106244878,12.075878545093921,12.0040350972677,11.889278459331722,11.975409294586552
2027-10-08,0.626120550915448,0.449877063994752,0.46440327694223726,0.29483528224646016,0.4824695830406477,0.8139100237388663,0.6104901671972081,0.39712676607356134,12.069490289057605,11.997554336792588,11.882944640639744,11.969002197749955
2027-10-11,0.6260732683352203,0.44991609499110574,0.46440637270525575,0.2947631507082358,0.4824849960934573,0.813918498662742,0.6104385766747876,0.3970625629624848,12.063156428793011,11.991128697905957,11.876664746620795,11.962649630002414
2027-10-12,0.6260263768003683,0.44995482225475836,0.46440943200179724,0.29469162495410045,0.4825002716987934,0.8139269369551178,0.6103874179397912,0.39699888954418,12.056877295792765,11.984758507478595,11.870439099863491,11.956351943671004
2027-10-13,0.6259798706399569,0.4499932372192077,0.46441244101906376,0.2946206962704797,0.48251540610378796,0.8139353320930524,0.610336686507503,0.39693575894515337,12.0506518539088,11.97844272580753,11.86426667509645,11.95010807327026
2027-10-14,0.6259337118448287,0.4500313739083778,0.46441542133875924,0.2945503040012146,0.48253041307108113,0.813943674802926,0.6102863685105906,0.396873154495127,12.044479792011705,11.97218101537303,11.858147166068127,11.943917732817404
2027-10-15,0.6258879235235154,0.4500692167392757,0.464418369659276,0.29448048723956777,0.48254529024836357,0.8139519818152288,0.610236468093189,0.39681106427562324,12.038360724781114,11.965973009494013,11.8520801975019,11.937780548687028
2027-10-18,0.6258425094069534,0.4501067641111912,0.4644212705162217,0.2944112476821703,0.482560027337814,0.8139602508595634,0.6101869845487421,0.39674949570497375,12.032294974112594,11.959819011939242,11.84606607919319,11.931696807962204
2027-10-19,0.6257974797648861,0.45014400239895175,0.46442413951832406,0.29434259260556994,0.48257463382495774,0.8139684832353605,0.6101379143707846,0.3966884477243696,12.026281872159746,11.953718386653138,11.840104160874759,11.925665852240883
2027-10-20,0.6257528073350387,0.45018095791751533,0.46442698788844244,0.2942745053670407,0.4825891272181043,0.813976696286964,0.6100892473477594,0.39662790435200707,12.020320521328113,11.947670204190034,11.834193550070351,11.919686808917389
2027-10-21,0.6257084959679732,0.4502176174708526,0.46442981742327194,0.29420696334514107,0.48260349457775253,0.8139848732358385,0.6100409790733099,0.3965678660485053,12.01441064748448,11.941674191839194,11.828333977227368,11.913759381876643
2027-10-22,0.6256645272775702,0.4502540087764377,0.4644326317844334,0.29413994502203594,0.4826177555882872,0.8139930095980503,0.609993104014686,0.3965083047300166,12.00855165987715,11.935729758053293,11.822524858746995,11.907883009731234
2027-10-25,0.6256209091154927,0.4502901206680525,0.4644354060426368,0.29407345509783167,0.4826318931712551,0.8140011229460398,0.6099456165025448,0.3964492416594466,12.002743263929867,11.929836569270064,11.816765887601246,11.90205736436749
2027-10-26,0.6255776440075332,0.4503259546006702,0.4644381357336201,0.2940075030406286,0.4826458965515744,0.8140091997701199,0.6098985243867817,0.39639067809641515,11.996985326979962,11.923994484990306,11.811056932676161,11.896282292680311
2027-10-27,0.6255347255549448,0.4503615074617443,0.46444082529333075,0.29394210546635613,0.4826597664667659,0.8140172411190534,0.6098518209200781,0.39633261029299655,11.991277128359435,11.918202793302692,11.805397284010887,11.890557073133756
2027-10-28,0.6254921549321494,0.4503967845362323,0.4644434765171961,0.2938772392252755,0.48267350970411593,0.8140252317719512,0.6098055010375202,0.3962750266486215,11.985618633400566,11.912461467807073,11.79978690436706,11.884881689915527
2027-10-29,0.6254499224205035,0.4504317956291573,0.4644460807910925,0.29381290094088497,0.4826871248988177,0.8140331781081762,0.6097595623340907,0.3962179198036404,11.980009247691088,11.906769886980923,11.79422520115101,11.879255537583258
2027-11-01,0.6254080164406319,0.45046653651219776,0.4644486924742872,0.2937490859802348,0.48270062845244743,0.8140410824741108,0.6097140214425507,0.39616128755888474,11.974448099938593,11.901127201920875,11.788711336893444,11.873677774325596
2027-11-02,0.6253665311866408,0.45050089468830395,0.4644512835024357,0.2936859660834314,0.4827137995338718,0.8140488987170834,0.6096690093320376,0.3961051752936504,11.968936342460594,11.895534484744385,11.783246387190905,11.868149413548844
2027-11-03,0.625325580219412,0.4505346813055589,0.46445392170566946,0.2936237357734799,0.4827262754590741,0.8140565193688898,0.6096247726776792,0.3960496390174481,11.963474897379564,11.889992558548764,11.777831215944769,11.862671174058692
2027-11-04,0.6252849419806075,0.45056822265035656,0.4644565363706615,0.2935619994722123,0.48273865298038815,0.814064099871863,0.6095809003818746,0.39599454492944036,11.958060552064062,11.884498370180987,11.772462752880722,11.857240172998116
2027-11-05,0.6252446493067383,0.4506014829785863,0.46445912953590796,0.29350077641370265,0.4827509247174011,0.8140716494521044,0.6095373824439501,0.39593991288106634,11.952693416995682,11.879052060081744,11.767141092332897,11.851856499821219
2027-11-08,0.6252046778171104,0.4506344850297636,0.4644616664035369,0.2934400566536801,0.48276305346578896,0.8140791584106885,0.6094942414094787,0.39588576167936534,11.947373444264626,11.87365348155958,11.761866166320265,11.846520079406107
2027-11-09,0.6251650312695769,0.45066723099278333,0.46446415649195794,0.29337983865146944,0.4827750554692265,0.814086632382943,0.6094514647560376,0.39583206754616246,11.94210035836257,11.868302387073806,11.756637713422847,11.841230640358457
2027-11-10,0.6251257057413941,0.45069973689835047,0.46446659037238486,0.29332013541151936,0.4827869430886653,0.8140940702029625,0.6094090420719694,0.3957788101258805,11.93687315830583,11.862997771239312,11.751454733681143,11.835987203082139
2027-11-11,0.6250867009763816,0.4507320008409013,0.4644689756326765,0.29326094918465045,0.4827987058535552,0.8141014646174816,0.6093669834261927,0.39572598791705976,11.93169148323006,11.857739263145492,11.746316866127968,11.83078941047884
2027-11-12,0.6250480460843413,0.45076399536082806,0.4644713302215636,0.2932022735350145,0.48281034054852767,0.8141088257387809,0.6093252841182274,0.3956736139373252,11.926554884146945,11.852526435454825,11.74122366788175,11.825636789623582
2027-11-15,0.6250097106475708,0.45079574187960736,0.46447366183462796,0.2931441156277126,0.4828218700580751,0.8141161576690775,0.6092839465838273,0.395621676807614,11.921463116295588,11.847359048567835,11.736174917589803,11.820529127135556
2027-11-16,0.6249716811383152,0.4508272390673178,0.4644759677460499,0.29308645441643855,0.48283329322469737,0.8141234750200939,0.6092429579451248,0.39557017474309303,11.916415893993024,11.842236804145614,11.731170340249014,11.815466153849625
2027-11-17,0.6249339921798445,0.4508584584697816,0.46447822875020156,0.2930292900585326,0.4828445920386719,0.814130745350795,0.6092023238110826,0.3955191223681283,11.91141287765979,11.83715938377778,11.72620959014801,11.81044746977423
2027-11-18,0.6248966088815499,0.4508894397118767,0.46448045240458674,0.2929726216938324,0.4828557802382806,0.8141379689066375,0.6091620374819838,0.39546850063198385,11.906453792371899,11.832126480338461,11.7212923862514,11.80547282273402
2027-11-19,0.6248595239989981,0.4509201840482294,0.46448262629315173,0.29291644361247593,0.4828668358179507,0.8141451414817679,0.6091221105098148,0.3954183188832084,11.901538548847075,11.827137961345018,11.71641863387857,11.800542102051457
2027-11-22,0.6248227265366834,0.4509507073132476,0.46448476549734474,0.29286076158232016,0.48287777955167605,0.8141522916809357,0.6090825328302942,0.39536854620352674,11.896666541988301,11.822193219356752,11.711587737779407,11.795654742424302
2027-11-23,0.6247862339986847,0.4509809879175259,0.4644868775590529,0.2928055354841274,0.48288862067351523,0.8141594020768901,0.6090432804367119,0.3953191832561139,11.891837138345688,11.817291668397388,11.706799080537298,11.79081011299451
2027-11-24,0.6247500444219849,0.45101104695746863,0.46448894495341186,0.2927507714112999,0.48289935674148604,0.8141664846292953,0.6090043498132501,0.39527021357452413,11.887049922421442,11.812432852175334,11.702052233264121,11.786007769956864
2027-11-25,0.6247141588527894,0.45104086398210674,0.4644909621521225,0.2926964914943545,0.4829099754707571,0.8141735244744236,0.6089657560027179,0.3952216618260141,11.882304438735382,11.807616327628587,11.697346749150693,11.781247253414682
2027-11-26,0.6246785475283297,0.45107047426960234,0.4644929282008051,0.29264269800959875,0.4829204851701998,0.8141805264911596,0.60892750239953,0.39517351223011393,11.87760058159497,11.802841953906867,11.692682528781006,11.776528454569684
2027-11-29,0.6246432285325648,0.4510998433212859,0.4644948597234081,0.2925894009489024,0.48293088666916906,0.8141874822047,0.6088895912730394,0.3951257703622109,11.87293769514755,11.79810911356317,11.688058932037011,11.771850736148016
2027-11-30,0.6246082145896807,0.4511289683555146,0.4644967536388083,0.29253657932815746,0.4829411796160852,0.8141944010552672,0.6088520115735612,0.3950784343890083,11.868315659873021,11.793417681937454,11.68347582970609,11.76721396454447
2027-12-01,0.6245735003523332,0.45115785325057994,0.46449863439503003,0.29248422114775235,0.4829513777982461,0.8142012775182508,0.6088147503365923,0.3950314925393132,11.863734019425484,11.788767221129072,11.678932777989074,11.762617712944056
2027-12-02,0.6245390469424311,0.45118653559050437,0.4645004779045283,0.2924322957060584,0.48296147448463,0.8142081111099428,0.6087778153633053,0.39498494086562635,11.859192421976196,11.784157306701273,11.674429413482146,11.758061615027637
2027-12-03,0.6245048834605347,0.45121497415732825,0.4645022866113845,0.2923808207321993,0.48297145879652736,0.8142148889369273,0.6087412004801441,0.39493879078115335,11.854690402096068,11.779587523667926,11.669965285660572,11.75354519341064
2027-12-06,0.6244710240685475,0.4512431700282002,0.4645040468192905,0.2923298233295364,0.48298132652044906,0.8142216216703937,0.6087049060057435,0.394893036968806,11.850227732815055,11.775057636834376,11.665540164476988,11.74906820550864
2027-12-07,0.6244374358053947,0.45127114496709075,0.4645057737217622,0.29227924777839354,0.4829910854609697,0.8142283180894991,0.6086689232118877,0.3948476737568852,11.84580400513158,11.77056720927816,11.661153653845952,11.74463024136716
2027-12-08,0.6244041404484834,0.4512988966477427,0.4645074622854245,0.2922291133683826,0.4830007487773619,0.8142349738552916,0.6086332402928539,0.3948026811481348,11.841418576784298,11.76611562272852,11.656805107889953,11.740230652845296
2027-12-09,0.6243711084115535,0.451326448515888,0.4645091261427086,0.2921794282251515,0.4830103195309364,0.8142416007142612,0.6085978660726554,0.3947580537310151,11.837071319915323,11.761702714436794,11.652494403989982,11.735869338672149
2027-12-10,0.624338355817753,0.4513537686490966,0.4645107566463646,0.29213017642206157,0.48301978642192844,0.8142481879817236,0.6085628006074767,0.3947138157543063,11.832762167249749,11.757328436107603,11.648221476809837,11.731546217566938
2027-12-13,0.6243058746771845,0.4513808712125682,0.4645123581046502,0.2920813489468705,0.4830291657840561,0.8142547425432789,0.6085280308960326,0.39466994755926693,11.828490542510448,11.752992208269172,11.643985759770294,11.72726072829271
2027-12-14,0.6242736720832233,0.45140775246160325,0.46451393843294553,0.29203296713692994,0.4830384522698248,0.8142612601241606,0.6084935698473144,0.3946264511105362,11.824255886860243,11.748693471505277,11.639786698336001,11.723012296936604
2027-12-15,0.6242417335981028,0.45143443206374884,0.4645154860250755,0.29198499450783294,0.4830476535602149,0.81426774196792,0.6084593939654752,0.3945833098213401,11.82005830453138,11.744432310523269,11.635624385859153,11.718801043650245
2027-12-16,0.6242100646546909,0.4514608896708285,0.4645170181562575,0.2919374196467956,0.4830567651977514,0.8142741795805634,0.6084255044439569,0.39454053365184344,11.815897029495332,11.740207974859317,11.631498071361783,11.714626194568456
2027-12-17,0.6241786795023465,0.45148711647534406,0.46451851807590566,0.29189027471176043,0.4830657732499843,0.8142805674023004,0.6083919082039466,0.3944981242410367,11.811771952089703,11.736020354443928,11.62740764031068,11.710487616567969
2027-12-20,0.6241475818726067,0.45151310583459203,0.464519989101615,0.29184355460383754,0.4830746890662275,0.8142869153500601,0.6083585948989182,0.3944560764245955,11.80768258526753,11.73186897712061,11.62335261233234,11.70638484127224
2027-12-21,0.6241167502616052,0.45153889381637546,0.4645214155790788,0.2917972499709928,0.48308350771266106,0.8142932259870637,0.6083255668372272,0.3944143741198671,11.803628680222012,11.727753545265704,11.619332734760935,11.702317602320973
2027-12-22,0.6240861840583899,0.4515644664861138,0.4645228224093175,0.29175135654473555,0.48309223819759156,0.8142994871395443,0.6082928265959691,0.3943730192686657,11.799610160850087,11.723674012866569,11.615347943734873,11.698285837056124
2027-12-23,0.6240558795787613,0.4515898306222249,0.46452420959869944,0.29170586959076616,0.48310088256130446,0.8143057051151371,0.6082603672538363,0.39433201084512187,11.79562656662416,11.719629905292091,11.611397778964438,11.694289097599997
2027-12-24,0.6240258213201647,0.4516149931497554,0.46452558900240426,0.2916607720385576,0.48310944639408243,0.8143118795630583,0.6082281946127321,0.39429134826676077,11.791677644739593,11.715620966670784,11.60748199956957,11.690327135471316
2027-12-27,0.6239960241178414,0.45163994552931896,0.4645269485377587,0.29161605996925155,0.4831179323791438,0.8143180151569915,0.6081962908321923,0.39425102959630604,11.787763193727203,11.711647007874397,11.603600401899577,11.686399734788361
2027-12-28,0.623966471460927,0.4516647040027351,0.4645282884214835,0.2915717406524865,0.4831263493651129,0.8143241135109214,0.6081646561661648,0.3942110420097555,11.783882866599168,11.707707666445001,11.599752643067482,11.682506566565387
2027-12-29,0.6239371685910681,0.45168926319158786,0.46452960867934606,0.2915277984158934,0.4831346896929375,0.814330177065247,0.6081332864055714,0.39417139151693165,11.780036466985388,11.703802737631491,11.59593852029585,11.678647420863477
2027-12-30,0.6239081228971126,0.45171361627141193,0.4645309094477429,0.29148423879596264,0.4831429472084884,0.8143361879390081,0.6081021865214203,0.3941320797028454,11.776223494652937,11.699931722353679,11.592157531068114,11.67482178674528
2027-12-31,0.6238793270652806,0.4517377668865716,0.4645321900871996,0.2914410660360077,0.48315112728867016,0.8143421676548235,0.608071346879065,0.3940931003528991,11.77244389066845,11.696094558558261,11.588409624471904,11.67102961126243
2028-01-03,0.6238507813460361,0.4517617135475096,0.46453344874533437,0.29139826915312905,0.48315922723744265,0.8143481107494253,0.6080407696127229,0.39405445438534603,11.768697185938459,11.692290767395328,11.584694334781478,11.66727042032487
2028-01-04,0.6238224766090522,0.4517854630283243,0.46453469912106937,0.2913558341527129,0.48316725529788673,0.8143540118917882,0.6080104528471032,0.3940161354977268,11.76498284340466,11.688519813656777,11.581011133509001,11.663543692648059
2028-01-05,0.623794421217434,0.45180900976229693,0.4645359322314158,0.29131376103713336,0.4831752112174704,0.8143598745014264,0.6079803899175729,0.3939781437537336,11.761300947127902,11.68478178275187,11.577360099093823,11.65984950062448
2028-01-06,0.6237666173620647,0.4518323469572613,0.46453712861821994,0.2912720615496305,0.48318308407128496,0.8143656995050866,0.6079505827183027,0.3939404898633545,11.757651353382668,11.681076525281282,11.573741089784823,11.656187677120922
2028-01-07,0.623739052420947,0.45185547990827013,0.46453831133586,0.29123071422271263,0.4831908761299844,0.8143714754091305,0.6079210340148942,0.39390316826574484,11.754033582961906,11.677403557014237,11.570153633165097,11.652557766002051
2028-01-10,0.6237117211071478,0.4518784230706107,0.464539472536467,0.29118971489737383,0.48319860208773774,0.8143772192997113,0.6078917262106048,0.39386616022313586,11.750447223057668,11.673762463173398,11.56659732557285,11.648959350428715
2028-01-11,0.6236846347121224,0.45190116308139733,0.46454063039336735,0.29114907314549265,0.483206267289386,0.8143829219651768,0.6078626662539062,0.39382946267011953,11.746891994175089,11.670152991694842,11.563071895523299,11.645392173331581
2028-01-12,0.6236577969978087,0.45192370365349477,0.46454178055337725,0.29110877438180127,0.4832138625610136,0.8143885809350905,0.6078338491553967,0.3937930710839985,11.743367822264759,11.666575047563752,11.559577254608492,11.641856144619476
2028-01-13,0.623631199465668,0.4519460391710408,0.4645429177473688,0.2910688208638874,0.4832213848082989,0.8143941964984286,0.607805277328074,0.3937570057612362,11.739874496946175,11.663028415459936,11.55611319892236,11.638351043370626
2028-01-14,0.623604829385344,0.4519681844543146,0.46454404276028527,0.29102922085995897,0.4832288356343546,0.8143997742495911,0.6077769559594272,0.39372125580974454,11.736411665394575,11.65951272906606,11.552679381869671,11.634876516693492
2028-01-17,0.623578700998034,0.45199013301079494,0.46454516234121834,0.29098997521543424,0.4832362222849785,0.8144053097520737,0.6077488709677243,0.39368580792123936,11.732978986899232,11.656027672259622,11.549275466605154,11.631432235706434
2028-01-18,0.6235528042242257,0.4520118942285322,0.4645462657722069,0.29095107098239503,0.4832435416252371,0.8144108064290947,0.6077210275834071,0.39365066586121716,11.72957612712912,11.65257287948549,11.545901116961806,11.628017853223161
2028-01-19,0.6235271190090547,0.4520334741000459,0.4645473645609025,0.2909124925273058,0.48325078964936286,0.8144162596064903,0.6076934308969847,0.39361582823031754,11.726202967710122,11.649148211695072,11.542556218442543,11.624633264713859
2028-01-20,0.6235016655510905,0.4520548587391231,0.46454844707692045,0.29087425696319447,0.48325796992287456,0.8144216708099121,0.6076660696753692,0.3935812923484016,11.722859047080059,11.645753231014988,11.539240314365694,11.621277999825981
2028-01-21,0.6234764405470646,0.4520760480286957,0.46454952228701657,0.290836357076796,0.4832650846724164,0.8144270335753436,0.6076389433120706,0.393547057992023,11.71954421760416,11.642387805527411,11.535953266442801,11.617951920940879
2028-01-24,0.6234514401589939,0.45209704432259,0.46455057852041326,0.2907987976592867,0.4832721217670406,0.8144323461396596,0.6076120583899486,0.39351312847711695,11.716258253517815,11.639051677776113,11.532694840232407,11.614654778514584
2028-01-25,0.6234266635672441,0.45211786067227056,0.4645516240359152,0.29076156735673797,0.48327909792869056,0.8144376131910585,0.6075854007077214,0.39347948367997937,11.71300060064953,11.635744297349946,11.529464486344262,11.61138603367098
2028-01-26,0.6234021047249603,0.45213849832559994,0.46455265852537414,0.2907246606057884,0.4832860103390412,0.8144428318483619,0.607558974128848,0.3934461264240347,11.709771103613416,11.63246550260215,11.526262052282464,11.608145529194175
2028-01-27,0.6233777662709737,0.45215895027459796,0.4645536794030757,0.29068807868562474,0.48329285619751194,0.8144480013666486,0.6075327734807178,0.3934130559453351,11.706569808913143,11.629215342467083,11.52308758046702,11.604933313352802
2028-01-28,0.6233536537546605,0.4521792092565117,0.46455468962918456,0.2906518197770207,0.4832996355680349,0.814453121510456,0.6075067996270664,0.39338027515394053,11.70339625055015,11.625993359203205,11.519940614719218,11.601748911716042
2028-01-31,0.6233297574975175,0.4521992872805956,0.46455568827974036,0.2906158893835214,0.48330635062364885,0.8144581944801776,0.6074810545948237,0.3933477774818606,11.700250184479597,11.622799291511782,11.516820910877373,11.598592083702172
2028-02-01,0.6233060641812669,0.45221920164210827,0.46455668233187575,0.29058027018093635,0.4833130157084372,0.814463232738133,0.6074555292996772,0.3933155526506746,11.69713135714188,11.619632874184667,11.513728218377702,11.595462587138584
2028-02-02,0.6232825737062715,0.45223894725951314,0.4645576592502698,0.2905449659607984,0.4833196178572799,0.8144682270054712,0.6074302269555025,0.39328360959027886,11.694039629751716,11.616493959823458,11.510662396468383,11.592360270688868
2028-02-03,0.6232592898386231,0.45225850705697546,0.4645586338510384,0.2905099613783944,0.4833261578099236,0.8144731679170879,0.6074051453298265,0.3932519503596877,11.690974447339633,11.613382006852019,11.507622899502843,11.589284584576804
2028-02-04,0.6232362194887671,0.45227789045614625,0.4645595930022476,0.29047526428591075,0.4833326398794303,0.8144780685188394,0.6073802718406638,0.39322056536242317,11.687935570537764,11.610296770591027,11.504609483542252,11.5862352862235
2028-02-07,0.6232133549634284,0.4522971012439094,0.46456054378466893,0.2904408672444503,0.48333906365377705,0.8144829280728134,0.6073556117988479,0.3931894535121761,11.684923049184535,11.607238296863153,11.50162220197258,11.583212427710029
2028-02-08,0.6231906916785476,0.45231614412374366,0.464561486006307,0.2904067666668331,0.4833454299894184,0.8144877453737968,0.6073311649142121,0.39315861057067375,11.681936697121856,11.60420639204836,11.498660870045882,11.580215821062414
2028-02-09,0.6231682270447692,0.45233501963117984,0.46456242175754764,0.2903729624501398,0.4833517418655229,0.8144925227236282,0.607306928890765,0.39312803496087456,11.678976226445705,11.601200767936827,11.495725204411734,11.577245182728026
2028-02-10,0.6231459581337048,0.4523537314976289,0.46456335111008534,0.290339450462745,0.4833579994954459,0.8144972595443417,0.6072829016514689,0.39309772306477997,11.676041425467682,11.598221207491166,11.492814994637756,11.574300301338127
2028-02-11,0.6231238872373963,0.4523722759597702,0.46456427755632834,0.29030622717767407,0.48336420477031994,0.8145019549060168,0.6072590803777833,0.39306767302899714,11.673132020920047,11.595267443533995,11.489929971691463,11.571380904017202
2028-02-14,0.6231020111969153,0.4523906577346772,0.4645651983820829,0.29027328915367234,0.48337035845001264,0.8145066097746987,0.6072354625701499,0.39303788145100826,11.670247813961698,11.59233926967263,11.487069937241305,11.568486789383629
2028-02-15,0.6230803233699851,0.4524088813040653,0.4645661128959078,0.29024063244107495,0.4833764600070531,0.8145112250523311,0.6072120476860512,0.3930083469155389,11.667388648302644,11.58943651991242,11.48423473590989,11.56561780101767
2028-02-16,0.623058825710949,0.452426944439885,0.4645670204900134,0.290208255447132,0.4833825075918179,0.814515798540484,0.6071888350604163,0.39297906979180247,11.66455425207839,11.586558920735246,11.48142409666802,11.56277366231936
2028-02-17,0.6230375174235199,0.452444848549246,0.464567922631612,0.2901761601205134,0.4833885043169599,0.814520330714986,0.6071658221837554,0.39295004634749325,11.661744391193004,11.583706238991033,11.478637787880908,11.55995414184594
2028-02-18,0.6230163975609949,0.4524625951415221,0.46456881570751507,0.29014434404494344,0.483394449144795,0.8145248254294298,0.6071430056080649,0.3929212746035351,11.658958919082934,11.580878321572834,11.47587566311188,11.557159090086456
2028-02-21,0.6229954617981125,0.4524801870577637,0.4645697033387594,0.29011280039713283,0.4834003442557659,0.8145292814878151,0.6071203853841753,0.3928927507377,11.65619756770505,11.578074896220567,11.473137457950248,11.55438824238715
2028-02-22,0.6229747099172471,0.45249762275916233,0.46457058807022933,0.2900815268673702,0.48340619046200317,0.8145336981261351,0.6070979596864899,0.3928644738905703,11.65346009181559,11.575295718854193,11.470422929930287,11.55164135488922
2028-02-23,0.6229541418594192,0.45251490241395687,0.46457146553609807,0.2900505259389634,0.48341198633481786,0.8145380762750105,0.6070757271654829,0.3928364444621881,11.65074638598057,11.57254068008772,11.467731972969341,11.548918317536753
2028-02-24,0.6229337577373102,0.4525320255746259,0.46457233556686284,0.2900197964643028,0.4834177302098603,0.8145424159259057,0.6070536871406461,0.39280866173440593,11.648056229874596,11.569809556531105,11.465064368402093,11.546218907670996
2028-02-25,0.622913554262504,0.4525489968214365,0.4645731999150848,0.2899893323084472,0.48342342556184525,0.8145467161922482,0.6070318364459144,0.392781120295759,11.645389378727169,11.567102100574482,11.462419873911813,11.543542883495045
2028-02-28,0.6228935265635209,0.452565820912608,0.46457405920478784,0.2899591293777505,0.48342907473655866,0.8145509801235936,0.6070101730356805,0.3927538160032798,11.642745592161447,11.564418065758138,11.459798252643486,11.540890004873084
2028-02-29,0.6228736774413783,0.452582494523569,0.46457491414616175,0.28992918868630596,0.4834346754744576,0.8145552053530477,0.6069886969459095,0.39272674872566066,11.640124744199072,11.561757327049152,11.457199378332598,11.538260144393265
2028-03-01,0.6228540073968761,0.4525990170859587,0.4645757636230007,0.28989950839965534,0.4834402277248829,0.8145593922757222,0.6069674059341111,0.39269991809188426,11.637526648699888,11.559119696620892,11.454623065197824,11.535653113399851
2028-03-02,0.6228345087171241,0.45261539412833235,0.46457660548835406,0.28987008385440116,0.4834457321180357,0.8145635407836883,0.6069462989231192,0.39267332303173436,11.634951078398696,11.556504937990939,11.452069088627605,11.533068683455177
2028-03-03,0.6228151808009721,0.45263162788956157,0.4645774415044589,0.2898409133247055,0.4834511901626599,0.8145676529682122,0.6069253729476957,0.3926469578044224,11.632397812595862,11.553912829101646,11.449537230401281,11.530506633846912
2028-03-06,0.6227960245005127,0.4526477180409469,0.46457827145036146,0.28981199765269744,0.48345660203922464,0.81457172877579,0.6069046268989388,0.39262082083511834,11.629866665934276,11.551343183042631,11.447027305754087,11.527966779586256
2028-03-07,0.6227770348204793,0.4526636672243389,0.4645790950088358,0.2897833312085757,0.4834619668647565,0.8145757679786971,0.6068840617927487,0.3925949120354811,11.627357460856254,11.548795813108839,11.44453913884767,11.52544894188437
2028-03-08,0.622758209688959,0.45267947667247493,0.4645799146560686,0.2897549112871699,0.48346728664697414,0.8145797712622687,0.6068636751381998,0.3925692283211259,11.624869995623648,11.546270516721009,11.442072530241715,11.522952921344327
2028-03-09,0.6227395512420865,0.4526951450806026,0.4645807288269372,0.2897267399620903,0.4834725621980901,0.8145837392188975,0.6068434643864217,0.39254376756056325,11.622404046044911,11.543767072059838,11.439627258219337,11.520478493175755
2028-03-10,0.6227210583094788,0.4527106722338007,0.4645815358164548,0.28969881333588543,0.48347779093536225,0.8145876695399057,0.6068234281940111,0.3925185306808308,11.619959479900722,11.541285343237378,11.437203190815437,11.51802552079831
2028-03-13,0.622702727920807,0.4527260614179268,0.4645823344636975,0.28967112934704703,0.48348297262129214,0.8145915630652677,0.6068035661472191,0.3924935148304192,11.617536081545875,11.538825106544705,11.43480011357448,11.515593785037431
2028-03-14,0.6226845563318488,0.4527413173402251,0.464583128176951,0.2896436860401921,0.48348811095066835,0.8145954219393333,0.6067838771578513,0.39246871531873945,11.615133676240333,11.536386184473168,11.432417854379274,11.513183115866864
2028-03-15,0.6226665441744186,0.4527564387345361,0.46458391526939985,0.2896164805616026,0.48349320478338353,0.8145992452157086,0.6067643588785196,0.39244413181392573,11.612752098856546,11.533968410477755,11.430056248156507,11.510793347017907
2028-03-16,0.6226486914432638,0.4527714250268212,0.464584695004957,0.2895895108922066,0.48349825400324287,0.8146030332770813,0.6067450082845485,0.3924197626633405,11.610391159224054,11.531571593561711,11.427715106125264,11.508424286718686
2028-03-17,0.6226309971953122,0.45278627747577377,0.4645854670287386,0.2895627778154316,0.48350325810169736,0.8146067851102327,0.6067258262795298,0.3923956062813057,11.608050674787291,11.529195547918619,11.425394247328821,11.50607574906086
2028-03-20,0.6226134565601339,0.45280100135635637,0.4645862321694761,0.28953627787129566,0.4835082191554056,0.8146105037516504,0.6067068113910971,0.3923716593749848,11.605730481650212,11.526840102845872,11.42309350960376,11.503747572706528
2028-03-21,0.6225960667911584,0.4528155985908622,0.4645869899870988,0.2895100079445389,0.4835131371124318,0.8146141901331647,0.6066879622021203,0.39234792052179024,11.603430380979937,11.524505054315254,11.420812695865493,11.501439557418855
2028-03-22,0.6225788287243545,0.4528300671458066,0.464587741460311,0.2894839673863505,0.483518012045391,0.8146178421741807,0.6066692777044735,0.3923243889626616,11.601150215980011,11.522190247511348,11.41855165122922,11.4991515465243
2028-03-23,0.6225617407707721,0.4528444076801035,0.46458848807266806,0.2894581519333259,0.48352284537218915,0.8146214604607969,0.6066507556073883,0.39230106265905945,11.598889774841707,11.519895468046766,11.416310165648904,11.496883330214196
2028-03-24,0.6225448015851337,0.45285862336633675,0.46458922822580273,0.2894325604147884,0.4835276372052094,0.8146250473139293,0.606632394374256,0.3922779390236722,11.59664890412106,11.517620557636107,11.414088086731821,11.49463475267216
2028-03-27,0.6225280097723814,0.4528727147857928,0.46458996198778685,0.28940719190851016,0.48353238743595583,0.8146286011817594,0.6066141932702214,0.3922550165689289,11.594427434887832,11.515365345581841,11.411885246773917,11.49240564342043
2028-03-28,0.6225113639184308,0.4528866826716659,0.4645906889962099,0.2893820450017578,0.48353709617881907,0.8146321224905674,0.6065961509452673,0.3922322937744633,11.59222520398052,11.513129665998783,11.409701484243314,11.490195839301494
2028-03-29,0.6224948643365074,0.452900526332609,0.46459141005479065,0.28935711648503426,0.4835417636856678,0.8146356113231193,0.6065782649006382,0.3922097691792991,11.590042034378955,11.510913341703464,11.407536623547745,11.488005162586825
2028-03-30,0.6224785090395084,0.45291424878037023,0.4645921250466489,0.28933240457950027,0.4835463907370122,0.8146390681268302,0.6065605341017395,0.39218743999520034,11.587877736403065,11.508716178809488,11.405390476425724,11.485833422732824
2028-03-31,0.6224622961372375,0.45292785160932886,0.4645928336608766,0.2893079075092986,0.4835509776350897,0.8146424939588836,0.6065429569871997,0.39216530446757664,11.585732176143699,11.506538040163898,11.40326291009376,11.48368048517137
2028-04-03,0.6224462252542436,0.45294133496758593,0.46459353549656424,0.2892836238202522,0.48355552394454226,0.8146458883141782,0.6065255329522939,0.39214336145133777,11.583605197016848,11.504378766872996,11.401153769032954,11.481546192123938
2028-04-04,0.6224302932356,0.4529547012907863,0.4645942312689243,0.28925955119907465,0.4835600306719692,0.8146492517254321,0.6065082608012946,0.3921216087536216,11.581496623787466,11.502238180171563,11.399062879890314,11.479430369117383
2028-04-05,0.6224144999903594,0.45296795080918256,0.46459492065848246,0.28923568881406153,0.48356449823613173,0.8146525842207852,0.6064911392323175,0.39210004487935174,11.579406299420535,11.50011612180995,11.39699008692867,11.477332858188628
2028-04-06,0.622398843661779,0.4529810852799725,0.46459560440918024,0.2892120342088995,0.4835689274198457,0.81465588649781,0.6064741665454807,0.39207866756398846,11.577334067940164,11.498012432866199,11.394935235508836,11.475253503868725
2028-04-07,0.622383322577673,0.45299410539944374,0.4645962834113159,0.28918858445458606,0.48357331849956103,0.8146591586241301,0.606457341512906,0.39205747568114907,11.5752797834367,11.49592696526147,11.392898181392416,11.47319216038025
2028-04-10,0.6223679351856006,0.453007013185845,0.4645969571433251,0.2891653381845569,0.4835776723536976,0.8146624017924343,0.6064406627121318,0.3920364670002777,11.573243285456464,11.49385955491727,11.390878765086361,11.471148666934576
2028-04-11,0.6223526811524644,0.45301980835984224,0.4645976255783758,0.28914229407582837,0.4835819888039808,0.8146656157829376,0.6064241289820683,0.39201564070118583,11.571224393205261,11.491810019585545,11.388876807358686,11.469122841629442
2028-04-12,0.6223375603958442,0.4530324918717193,0.46459828795465086,0.2891194501487699,0.48358626790143183,0.8146688010250802,0.6064077381447476,0.3919949948200986,11.569222972396883,11.489778223112307,11.38689217447356,11.467114547792578
2028-04-13,0.6223225705193878,0.45304506527893107,0.46459894431326104,0.2890968049682267,0.48359050973189377,0.8146719575965966,0.6063914897797297,0.39197452817515854,11.567238866410696,11.487764004813176,11.384924711054714,11.465123628510353
2028-04-14,0.6223077099203873,0.4530575301922916,0.464599595452934,0.2890743558104794,0.4835947150539085,0.8146750861472284,0.6063753826786504,0.39195423854973405,11.565271934528637,11.48576722125446,11.382974277826168,11.463149943301875
2028-04-17,0.6222929789046842,0.45306988615733723,0.4646002421667197,0.2890521017817045,0.48359888471107293,0.8146781866876305,0.6063594151848188,0.3919341245628864,11.563322022399618,11.483787718621794,11.381040721982144,11.461193338156626
2028-04-18,0.6222783756901336,0.45308213453276563,0.46460088355366136,0.28903004124373494,0.48360301868619116,0.8146812601248783,0.6063435862573935,0.39191418507384057,11.561388983132508,11.481825346314164,11.379123897738427,11.45925366545351
2028-04-19,0.6222638988870641,0.4530942762670834,0.46460151953535933,0.2890081712605294,0.48360711698572023,0.8146843062616264,0.6063278944980747,0.3918944185871534,11.559472689922151,11.47987997485265,11.377223679212747,11.457330797461402
2028-04-20,0.6222495480733503,0.45310631202658586,0.4646021502368034,0.2889864909345543,0.48361118025255667,0.8146873249228568,0.6063123388754453,0.3918748234198051,11.557572976367114,11.47795143657443,11.375339901464148,11.455424567219408
2028-04-21,0.622235321050531,0.4531182436643438,0.4646027762569691,0.28896499845984785,0.48361520890378695,0.8146903166868168,0.6062969182861304,0.39185539799787455,11.555689707486284,11.476039593443637,11.373472430711002,11.453534839566743
2028-04-24,0.6222212183847585,0.4531300706461779,0.4646033969828108,0.28894369278746057,0.48361920280535997,0.8146932823176101,0.6062816310099182,0.39183614127071026,11.553822750418941,11.474144311599193,11.37162113502364,11.45166148006306
2028-04-25,0.6222072386011048,0.45314179415698896,0.4646040134550606,0.2889225716071567,0.4836231627859651,0.814696221708273,0.606266476021408,0.3918170512964098,11.551971941848231,11.47226542574525,11.36978585277686,11.449804325967353
2028-04-26,0.6221933800370626,0.4531534157325632,0.46460462603304,0.28890163226154303,0.4836270894951911,0.8146991351979165,0.6062514521032045,0.3917981264257087,11.55013714100973,11.470402792615598,11.367966444484617,11.44796323612422
2028-04-27,0.6221796416004657,0.4531649366156002,0.4646052334775256,0.2888808743026338,0.4836309829247224,0.8147020232296013,0.606236558088776,0.39177936531380586,11.548318216404423,11.468556277704584,11.366162779185556,11.446138078032364
2028-04-28,0.6221660224979165,0.45317635663808814,0.4646058361878327,0.2888602963559931,0.48363484248790445,0.8147048852222856,0.6062217937849392,0.39176076763650886,11.546515036871728,11.466725748091132,11.364374727111095,11.444328719088816
2028-05-01,0.622152522092016,0.4531876763944594,0.4646064338913684,0.2888398968306691,0.4836386685949752,0.8147077213806903,0.6062071573613351,0.3917423319384113,11.544727470017182,11.464911069789382,11.362602156742016,11.442535026454287
2028-05-02,0.6221391383897801,0.4531988979415513,0.46460702708375196,0.28881967376157003,0.48364246246941944,0.8147105327189724,0.6061926475261924,0.3917240557674727,11.542955352870125,11.463112077156332,11.360844906884017,11.440756838185731
2028-05-03,0.6221258709536391,0.4532100217372508,0.464607615665962,0.28879962528541914,0.48364622366438703,0.8147133190503734,0.6061782632766277,0.39170593785600427,11.54119857300322,11.461328655853224,11.35910286590837,11.438994040510053
2028-05-04,0.6221127196369568,0.4532210474289651,0.4646081994863461,0.28877975039174353,0.48364995238163144,0.8147160802333718,0.6061640034601722,0.3916879773998378,11.539456993514776,11.459560668009846,11.357375897921274,11.437246495533373
2028-05-05,0.6220996821346471,0.453231977198471,0.46460877779362436,0.2887600481071054,0.48365364848246384,0.8147188170367047,0.6061498674958536,0.39167017330784343,11.537730481793847,11.457807976586114,11.35566387118572,11.435514069760456
2028-05-08,0.6220867582969771,0.45324281101635655,0.4646093508841177,0.288740516727444,0.48365731218951813,0.814721529094726,0.6061358541445055,0.3916525242577257,11.536018903124353,11.456070446200268,11.353966652171877,11.433796627698383
2028-05-09,0.6220739469123735,0.45325355058798994,0.46460991912121946,0.28872115464836196,0.48366094470387033,0.8147242171070992,0.6061219617079034,0.39163502781048803,11.53432211946884,11.454347937324778,11.352284104367163,11.432094031710418
2028-05-10,0.6220612465390969,0.45326419697732245,0.4646104825935212,0.28870196033839346,0.48366454597711206,0.8147268813755983,0.60610818969288,0.3916176828687477,11.53264002183887,11.452640338043889,11.35061611965169,11.430406172260488
2028-05-11,0.6220486567761098,0.4532747502443447,0.4646110412755485,0.2886829320241643,0.48366811592996933,0.8147295217625634,0.6060945371376906,0.391600488534167,11.53097247529112,11.450947511426556,11.348962563716004,11.428732913724016
2028-05-12,0.6220361762429932,0.4532852114571599,0.46461159552463194,0.28866406849627174,0.4836716551742006,0.8147321383206607,0.6060810031862643,0.391583443505862,11.529319344282857,11.449269320458496,11.347323302541387,11.427074120750637
2028-05-15,0.6220238041265674,0.4532955814356071,0.46461214432660536,0.2886453691034807,0.48367516353205187,0.8147347318311452,0.6060675864251859,0.3915665466264309,11.527680523869604,11.447605657912987,11.3456982319067,11.425429687048423
2028-05-16,0.6220115397081374,0.45330586085960445,0.4646126874944522,0.28862683280876417,0.4836786409380201,0.8147373021530951,0.6060542861077016,0.3915497965455779,11.526055875960253,11.445956383245075,11.344087214562963,11.423799473871725
2028-05-17,0.62199938146797,0.4533160513463754,0.46461322609928624,0.2886084571509671,0.48368208802788737,0.814739849487844,0.6060411014933503,0.39153319142342613,11.524445265555467,11.444321358977048,11.342490116853314,11.422183346555057
2028-05-18,0.6219873282500795,0.45332615381660557,0.4646137603313705,0.2885902408053571,0.4836855056446845,0.8147423743395497,0.6060280313468879,0.3915167298398381,11.522848573662754,11.442700464661279,11.340906821004687,11.420581186256127
2028-05-19,0.6219753793709583,0.4533361686005576,0.4646142898485752,0.2885721828959802,0.4836888936576746,0.8147448772396706,0.6060150746113838,0.3915004107978633,11.521265691560787,11.441093590037482,11.33933721930805,11.41899288378081
2028-05-22,0.6219635344685962,0.45334609555946886,0.46461481478198297,0.28855428157263807,0.4836922518317449,0.8147473572106153,0.6060022304766473,0.39148423366269886,11.51969650193365,11.43950061677687,11.337781195395381,11.417418320804035
2028-05-23,0.6219517917800137,0.4533559366681866,0.4646153350214017,0.2885365354414698,0.4836955811617113,0.8147498150138857,0.6059894978182508,0.3914681965652947,11.51814086943534,11.437921406846929,11.336238615164373,11.41585736180921
2028-05-24,0.6219401500278168,0.4533656934512187,0.4646158506130158,0.28851894369885994,0.4836988818604201,0.8147522512192176,0.6059768758228197,0.3914522978642238,11.516598693368543,11.436355857029609,11.334709378635651,11.414309905917255
2028-05-25,0.621928609265786,0.45337536580108917,0.46461636144239016,0.2885015051461318,0.48370215379929726,0.8147546657445499,0.6059643634284406,0.3914365365330841,11.515069862369032,11.434803854747273,11.33319337508517,11.412775840964143
2028-05-26,0.6219171679780291,0.45338495454937316,0.46461686797130153,0.28848421769596755,0.4837053974586235,0.8147570585487153,0.6059519597565863,0.39142091157169107,11.513554247289179,11.43326526885977,11.33169047664298,11.411255038152959
2028-05-29,0.6219058252401242,0.45339446064968436,0.46461737009590565,0.28846708000802446,0.4837086131793352,0.8147594303929818,0.6059396636170156,0.39140542153260255,11.51205173115226,11.431739980391503,11.330200567333337,11.409747379775698
2028-05-30,0.6218945809161119,0.45340388434004253,0.46461786774418146,0.2884500915699582,0.483711801202377,0.8147617814495534,0.6059274739337801,0.39139006529668785,11.51056220669451,11.4302278813914,11.328723540750232,11.408252758019385
2028-05-31,0.6218834336723529,0.4534132267241175,0.4646183608280139,0.2884332506561465,0.4837149613789245,0.8147641116959521,0.6059153902718164,0.39137484212038837,11.509085568083034,11.428728863159742,11.32725929177337,11.406771066142833
2028-06-01,0.6218723819081104,0.45342248895681675,0.46461884932286224,0.2884165556063164,0.48371809412974587,0.8147664214288397,0.6059034115943855,0.3913597507960684,11.507621703639686,11.427242811525577,11.32580770970605,11.405302192383688
2028-06-02,0.6218614252318874,0.4534316714705593,0.46461933379019743,0.28840000532215176,0.483721200231481,0.8147687110533554,0.6058915368608525,0.39134478971341846,11.50617049108785,11.425769603678646,11.32436867366235,11.403846014882747
2028-06-05,0.621850563483443,0.45344077433860297,0.4646198145854698,0.2883835984481986,0.4837242796890088,0.8147709805278852,0.6058797650334575,0.39132995795303666,11.50473182997585,11.424309138350782,11.322942083949583,11.402402432941619
2028-06-06,0.62183979591184,0.4534497980640132,0.46462029112332426,0.28836733367852485,0.4837273325238398,0.8147732300989438,0.6058680951420399,0.39131525468330747,11.503305614682915,11.422861307850456,11.321527835605433,11.40097133979918
2028-06-07,0.6218291211437164,0.45345874385054474,0.4646207635410231,0.288351209852962,0.4837303589137226,0.8147754599305694,0.605856526634996,0.39130067879314384,11.501891739169729,11.421426003892028,11.32012582360894,11.399552628915856
2028-06-08,0.6218185387277868,0.4534676120606361,0.4646212321226546,0.28833522563728337,0.48373335927959354,0.8147776701447554,0.6058450583022843,0.39128622909866956,11.500490089144071,11.420003111301112,11.318735934651677,11.39814618583489
2028-06-09,0.6218080478662584,0.45347640364346936,0.46462169657485736,0.288319379741293,0.48373633390631443,0.814779861297871,0.6058336889127756,0.3912719043948443,11.49910056066877,11.418592524323797,11.317358065550298,11.396751906081008
2028-06-12,0.6217976479172277,0.4534851189281959,0.4646221570128946,0.28830367086663716,0.48373928261256927,0.8147820331435371,0.6058224180482491,0.39125770390262055,11.4977230501782,11.417194137585941,11.3159921135247,11.395369685065527
2028-06-13,0.621787337976261,0.45349375891637955,0.46462261377249964,0.2882880975817005,0.4837422061293044,0.8147841861769602,0.6058112445926207,0.39124362602519086,11.49635745258795,11.415807844480215,11.314637974372038,11.39399941806657
2028-06-14,0.6217771169797616,0.4535023244067303,0.4646230668555581,0.2882726587269767,0.48374510477781385,0.8147863208203587,0.6058001677360618,0.3912296698417646,11.49500366551742,11.414433541062959,11.313295546788645,11.392641002518136
2028-06-15,0.6217669844585019,0.4535108154495808,0.46462351609507946,0.28825735363673155,0.48374797827650395,0.814788436823865,0.6057891868530921,0.3912158347287261,11.493661592859139,11.413071129994268,11.311964735445681,11.391294341465613
2028-06-16,0.6217569400585183,0.4535192323109806,0.46462396173696,0.2882421812838263,0.48375082694315974,0.8147905341947727,0.6057783010795725,0.391202119616845,11.492331127713364,11.411720503363458,11.310645434334628,11.389959327744
2028-06-19,0.6217469824457266,0.4535275765016755,0.46462440367462843,0.28822714012168593,0.48375365118056524,0.814792613465206,0.6057675095035424,0.39118852318959013,11.491012167459264,11.410381556047218,11.309337541677465,11.388635858596517
2028-06-20,0.6217371106714102,0.45353584865456453,0.4646248420995683,0.28821222858346635,0.4837564512665694,0.814794674766872,0.6057568111737974,0.39117504431244937,11.489704609921324,11.40905418434418,11.308040956201948,11.387323831623053
2028-06-21,0.6217273246926693,0.4535440487527897,0.46462527690153693,0.288197445988266,0.48375922711719915,0.8147967180399118,0.6057462052873268,0.39116168220956654,11.488408360290492,11.407738292642486,11.306755583788414,11.386023151205835
2028-06-22,0.6217176239361376,0.4535521771406649,0.4646257081093426,0.2881827913029602,0.48376197884364047,0.8147987432517197,0.6057356911352124,0.39114843608972455,11.48712332316383,11.40643378427221,11.305481329797546,11.384733721561961
2028-06-23,0.6217080072629728,0.45356023511137883,0.4646261354946889,0.28816826330407136,0.4837647067689943,0.8148007509765545,0.6057252678226884,0.39113530462053586,11.485849401521826,11.405140560003677,11.304218097984812,11.38345544521765
2028-06-26,0.6216984738046641,0.4535682234412295,0.46462655923715196,0.2881538611838855,0.483767411240326,0.8148027412657354,0.605714934704084,0.39112228662697685,11.484586497557236,11.4038585207321,11.302965791501695,11.382188224205944
2028-06-27,0.6216890228456685,0.453576142603366,0.46462697945508225,0.288139583752474,0.48377009240380836,0.814804714096903,0.6057046910704359,0.39110938122230504,11.48333451833208,11.402587572096778,11.301724318166698,11.380931965439895
2028-06-28,0.6216796536652659,0.45358399309015507,0.4646273961624116,0.28812542973693667,0.48377275039870576,0.8148066696741636,0.6056945361270246,0.3910965876064226,11.482093370500097,11.401327619169852,11.30049358535924,11.379686575269526
2028-06-29,0.6216703655205492,0.4535917755721274,0.4646278093845165,0.2881113981340112,0.4837753854752126,0.8148086081902546,0.6056844691225309,0.3910839047617096,11.48086295569,11.400078562103907,11.299273495558227,11.378451954975986
2028-06-30,0.6216611577322811,0.4535994906373848,0.4646282192019046,0.2880974879513524,0.48377799790504195,0.8148105298170063,0.6056744892126625,0.3910713316739114,11.47964318321278,11.398840309027273,11.298063958884361,11.377228013670042
2028-07-03,0.6216520297166751,0.45360713881001846,0.4646286254158507,0.28808369813936413,0.4837805877405258,0.8148124347680517,0.6056645955803082,0.3910588674566478,11.47843396173827,11.397612767066704,11.296864884679648,11.376014659416883
2028-07-04,0.6216429806054661,0.453614720787712,0.46462902816998974,0.28807002760836564,0.48378315517284776,0.8148143230669016,0.6056547876423597,0.391046511154343,11.477235198862154,11.396395842226585,11.295676181339346,11.374811799546821
2028-07-05,0.6216340097445193,0.4536222371236377,0.4646294275580168,0.28805647530833156,0.4837857004491586,0.814816194912508,0.6056450646556867,0.39103426181660483,11.476046803409732,11.395189442004595,11.2944977584663,11.373619342632308
2028-07-06,0.6216251164380447,0.45362968841175144,0.4646298235814017,0.28804304023095206,0.4837882238235342,0.8148180505283357,0.6056354257966603,0.39102211848956997,11.474868685641004,11.393993475341519,11.293329527068616,11.372437198784555
2028-07-07,0.6216163002411951,0.45363707496263017,0.46463021619033523,0.28802972141745864,0.4837907253293574,0.8148198899479395,0.6056258703066104,0.39101008036121104,11.473700758156118,11.392807853729705,11.292171400465792,11.371265280071801
2028-07-10,0.6216075603943061,0.4536443974253945,0.46463060540802126,0.28801651785585053,0.4837932051730256,0.8148217132197796,0.605616397534968,0.3909981465027559,11.472542933352583,11.391632488110991,11.291023291774405,11.370103498592691
2028-07-11,0.6215988960519767,0.45365165658249806,0.46463099134237074,0.2880034284914095,0.48379566363234716,0.8148235206791982,0.6056070067989627,0.39098631589798954,11.47139512139866,11.390467287079723,11.289885111973465,11.368951764339846
2028-07-12,0.6215903066822743,0.4536588529329423,0.46463137395483345,0.287990452443354,0.4837981008518448,0.8148253124418824,0.6055976973391659,0.3909745876614415,11.470257239065333,11.389312166216618,11.288756778473887,11.367809993726379
2028-07-13,0.6215817916729441,0.4536659868837087,0.46463175325219164,0.28797758871300444,0.4838005169838724,0.8148270885726941,0.6055884684590659,0.39096296098610855,11.469129197958456,11.388167035891735,11.287638203639693,11.366678098039282
2028-07-14,0.621573350311525,0.4536730590292104,0.46463212934612486,0.28796483617308943,0.4838029122284728,0.8148288491815882,0.6055793194482836,0.39095143496508894,11.468010913412035,11.387031810117074,11.286529303542334,11.36555599239087
2028-07-17,0.6215649820031061,0.45368006998678434,0.4646325022572988,0.28795219394824056,0.48380528683610113,0.8148305945203064,0.6055702495904621,0.39094000861427397,11.466902299900608,11.385906402076113,11.28542999335707,11.3644435909262
2028-07-18,0.6215566859914673,0.45368702038004677,0.46463287197571057,0.2879396611560125,0.48380764095258366,0.8148323247181798,0.6055612582764571,0.3909286811269721,11.46580327513968,11.384790728056121,11.284340191487441,11.363340811082919
2028-07-19,0.6215484617237927,0.45369391058868813,0.4646332384978389,0.2879272367944906,0.4838099746711533,0.8148340398379246,0.6055523448161251,0.3909174517187923,11.464713757411058,11.383684705130943,11.28325981687461,11.362247570769558
2028-07-20,0.6215403085307396,0.45370074117375014,0.4646336019324475,0.28791491989188495,0.4838122882674709,0.8148357400244279,0.6055435084900804,0.3909063194678953,11.463633661918506,11.382588247312007,11.282188785473682,11.361163785106456
2028-07-21,0.6215322258021948,0.4537075126978542,0.4646339623200352,0.2879027095168204,0.4838145819315106,0.8148374254435033,0.6055347486408135,0.3908952834867349,11.462562906673254,11.381501271365142,11.281127016002593,11.360089371814501
2028-07-24,0.6215242130157836,0.4537142256184368,0.4646343196064173,0.2878906048261645,0.483816855776377,0.8148390962325026,0.6055260645772214,0.39088434297698543,11.461501413451602,11.380423697847625,11.280074430827908,11.359024252296381
2028-07-25,0.6215162695092707,0.45372088043705544,0.4646346737907544,0.2878786049077713,0.4838191099229314,0.8148407524878072,0.6055174557133765,0.39087349716816194,11.460449100650658,11.379355443828345,11.279030949043387,11.3579683446133
2028-07-26,0.6215083946637807,0.453727477679046,0.4646350249534052,0.2878667088009036,0.48382134457724063,0.814842394339793,0.6055089213636439,0.39086274520622477,11.459405889981369,11.378296429888216,11.277996493046237,11.356921570270464
2028-07-27,0.62150058793228,0.45373401784175305,0.4646353730833972,0.28785491564453675,0.4838235599454458,0.8148440219420131,0.6055004608471998,0.3908520862318454,11.458371700173172,11.37724657358188,11.276970982230349,11.35588384773181
2028-07-28,0.6214928487262183,0.45374050142896766,0.46463571822802113,0.2878432245321366,0.4838257561599768,0.8148456353995288,0.6054920735416968,0.39084151945789797,11.4573464552983,11.376205797801097,11.275954341313433,11.354855100753502
2028-07-31,0.6214851764688164,0.45374692889067003,0.46463606041057615,0.2878316345557133,0.48382793336377,0.8148472347880473,0.6054837588378122,0.39083104412307196,11.456330079190826,11.375174025184618,11.2749464947314,11.35383525288045
2028-08-01,0.6214775704357245,0.453753300868235,0.4646363996842986,0.28782014482700624,0.48383009181480874,0.8148488203471175,0.6054755161001567,0.39082065935845106,11.45532249385857,11.374151176449875,11.27394736518294,11.352824226028654
2028-08-02,0.621470030164305,0.45375961772898343,0.4646367360586391,0.2878087545017833,0.4838322316305479,0.8148503921331155,0.6054673446938554,0.39081036442432276,11.454323623992012,11.373137175286475,11.272956877987008,11.35182194453372
2028-08-03,0.621462555147977,0.4537658799040681,0.4646370695256139,0.2877974627728448,0.483834352959929,0.8148519502649675,0.6054592439769361,0.39080015854688216,11.453333393512114,11.372131944505464,11.271974957677793,11.350828332022754
2028-08-04,0.6214551446954297,0.45377208796337015,0.46463740013034116,0.28778626869429813,0.48383645595542674,0.8148534949009786,0.6054512133687923,0.39079004095801356,11.45235172774915,11.371135408114265,11.271001530216962,11.349843313567908
2028-08-07,0.6214477983018403,0.45377824236110803,0.46463772791042945,0.28777517143085063,0.4838385407921064,0.8148550261702743,0.6054432522518285,0.3907800108801465,11.451378553277978,11.370147491611682,11.270036522788043,11.348866815487073
2028-08-08,0.6214405153777001,0.45378434356481523,0.4646380529303238,0.28776417015206446,0.48384060766805514,0.8148565441903601,0.6054353600145326,0.39077006755356564,11.450413794579994,11.36916811839459,11.269079860526979,11.347898762087011
2028-08-09,0.6214332954564026,0.4537903919656562,0.46463837514780226,0.2877532640532716,0.48384265667991333,0.8148580490790883,0.6054275360472962,0.39076021026656726,11.449457380665574,11.368197216421727,11.26813147303236,11.346939082027824
2028-08-10,0.6214261380088801,0.4537963879956465,0.4646386945930202,0.2877424522759397,0.4838446879827236,0.8148595409125968,0.6054197797558227,0.39075043826586603,11.448509238638193,11.367234711706041,11.26719128800175,11.345987702164608
2028-08-11,0.6214190424033852,0.4538023322084781,0.4646390113274985,0.28773173397949486,0.4838467017621828,0.8148610198174,0.6054120905926598,0.39074075077743975,11.447569296606952,11.366280531194658,11.266259234176738,11.345044550409963
2028-08-14,0.6214120081605692,0.45380822499727314,0.4646393253534704,0.28772110839074827,0.4838486981589648,0.8148624859032361,0.6054044679400636,0.39073114709361645,11.446637485310575,11.365334604640058,11.265335242859821,11.344109557231187
2028-08-15,0.6214050347855247,0.45381406674618563,0.4646396366623239,0.2877105747532198,0.4838506772835067,0.8148639392708776,0.6053969112345051,0.3907216265275849,11.445713733364242,11.364396859601285,11.264419243266882,11.343182650973324
2028-08-16,0.6213981217514952,0.453819857907497,0.46463994530628394,0.28770013219786084,0.48385263928673783,0.8148653800395732,0.6053894198823836,0.39071218834018784,11.444797971638474,11.363467225896027,11.263511166853784,11.342263762251802
2028-08-17,0.6213912685398288,0.45382559896565605,0.464640251278874,0.28768977997274026,0.4838545843473253,0.8148668083233374,0.6053819933192757,0.39070283177929804,11.443890129442217,11.36254563174873,11.262610943497494,11.341352820136697
2028-08-18,0.621384474540676,0.45383129044072845,0.4646405546102114,0.28767951728295715,0.4838565126067802,0.814868224258619,0.6053746310111919,0.3906935561211073,11.442990138742024,11.361632007981964,11.261718505743616,11.34044975637438
2028-08-21,0.6213777393485135,0.4538369326213471,0.4646408553076322,0.28766934337926625,0.4838584241506533,0.8148696278922556,0.6053673324059858,0.3906843607427944,11.44209793311095,11.360726287256934,11.260833787716088,11.339554504214986
2028-08-22,0.6213710623902786,0.45384252598936337,0.4646411534123893,0.2876592574998856,0.48386031918090977,0.8148710193737104,0.6053600969438083,0.3906752449192186,11.441213443640642,11.359828399608817,11.259956721105704,11.338666994612183
2028-08-23,0.6213644431399026,0.45384807099072805,0.46464144898158755,0.287649258831507,0.48386219784311485,0.8148723988027922,0.605352924086336,0.3906662079500046,11.440336603742749,11.358938277428827,11.259087239896411,11.337787160776942
2028-08-24,0.6213578811630744,0.45385356802173465,0.4646417420031269,0.2876393466472769,0.4838640602848784,0.8148737662814077,0.6053458132621276,0.3906572491290203,11.43946734750509,11.358055853854653,11.258225278709189,11.336914936538756
2028-08-25,0.6213513758920122,0.45385901752598357,0.46464203248921987,0.2876295202123163,0.48386590661849965,0.8148751219111252,0.6053387639777958,0.3906483678136022,11.438605609597284,11.357181062466617,11.257370772768352,11.336050256343247
2028-08-28,0.6213449268877516,0.4538644198670147,0.46464232041868964,0.2876197787915866,0.48386773693643437,0.8148764657860885,0.6053317756958649,0.39063956336702604,11.437751325500079,11.356313837751202,11.256523658063937,11.335193055368622
2028-08-29,0.6213385336812736,0.45386977544323615,0.46464260584449246,0.28761012166863176,0.4838695514136089,0.8148777979924979,0.6053248478710479,0.39063083509554924,11.436904428354621,11.35545411194047,11.255683868309047,11.334343266587291
2028-08-30,0.6213321957661726,0.45387508471910676,0.4646428887953803,0.2876005480911289,0.4838713501966296,0.814879118675107,0.6053179799688707,0.3906221823001768,11.436064855675477,11.354601821558616,11.254851341561617,11.33350082728408
2028-08-31,0.6213259126886184,0.4538803480665206,0.46464316925559657,0.2875910573594388,0.48387313340209837,0.8148804279286704,0.6053111714660622,0.3906136043427421,11.435232544971601,11.353756903138745,11.25402601582903,11.332665674721806
2028-09-01,0.6213196839149138,0.45388556592086976,0.4646434472900685,0.2875816487174503,0.48387490117836307,0.8148817258385097,0.605304421897558,0.39060510057652026,11.434407432106303,11.352919291537377,11.253207827528271,11.331837744601042
2028-09-04,0.6213135089852286,0.45389073866342167,0.4646437229294292,0.28757232144607575,0.48387665366631005,0.814883012492357,0.6052977307335661,0.3905966703665329,11.433589455525594,11.352088924311584,11.25239671562648,11.331016975156121
2028-09-05,0.6213073874646906,0.4538958666681188,0.4646439961386406,0.2875630749205785,0.4838783910062797,0.8148842880226179,0.6052910974454664,0.3905883130671047,11.43277855351774,11.351265738846822,11.251592618930555,11.330203304455708
2028-09-06,0.6213013188593111,0.45390095034734074,0.4646442669592685,0.2875539084024929,0.48388011328997477,0.8148855525006914,0.6052845215631848,0.39058002805098263,11.431974665810785,11.350449673873408,11.250795477668325,11.329396672006068
2028-09-07,0.6212953027329073,0.45390599006755555,0.4646445354416249,0.2875448211716769,0.4838818206767487,0.8148868060057427,0.605278002581878,0.3905718146809207,11.431177730391237,11.349640666487367,11.250005230342545,11.328597015605077
2028-09-08,0.6212893385656589,0.4539109862854378,0.4646448016198884,0.28753581256070915,0.48388351333679347,0.8148880486924632,0.6052715400045152,0.39056367230171324,11.430387686641138,11.348838655111805,11.24922181686061,11.327804274497003
2028-09-11,0.621283425991181,0.4539159392789921,0.46464506548888496,0.28752688191115977,0.4838851913315364,0.8148892806283352,0.6052651333450041,0.3905556003573856,11.429604476603838,11.348043580955395,11.248445179741726,11.327018390434516
2028-09-12,0.6212775645659767,0.45392084941916294,0.4646453270446289,0.2875180285340847,0.4838868547945166,0.8148905018899657,0.6052587821021269,0.390547598237931,11.428828040264632,11.347255383099375,11.247675259460294,11.326239303198452
2028-09-13,0.6212717537577099,0.45392571716171287,0.4646455863413632,0.2875092517110605,0.4838885038763943,0.8148917125815842,0.6052524858258362,0.39053966531744627,11.428058318431601,11.346474001381592,11.24691199734526,11.325466953422765
2028-09-14,0.6212659931756394,0.4539305428544579,0.4646458433836524,0.2875005508182862,0.48389013870758235,0.8148929128105945,0.6052462440096077,0.3905318009762622,11.427295254018935,11.345699377891112,11.246155336779074,11.324701283811347
2028-09-15,0.6212602824099964,0.4539353268213285,0.4646460982114829,0.28749192522285705,0.48389175940775425,0.8148941026541898,0.6052400561987085,0.39052400463998416,11.426538789622109,11.344931454401934,11.245405220847971,11.32394223679274
2028-09-18,0.6212546210054577,0.4539400694272534,0.46464635082686645,0.28748337422702236,0.4838933660666049,0.8148952821893996,0.6052339219338095,0.3905162757490361,11.425788868634653,11.344170173377254,11.244661593408251,11.323189755532951
2028-09-19,0.6212490085364353,0.45394477103130165,0.46464660125688817,0.28747489718363206,0.4838949588516791,0.8148964515193864,0.6052278407232354,0.3905086136877069,11.425045432971714,11.343415475914393,11.243924396874503,11.32244378178383
2028-09-20,0.6212434445875783,0.4539494320135094,0.46464684952258967,0.28746649348317005,0.48389653787565856,0.8148976107547372,0.6052218121108348,0.3905010178661847,11.424308427160627,11.34266730569203,11.243193576239737,11.321704259868259
2028-09-21,0.6212379287793417,0.4539540526676257,0.46464709561571904,0.2874581624939068,0.4838981032154298,0.8148987599478863,0.6052158356449409,0.39049348776062603,11.42357779643009,11.3419256071021,11.242469077163515,11.320971134760851
2028-09-22,0.6212324606431778,0.4539586333936192,0.46464733955574733,0.2874499035552974,0.4838996550102171,0.8148998992109325,0.6052099108766794,0.390486022785303,11.422853484759859,11.341190323220056,11.241750844101794,11.320244350269379
2028-09-25,0.621227039768311,0.45396317453482515,0.46464758141129225,0.28744171602727464,0.4839011934002613,0.8149010286260255,0.6052040373588239,0.3904786223598313,11.422135437427723,11.340461398547925,11.241038822815135,11.319523851526732
2028-09-26,0.6212216657924347,0.45396767640227803,0.46464782118279513,0.2874335993072158,0.4839027185144105,0.814902148302578,0.6051982146086101,0.39047128591668057,11.421423600436178,11.339738778327897,11.240332959752207,11.318809584356131
2028-09-27,0.6212163382989353,0.45397213932597963,0.4646480588749933,0.28742555279227816,0.48390423042601677,0.8149032582974467,0.6051924422285195,0.3904640129431752,11.42071792071595,11.339022408637387,11.239633202282588,11.318101495463832
2028-09-28,0.6212110568794764,0.45397656364271,0.46464829450626616,0.2874175758656589,0.48390572924268344,0.814904358681577,0.605186719792468,0.39045680289572005,11.420018344853524,11.338312235229955,11.238939497433568,11.317399531235273
2028-09-29,0.6212058211137643,0.4539809497202703,0.46464852810998614,0.28740966793037437,0.483907215123418,0.8149054495704289,0.605181046842863,0.39044965519654057,11.419324819405048,11.337608203880292,11.238251792226748,11.316703638115603
2028-10-02,0.6212006306325233,0.45398529786723646,0.4646487596931548,0.2874018283937398,0.48390868815127375,0.8149065310450001,0.6051754229492212,0.39044256931858834,11.418637292457221,11.33691026189645,11.237570035183722,11.31601376397982
2028-10-03,0.621195485082596,0.45398960836351565,0.4646489892776342,0.28739405665828927,0.4839101484252233,0.8149076031495073,0.6051698476873583,0.3904355447402384,11.41795571194803,11.336218356466828,11.236894174667839,11.315329856565826
2028-10-04,0.6211903840371732,0.45399388158723675,0.4646492168896851,0.2873863521127122,0.4839115960781326,0.8149086659960444,0.6051643206420266,0.3904285809118745,11.417280026261777,11.335532435147307,11.236224159502903,11.314651864097403
2028-10-05,0.6211853270922547,0.45399811787425115,0.46464944253926344,0.2873787141771045,0.4839130312204484,0.8149097196699786,0.6051588413906007,0.390421677309438,11.41661018487736,11.334852446639106,11.235559939595682,11.313979735884082
2028-10-06,0.6211803139013361,0.4540023175052792,0.46464966623050546,0.2873711423063672,0.48391445395024746,0.8149107642399861,0.605153409515635,0.3904148334220065,11.415946137149282,11.334178339580761,11.234901464726173,11.313313421086558
2028-10-09,0.6211753440889058,0.45400648079114825,0.4646498879865586,0.2873636359347366,0.48391586435932177,0.8149117997587402,0.6051480246262222,0.39040804874527085,11.415287833265307,11.33351006339418,11.234248685495439,11.312652869716612
2028-10-10,0.6211704172539465,0.4540106080836047,0.4646501078280696,0.28735619447129096,0.483917262581403,0.8149128263324019,0.6051426863062951,0.39040132273709455,11.414635223075095,11.332847567136396,11.23360155217444,11.311998031480433
2028-10-11,0.621165533010506,0.45401469971272446,0.4646503257812633,0.2873488173572458,0.4839186487305581,0.8149138440507753,0.6051373941519834,0.39039465487888025,11.413988257389349,11.332190800870581,11.232960015993264,11.311348857044415
2028-10-12,0.6211606910225618,0.4540187559332543,0.4646505418566865,0.28734150404707937,0.48392002288332436,0.8149148529610283,0.6051321477708255,0.39038804470115235,11.41334688757985,11.33153971526493,11.232324028727044,11.310705297582778
2028-10-13,0.6211558909285634,0.4540227770427965,0.46465075605795786,0.28733425398997137,0.483921385140272,0.8149158531406689,0.6051269467589626,0.3903814917150266,11.412711065294001,11.330894261233617,11.231693542425019,11.310067304572385
2028-10-16,0.6211511323542345,0.45402676337271175,0.46465096840126346,0.287327066635465,0.4839227356104997,0.8149168446770195,0.6051217907303702,0.39037499541254267,11.412080742235167,11.330254389727791,11.231068509198545,11.309434829543834
2028-10-17,0.6211464149285837,0.4540307152449228,0.46465117890680363,0.2873199414418729,0.483924074407754,0.8149178276482505,0.605116679289263,0.3903685552841913,11.411455870884154,11.329620052503081,11.23044888192783,11.30880782483313
2028-10-18,0.6211417383042028,0.45403463294121404,0.46465138758909613,0.28731287787076754,0.48392540162615577,0.8149188021230602,0.6051116120561959,0.3903621708546505,11.410836404333422,11.328991201946573,11.2298346140989,11.308186243367222
2028-10-19,0.6211371021309411,0.45403851674414464,0.46465159446785803,0.2873058753880274,0.48392671735638887,0.8149197681631803,0.6051065886559257,0.39035584165381704,11.410222295976563,11.328367790743938,11.229225659494116,11.307570038384261
2028-10-20,0.6211325060627358,0.4540423669436958,0.4646517995661929,0.28729893346352714,0.48392802171305793,0.8149207258472856,0.6051016087024873,0.390349567196886,11.40961349914767,11.327749771548808,11.228621971845904,11.306959163074005
2028-10-23,0.621127949745491,0.45404618384849804,0.46465200288853037,0.28729205158439997,0.4839293147917057,0.8149216752585291,0.6050966718180434,0.390343347006957,11.409009968156656,11.32713709796125,11.228023505846233,11.306353571580944
2028-10-24,0.6211234328399731,0.4540499677337881,0.46465220444710464,0.28728522923118777,0.48393059668046723,0.8149226164551617,0.6050917776335203,0.3903371806225142,11.408411657397236,11.326529723684338,11.227430216267654,11.305753218130265
2028-10-25,0.6211189549985734,0.4540537188985224,0.4646524042574038,0.28727846587913375,0.4839318674794507,0.8149235495124958,0.6050869257778475,0.39033106757294606,11.407818521765764,11.325927602915275,11.226842058382262,11.305158057467061
2028-10-26,0.6211145158747509,0.4540574376277994,0.46465260234703687,0.28727176100942786,0.48393312729085886,0.8149244745015297,0.6050821158902399,0.3903250073977173,11.407230516175899,11.325330689886517,11.226258987486974,11.304568044364107
2028-10-27,0.6211101151448772,0.4540611241987871,0.46465279872577847,0.28726511412342437,0.4839343762110295,0.8149253915035172,0.6050773475958614,0.39031899963280475,11.406647596385985,11.324738939696683,11.22568095970927,11.303983134426765
2028-10-30,0.6211057524925225,0.45406477886994945,0.4646529934042981,0.2872585247307764,0.4839356143252334,0.8149263005747944,0.6050726205404102,0.39031304383718635,11.40606971859248,11.324152307895558,11.22510793161237,11.303403283687658
2028-10-31,0.6211013732882266,0.45406846951519053,0.4646531123940524,0.2872519156479399,0.4839368722470996,0.814927175335515,0.6050679283484107,0.3903071824217412,11.405496906088297,11.323570684089297,11.224539890522035,11.30282846423914
2028-11-01,0.6210966996334246,0.4540725419997369,0.464652777284354,0.28724489427825933,0.4839383061415172,0.8149278806045539,0.6050632398595177,0.39030163412908286,11.40492945817457,11.32299368681809,11.223976950300523,11.302258714143397
2028-11-02,0.6210920663992848,0.45407657926555156,0.46465244507215175,0.287237933643567,0.4839397276359761,0.8149285797781181,0.6050585919243756,0.39029613382543055,11.404366918292519,11.322421680168443,11.223418879123205,11.301693891993507
2028-11-03,0.6210874732344909,0.4540805816066813,0.46465211569875253,0.28723103330027555,0.4839411368068361,0.8149292728854731,0.6050539842389124,0.39029068113721105,11.403809246625402,11.32185462357201,11.222865637455211,11.30113395779913
2028-11-06,0.6210829197726464,0.45408454932679276,0.4646517889632159,0.2872241932024569,0.4839425336425889,0.8149299599370882,0.6050494166964747,0.39028527581414824,11.403256414752878,11.321292487725318,11.222317196963727,11.30057888296782
2028-11-07,0.6210784057823338,0.45408848259560686,0.46465146521749034,0.2872174123411646,0.48394391849027274,0.8149306412246559,0.6050448886265685,0.3902799171773987,11.40270836781396,11.320735217720461,11.22177350359852,11.300028612600801
2028-11-08,0.6210739309132498,0.45409238184249545,0.4646511444100389,0.287210690369981,0.4839452912483856,0.8149313166568154,0.6050403998803354,0.3902746050448641,11.40216506882217,11.320182775277148,11.221234520275457,11.29948310913544
2028-11-09,0.6210694949644372,0.4540962472144276,0.4646508262462452,0.28720402664602074,0.48394665187228647,0.8149319861174136,0.6050359500356073,0.39026933894970534,11.401626489131488,11.31963513137586,11.220700218640438,11.298942343609438
2028-11-10,0.6210650973140789,0.4541000794317206,0.46465051046084216,0.28719742069606075,0.4839480008904742,0.8149326496547097,0.6050315386582574,0.3902641181206353,11.40109256881625,11.31909222509533,11.220170539221703,11.298406256469296
2028-11-13,0.6210607373380588,0.4541038790255022,0.4646501970386623,0.2871908719583404,0.4839493383555141,0.8149333077282068,0.6050271654432363,0.3902589422754218,11.40056327924207,11.318554026601099,11.21964545359839,11.297874818714275
2028-11-14,0.621056415392788,0.4541076454958018,0.4646498864868504,0.28718437995326446,0.4839506641810696,0.8149339602318388,0.6050228301575661,0.39025381154888805,11.400038575035685,11.318020490508951,11.219124916782311,11.297347984782068
2028-11-15,0.6210521308301664,0.45411137959454856,0.4646495784487594,0.28717794391254586,0.4839519788379927,0.8149346076437012,0.6050185319232305,0.39024872511156494,11.399518418732683,11.317491578707495,11.218608891705802,11.296825717057308
2028-11-16,0.6210478835438972,0.45411508133756495,0.46464927235711284,0.2871715642995833,0.48395328170459156,0.8149352495604132,0.6050142710687718,0.39024368319480734,11.399002780938508,11.31696726064738,11.218097348983752,11.296307985130179
2028-11-17,0.6210436736757046,0.45411875055080336,0.46464896881345485,0.287165240358404,0.4839545731712351,0.8149358859277497,0.6050100471695825,0.39023868492725716,11.398491621053761,11.316447496304269,11.217590248548165,11.295794749328033
2028-11-20,0.6210395004410754,0.45412238798122967,0.46464866765357266,0.2871589712879656,0.4839558534491687,0.8149365170273098,0.6050058597218247,0.3902337299594161,11.397984901794377,11.315932247133908,11.217087553280038,11.295285971775451
2028-11-21,0.6210353631082159,0.4541259942741118,0.46464836861971215,0.28715275627598563,0.4839571223045411,0.8149371423266464,0.6050017087876421,0.39022881804522386,11.397482592723968,11.315421481302561,11.216589232901649,11.294781621682885
2028-11-22,0.6210312613145703,0.4541295696569133,0.4646480723312969,0.2871465945769152,0.48395838031520666,0.8149377624222286,0.6049975936685632,0.3902239487162337,11.396984645704137,11.314915150238553,11.216095239651983,11.294281651286479
2028-11-23,0.621027195263568,0.45413311411230345,0.46464777834396814,0.28714048634798556,0.4839596273472433,0.8149383774554079,0.6049935140340252,0.39021912153014404,11.39649102709613,11.314413220097531,11.21560554035962,11.293786026319275
2028-11-24,0.6210231642609408,0.4541366281964949,0.4646474869714735,0.2871344311954831,0.48396086392614407,0.8149389874592347,0.6049894697144694,0.3902143359891151,11.396001702722337,11.313915655983612,11.215120101139375,11.293294713248677
2028-11-27,0.6210191677956511,0.454140112396492,0.464647197807484,0.28712842823365925,0.4839620897396085,0.8149395927394045,0.6049854601843049,0.39020959172397757,11.395516635916316,11.313422419876204,11.21463888539776,11.292807674999827
2028-11-28,0.6210152061778749,0.4541435662376856,0.46464691085382304,0.28712247719467593,0.4839633047178361,0.8149401929162238,0.6049814853892769,0.39020488898157196,11.395035789851054,11.312933475079735,11.214161856636698,11.292324873977389
2028-11-29,0.6210112787724902,0.4541469905034551,0.46464662562890446,0.287116577788526,0.4839645089317437,0.8149407879586829,0.6049775450661184,0.3902002272867276,11.39455913628972,11.312448792083892,11.21368898676595,11.29184628160479
2028-11-30,0.6210073848900814,0.45415038563411325,0.4646463428214299,0.28711072898447215,0.48396570253821125,0.8149413778981035,0.6049736391836381,0.39019560606224135,11.394086640357266,11.311968335455994,11.213220241389713,11.291371863576043
2028-12-01,0.6210035246792962,0.45415375152275234,0.4646460625813991,0.28710493065213744,0.4839668857986603,0.8149419630524876,0.6049697669485771,0.3901910248519436,11.393618256080744,11.311492059637976,11.212755575209298,11.290901573795402
2028-12-04,0.6209996982853898,0.4541570878951613,0.4646457847121283,0.28709918245896415,0.48396805842686563,0.8149425434306993,0.6049659281366653,0.3901864834020236,11.393153955577537,11.311019936149611,11.212294960303426,11.290435384063185
2028-12-05,0.6209959051077074,0.4541603955425936,0.4646455089334809,0.2870934841587042,0.48396922078202875,0.8149431192906554,0.6049621225914217,0.39018198132701637,11.392693710963554,11.310551935941392,11.211838369007857,11.289973266422805
2028-12-06,0.6209921444511806,0.45416367500381927,0.46464523545919445,0.2870878350306981,0.48397037305687685,0.8149436906940485,0.6049583500867537,0.3901775183326179,11.392237471716008,11.31008800742485,11.211385751231559,11.289515170353232
2028-12-07,0.6209884158406392,0.4541669267308073,0.46464496404902966,0.28708223451297776,0.4839715155270551,0.8149442576416867,0.6049546101159443,0.3901730939979055,11.391785210256035,11.309628122383419,11.210937079567215,11.289061067981395
2028-12-08,0.6209847191572507,0.4541701506634439,0.46464469523991114,0.287076682290683,0.48397264807553353,0.8149448199314745,0.60495090268331,0.39016870802435516,11.39133689168847,11.3091722457814,11.210492319477744,11.288610924589587
2028-12-11,0.6209810545743335,0.45417334673546317,0.4646444286211613,0.28707117800203164,0.4839737706087912,0.8149453772532561,0.6049472274947656,0.3901643601905114,11.390892483319655,11.30872034474473,11.21005143843366,11.288164706841652
2028-12-12,0.6209774214427783,0.45417651556403205,0.4646441639780018,0.28706572122502905,0.4839748831317455,0.8149459299204285,0.6049435843522617,0.3901600502006185,11.390451955821804,11.308272388620852,11.209614407323404,11.28772238508242
2028-12-13,0.6209738197596044,0.45417965704026075,0.4646439013634787,0.2870603121772118,0.48397598590126395,0.8149464783615842,0.6049399727605435,0.390155777724114,11.390015271007249,11.307828339207834,11.209181188314197,11.287283921367171
2028-12-14,0.6209702494520575,0.4541827715617794,0.4646436402583019,0.2870549505407224,0.4839770788111306,0.8149470223879869,0.6049363925172566,0.39015154241505173,11.389582399500817,11.307388166458352,11.208751752038328,11.28684928576002
2028-12-15,0.6209667099619425,0.4541858595628231,0.4646433810396111,0.2870496356267046,0.48397816192737386,0.8149475621153628,0.604932843398803,0.3901473438776513,11.389153307189789,11.306951835064105,11.208326064568489,11.286418444028165
2028-12-18,0.6209632009493173,0.45418892095750885,0.46464312412944353,0.2870443669452326,0.48397923530873527,0.8149480973229973,0.6049293254530764,0.390143182118444,11.388727966109386,11.306519317018724,11.20790409847467,11.285991368302042
2028-12-19,0.6209597226029808,0.45419195584531336,0.46464286928165155,0.2870391438375309,0.48398029910031637,0.8149486281890975,0.6049258377222242,0.3901390566359227,11.388306339491368,11.30609057540718,11.207485817020148,11.285568021452589
2028-12-20,0.6209562745827699,0.45419496401912257,0.4646426164892081,0.2870339657672566,0.48398135310119,0.8149491544872364,0.6049223804214134,0.3901349677510338,11.387888402193209,11.305665584497776,11.207071195382916,11.285148378175032
2028-12-21,0.6209528561990876,0.45419794634460053,0.46464236549802573,0.28702883259662554,0.4839823978955026,0.8149496766228559,0.6049189530082828,0.39013091458608357,11.387474109336042,11.305244298743922,11.206660189096999,11.284732393666681
2028-12-22,0.6209494674149139,0.454200903174676,0.4646421169390386,0.2870237440883477,0.48398343367094077,0.8149501945091004,0.60491555566067,0.39012689633301145,11.38706343317992,11.304826690095323,11.206252770791817,11.28432004073877
2028-12-25,0.6209461079794226,0.4542038345501385,0.46464187008705254,0.28701870022943465,0.48398445997451334,0.8149507082080291,0.6049121882345929,0.3901229131906369,11.386656342925491,11.30441272644103,11.205848909656178,11.283911287679521
2028-12-26,0.6209427778414928,0.45420674074904777,0.46464162525115055,0.2870137007281725,0.4839854774348883,0.8149512176576855,0.6049088501068849,0.39011896451529826,11.386252814505763,11.304002384152303,11.205448581899375,11.283506110851736
2028-12-27,0.6209394762880073,0.45420962244673,0.46464138224671014,0.28700874449246794,0.48398648591079774,0.8149517229307363,0.6049055410516374,0.3901150498548261,11.38585281322468,11.303595627265858,11.205051753161102,11.283104475188507
2028-12-28,0.6209362034258314,0.45421247916330904,0.46464114115847643,0.28700383121288536,0.4839874854487017,0.8149522239354973,0.6049022607775352,0.3901111692513096,11.385456301674127,11.303192418597005,11.204658386456154,11.282706343182914
2028-12-29,0.6209329593167545,0.4542153109447983,0.46464090202010633,0.2869989608872178,0.4839884760169669,0.8149527211455907,0.6048990090479238,0.3901073225881841,11.385063261485742,11.302792739328673,11.204268463536545,11.282311696106836
2029-01-01,0.6209297434917229,0.45421811829662584,0.4646406646796518,0.28699413289932385,0.4839894578678097,0.8149532145296539,0.6048957853557503,0.3901035094791959,11.384673663010583,11.302396558969798,11.203881954668367,11.281920504228276
2029-01-02,0.6209265553696787,0.45422090151049466,0.46464042942336164,0.2869893466617633,0.4839904310507399,0.8149537037966362,0.6048925899736067,0.3900997296885126,11.384287473744246,11.302003844303801,11.203498827760269,11.281532735423642
2029-01-03,0.6209233950424404,0.4542236602608102,0.46464019579048865,0.2869846022353633,0.4839913953989149,0.8149541890205931,0.6048894225344515,0.3900959833093031,11.383904670963167,11.30161457254882,11.203119060383157,11.28114836614416
2029-01-04,0.6209202618980179,0.4542263953692028,0.4646399641888047,0.2869798990214789,0.4839923512602295,0.8149546705774565,0.6048862826767636,0.39009226963393195,11.383525218931117,11.301228707064515,11.202742617133628,11.280767360879402
2029-01-05,0.6209171559949824,0.45422910685824724,0.46463973409858106,0.28697523635019906,0.4839932983263067,0.8149551482669516,0.6048831701524775,0.3900885885906136,11.383149089979332,11.300846219477735,11.202369470426305,11.280389691320133
2029-01-08,0.6209140770459292,0.45423179491850507,0.46463950560577943,0.28697061407636565,0.48399423677344894,0.8149556222060449,0.6048800847267279,0.39008493970186414,11.382776262977927,11.300467088439792,11.201999599347591,11.280015336720979
2029-01-09,0.6209110249974661,0.4542344597062499,0.4646392787892319,0.2869660319033885,0.4839951665798588,0.8149560922907135,0.604877026035377,0.3900813225644418,11.382406713793953,11.300091289581262,11.201632979917704,11.279644272616588
2029-01-10,0.620907999285955,0.45423710182400634,0.46463905345869516,0.2869614893714487,0.48399608787183446,0.8149565587624701,0.6048739938125797,0.3900777368281039,11.382040405455133,11.299718784895125,11.201269575381609,11.279276461834925
2029-01-11,0.6209049996327147,0.45423972121702977,0.46463882995827427,0.2869569862705344,0.48399700109991783,0.8149570217867772,0.6048709878985474,0.3900741823158039,11.381677304908353,11.299349541495802,11.200909353246047,11.27891187195408
2029-01-12,0.6209020260299232,0.4542423181067281,0.46463860805541196,0.28695252263715265,0.48399790635579093,0.8149574812219378,0.6048680080988975,0.39007065873830826,11.381317388914079,11.298983535651782,11.200552290236223,11.27855047942296
2029-01-15,0.620899078139796,0.45424489252410355,0.4646383879171611,0.28694809797350235,0.48399880361266545,0.8149579368876436,0.60486505443223,0.39006716603426234,11.380960634155032,11.298620743651394,11.20019836328334,11.278192260843609
2029-01-16,0.6208961556778206,0.45424744501530495,0.46463816919199463,0.2869437115090766,0.4839996927482073,0.8149583888667306,0.6048621265771943,0.39006370392811357,11.380607013348818,11.298261137008671,11.19984754509949,11.277837188262028
2029-01-17,0.6208932588400975,0.45424997551299773,0.4646379525748354,0.28693936351643995,0.48400057436588984,0.8149588374025886,0.6048592240415014,0.39006027179331043,11.380256496613583,11.29790468686274,11.1994998063722,11.277485232623672
2029-01-18,0.6208903868989029,0.4542524842132492,0.4646377377807882,0.2869350529457898,0.4840014483712678,0.8149592823431662,0.60485634656186,0.390056869592866,11.379909056654615,11.297551364750431,11.199155119882342,11.277136366450629
2029-01-19,0.6208875397462685,0.4542549712622659,0.46463752485599363,0.28693077979840265,0.48400231472123756,0.8149597236653601,0.6048534941386572,0.390053497241514,11.379564661061087,11.297201137893493,11.198813453587785,11.27679055689404
2029-01-22,0.6208847173400256,0.45425743703101396,0.4646373132026865,0.28692654405249085,0.48400317329282044,0.8149601615836033,0.6048506665113139,0.3900501543599206,11.3792232912977,11.296853986540432,11.198474788592492,11.276447785173293
2029-01-23,0.6208819195305406,0.45425988182215327,0.464637102711022,0.2869223451523964,0.48400402393095054,0.8149605962822836,0.6048478633871827,0.39004684053405864,11.37888493079464,11.296509893650377,11.19813910858828,11.276108034130745
2029-01-24,0.620879146210995,0.4542623052067583,0.46463689364062977,0.28691818308720535,0.48400486655723496,0.8149610272844251,0.6048450848634327,0.39004355577148747,11.378549542768168,11.296168822644992,11.197806377212217,11.275771267292347
2029-01-25,0.6208763971136895,0.45426470748331643,0.46463668644203615,0.28691405722491264,0.48400570157727646,0.8149614548255469,0.6048423305010571,0.3900402995946101,11.378217092801856,11.295830738893624,11.197476560439561,11.275437450431964
2029-01-26,0.6208736717842052,0.4542670890919094,0.4646364809130519,0.28690996741010766,0.484006529369712,0.8149618789475659,0.6048396001360988,0.39003707189386505,11.37788755893467,11.295495619834842,11.197149636521532,11.275106561287686
2029-01-29,0.6208709699248747,0.45426945038234023,0.46463627707514965,0.2869059129194173,0.4840073498986528,0.8149622997816891,0.604836893539846,0.39003387238703713,11.377560923729524,11.295163447319919,11.196825588280483,11.274778582283444
2029-01-30,0.6208682914202641,0.4542717914934336,0.46463607443539434,0.28690189401222194,0.4840081626888053,0.8149627172635712,0.604834210818991,0.3900307009743497,11.377237153528322,11.294834186571268,11.196504382020866,11.274453478979474
2029-01-31,0.6208656362486421,0.454274112437127,0.4646358734001246,0.28689790945339794,0.4840089681983789,0.8149631313570151,0.6048315512919081,0.39002755715300735,11.376916229677478,11.294507819489274,11.196185999389956,11.274131233501699
2029-02-01,0.6208630048831256,0.4542764126955031,0.4646356735940482,0.28689396039205084,0.48400976609877405,0.8149635418751762,0.604828915132007,0.39002444107251705,11.376598125447808,11.294184319493114,11.19587041375892,11.27381181831184
2029-02-02,0.6208603970627714,0.45427869255597014,0.46463547488544693,0.2868900464910353,0.4840105565754793,0.8149639490515317,0.604826301987253,0.39002135226234236,11.37628280537452,11.293863650517268,11.195557589939657,11.273495197662168
2029-02-05,0.6208578120828078,0.4542809527541377,0.46463527703572494,0.2868861673235725,0.48401133974551064,0.814964352977191,0.6048237117653801,0.39001829038343067,11.375970249523066,11.293545791423819,11.195247508115594,11.273181351556216
2029-02-06,0.6208552492826447,0.45428319362860525,0.4646350807282959,0.28688232153562726,0.48401211592527615,0.8149647536255611,0.6048211440634452,0.3900152549493026,11.375660432381705,11.293230716659563,11.194940143306578,11.272870255056617
2029-02-07,0.6208527088428435,0.45428541496299135,0.46463488655262536,0.2868785091601501,0.4840128853962205,0.8149651509189652,0.6048185987641416,0.3900122457441799,11.37535334182556,11.292918414759946,11.19463548372805,11.272561896757466
2029-02-08,0.6208501910202398,0.4542876165575676,0.46463469367753535,0.28687473040379,0.48401364770904026,0.814965544829363,0.6048160756723309,0.3900092628849932,11.375048939279484,11.292608846331888,11.194333490793923,11.272256236814995
2029-02-09,0.62084769492233,0.45428979925519675,0.46463450246672006,0.28687098455211624,0.4840144030706708,0.8149659351835873,0.604813574917118,0.3900063060317278,11.374747196392033,11.292301981933614,11.19403413636445,11.271953246888284
2029-02-12,0.6208452206972075,0.45429196316108333,0.4646343126681328,0.28686727205504664,0.48401515182203614,0.8149663222534196,0.6048110960766131,0.39000337479972097,11.374448102013524,11.291997810698417,11.19373740932724,11.271652915924594
2029-02-13,0.6208427683379097,0.45429410817881954,0.4646341243280703,0.2868635924717882,0.48401589387200117,0.814966706388727,0.6048086386911933,0.3900004689760656,11.374151632704724,11.291696308908548,11.193443286529913,11.271355220633568
2029-02-14,0.6208403371106825,0.4542962351094345,0.4646339379447207,0.2868599450804586,0.48401662998571715,0.8149670877202163,0.6048062026012747,0.3899975877822097,11.373857756144526,11.291397443738433,11.193151736054022,11.271060129485928
2029-02-15,0.6208379271220876,0.45429834364587574,0.46463375328808043,0.28685632984896114,0.48401735936623813,0.814967465630251,0.6048037879695389,0.389994731474049,11.373566456406081,11.291101198744986,11.19286274185692,11.270767625756978
2029-02-16,0.620835538508727,0.4543004334204145,0.4646335701618412,0.2868527465467698,0.48401808214345954,0.8149678404126384,0.6048013944588727,0.3899919001896683,11.373277718170467,11.290807558666772,11.192576288823874,11.270477693697025
2029-02-19,0.620833170503951,0.45430250516004733,0.4646333885050241,0.2868491946302542,0.4840187981457842,0.8149682119072011,0.6047990220994327,0.3899890937610035,11.372991516174269,11.290516496664209,11.19229235173284,11.270190307989067
2029-02-20,0.6208308229269297,0.4543045590501078,0.4646332081705966,0.2868456739771002,0.48401950767234725,0.814968580143198,0.6047966705003156,0.3899863118592049,11.372707822474915,11.290227984800826,11.192010902945551,11.269905440628165
2029-02-21,0.6208284956743368,0.4543065951746869,0.46463302929935923,0.28684218381239596,0.4840202109393282,0.814968945542823,0.6047943392268688,0.38998355416146024,11.372426616066912,11.289942001736334,11.191731921577981,11.26962307081334
2029-02-22,0.6208261890026459,0.4543086131100694,0.46463285159647916,0.2868387241849778,0.48402090777930995,0.8149693078985449,0.6047920282543243,0.3899808207746956,11.372147867899262,11.28965851869358,11.19145537893633,11.269343168790874
2029-02-23,0.620823902337305,0.45431061341135004,0.46463267536330477,0.2868352943995702,0.4840215981299697,0.8149696671546325,0.6047897375697027,0.38997811138834954,11.37187155799653,11.289377514643546,11.191181255149077,11.26906571474458
2029-02-26,0.6208216359979271,0.45431259592776707,0.46463250031946074,0.2868318950511487,0.48402228214202775,0.8149700235614441,0.604787466868878,0.3899754256601123,11.371597671250704,11.289098974927821,11.190909535374708,11.268790693239296
2029-02-27,0.6208194027431793,0.4543145811378185,0.4646321340464627,0.28682854684500375,0.4840230265320341,0.8149704629296178,0.6047852348607534,0.3899728575799288,11.371326656188156,11.288822818616545,11.190640425503782,11.268518492598064
2029-02-28,0.6208171914254312,0.45431655242530067,0.4646317373723968,0.2868252317647283,0.4840237758719779,0.8149709133943488,0.6047830255360921,0.3899703282101571,11.37105809137499,11.288549065646412,11.190373706931378,11.268248741598489
2029-03-01,0.6208149999847308,0.45431850582639133,0.46463134435081066,0.28682194596109295,0.4840245183131613,0.8149713601080117,0.6047808355806924,0.38996782114475,11.370791887846478,11.288277719922014,11.190109333503806,11.267981362146076
2029-03-02,0.6208128278938891,0.45432044210603695,0.4646309547802621,0.2868186892413074,0.48402525395906365,0.8149718032156994,0.6047786650170354,0.38996533628892255,11.37052806167632,11.288008796431543,11.189847320684672,11.267716370288767
2029-03-05,0.6208106748504612,0.45432236175868246,0.46463056827181726,0.2868154611791877,0.48402598289213855,0.8149722427962677,0.6047765133714883,0.3899628731617,11.37026658306023,11.287742264418416,11.189587638695171,11.267453735805933
2029-03-06,0.6208085405881456,0.45432426506333795,0.46463018481007223,0.28681226150004246,0.48402670524665514,0.8149726792547837,0.6047743806264779,0.3899604318415973,11.37000742788571,11.28747809892714,11.189330263634615,11.267193434309554
2029-03-07,0.6208064244012192,0.4543261522743685,0.46462980429433265,0.28680908977163805,0.4840274208274689,0.8149731124602838,0.6047722667550153,0.38995801210764647,11.369750582328955,11.287216285175509,11.189075181928448,11.266935452021123
2029-03-08,0.6208043266291402,0.4543280232489874,0.464629426650117,0.2868059459388555,0.48402812988255617,0.8149735421572323,0.6047701713438003,0.389955613604973,11.369496008885154,11.28695678634977,11.18882235651569,11.266679751276568
2029-03-09,0.6208022473429656,0.45432987821446336,0.46462905163660567,0.28680283005673846,0.48402883241650985,0.8149739685886547,0.6047680942337069,0.38995323593894954,11.369243699706223,11.286699594155259,11.188571779439613,11.26642632419128
2029-03-12,0.6208001863623959,0.45433171696192287,0.46462868012981856,0.28679974170430933,0.48402952887775197,0.8149743919107276,0.6047660353246108,0.3899508791357019,11.368993632860422,11.286444687172104,11.188323429300223,11.266175149419169
2029-03-13,0.6207981439306665,0.45433353951972283,0.46462831122908105,0.2867966810523823,0.48403021897054416,0.8149748120918061,0.604763994311847,0.38994854324238953,11.36874578683894,11.286192043179588,11.188077284353955,11.265926204582104
2029-03-14,0.6207961193803406,0.4543353461564884,0.464627944998627,0.28679364710574584,0.4840309026731249,0.8149752289407299,0.6047619709205414,0.38994622806380136,11.36850013980336,11.285941639741324,11.187833323142325,11.265679467706477
2029-03-15,0.6207941127388512,0.45433713682827165,0.4646275812500168,0.28679064030090823,0.4840315796785287,0.8149756421964013,0.6047599655667129,0.3899439336787556,11.368256680590234,11.285693464767995,11.187591534188952,11.265434927233176
2029-03-16,0.6207921238507059,0.45433891185516817,0.4646272202784956,0.2867876604506467,0.4840322504710617,0.8149760520175775,0.6047579782128483,0.38994165960664123,11.36801537548506,11.285447484760486,11.187351884394472,11.265192549983388
2029-03-19,0.6207901529347472,0.45434067104494613,0.46462686215455995,0.2867847070787526,0.48403291475751825,0.8149764581690193,0.6047560084184326,0.389939405509011,11.367776216915562,11.285203692334356,11.187114366165275,11.264952328072928
2029-03-20,0.6207881995919872,0.45434241472669545,0.4646265066630176,0.2867817795689947,0.4840335728901336,0.8149768608866298,0.6047540558011751,0.3899371714423128,11.367539180104854,11.284962061707843,11.186878954606374,11.264714236487086
2029-03-21,0.6207862636924906,0.4543441428749113,0.46462615362503784,0.2867788780317499,0.4840342250090771,0.8149772604468695,0.6047521201693518,0.3899349574099212,11.367304245696234,11.284722573373902,11.186645630601463,11.264478255775268
2029-03-22,0.620784345214648,0.45434585525003923,0.4646258037145894,0.2867760021240434,0.4840348710842618,0.8149776567312927,0.6047502015418038,0.38993276317427017,11.3670713918428,11.28448520590786,11.186414372836152,11.264244364180001
2029-03-23,0.6207824440826777,0.4543475524447284,0.4646254564555189,0.286773151257896,0.4840355111988536,0.8149780500616389,0.6047482993544806,0.38993058812149667,11.36684059995516,11.284249939646603,11.186185162417539,11.2640125429114
2029-03-26,0.6207805595243401,0.4543492351536599,0.46462511195277273,0.2867703253356331,0.4840361455856972,0.8149784405668492,0.6047464138083247,0.3899284322011065,11.3666118610785,11.284016764652872,11.185957990544642,11.263782783357424
2029-03-27,0.6207786911993671,0.454350903493789,0.46462476995314494,0.28676752409431205,0.48403677416749535,0.8149788280489096,0.6047445448937903,0.3899262954242943,11.366385154016344,11.283785659310533,11.185732836327583,11.263555063917817
2029-03-28,0.6207768390268004,0.4543525576469851,0.4646244307584398,0.28676474718191614,0.4840373972215667,0.8149792123206347,0.6047426924353922,0.38992417742960656,11.366160463098065,11.283556608175758,11.185509684276845,11.26332936923532
2029-03-29,0.6207750030469801,0.45435419743661476,0.46462409442226416,0.2867619944899524,0.484038014597,0.8149795934787252,0.60474085627569,0.3899220782130059,11.365937763094923,11.283329585860054,11.185288509454425,11.263105673894872
2029-03-30,0.6207731832458094,0.45435582284367537,0.46462376104974557,0.28675926573102795,0.484038626245394,0.8149799715828577,0.6047390362825422,0.389919997556383,11.365717039391896,11.28310457749657,11.18506929732585,11.262883963214641
2029-04-02,0.62077137933721,0.4543574341630545,0.4646234303009763,0.2867565609686531,0.48403923237086455,0.8149803467921598,0.6047372323205623,0.38991793528943336,11.365498278376505,11.282881568922933,11.184852034299709,11.262664223517827
2029-04-03,0.62076959107195,0.45435903160417335,0.4646231025279921,0.28675387973670513,0.4840398332617594,0.8149807191385007,0.6047354441783971,0.38991589111415664,11.365281456114834,11.282660536187967,11.184636696804448,11.262446431192732
2029-04-04,0.6207678184023311,0.45436061531907457,0.46462277756975695,0.28675122193744057,0.48404042886319004,0.8149810884120937,0.6047336716821923,0.3899138647548093,11.365066557463775,11.28244146372558,11.184423269620675,11.262230570874513
2029-04-05,0.6207660611745911,0.454362185325454,0.46462245569735006,0.28674858722710145,0.4840410193190795,0.8149814546191497,0.604731914767396,0.3899118559981639,11.36485356210501,11.282224331271212,11.184211732704075,11.262016622590922
2029-04-06,0.6207643193487543,0.4543637416230425,0.46462213677539604,0.286745975497581,0.48404160457806833,0.8149818177960235,0.6047301733102591,0.3899098648073496,11.364642455830756,11.282009124349157,11.184002072004196,11.261804571876809
2029-04-09,0.6207625927480616,0.45436528438895235,0.4646218203965478,0.2867433867563651,0.48404218438725044,0.8149821780209338,0.6047284473905743,0.38990789128205355,11.364433224704987,11.28179582796227,11.183794273490811,11.261594404224093
2029-04-10,0.6207608813189418,0.45436681361536463,0.46462150681875475,0.2867408208561392,0.48404275914936884,0.8149825355273856,0.6047267365422183,0.3899059351608936,11.364225846168187,11.28158441967141,11.183588314751256,11.261386097452489
2029-04-11,0.6207591849793437,0.4543683296253116,0.46462119571520566,0.28673827775701627,0.4840433288531629,0.8149828900617357,0.6047250408422445,0.3899039962301018,11.364020305973131,11.28137488497409,11.183384181661063,11.26117963707455
2029-04-12,0.620757503434241,0.45436983278841325,0.46462088705008175,0.2867357573350943,0.4840438934276758,0.8149832417586733,0.6047233600327075,0.38990207409882754,11.363816586525694,11.281167205543584,11.183181856660184,11.260975005229943
2029-04-13,0.6207558365063534,0.4543713229053531,0.4646205814175014,0.28673325928778376,0.4840444530160868,0.8149835904617487,0.6047216943552717,0.3899001687998064,11.363614671120256,11.28096136495037,11.182981323570829,11.260772185687177
2029-04-16,0.6207541843473409,0.45437280001134817,0.46462027857282867,0.28673078339346525,0.48404500765660563,0.8149839361619376,0.6047200433463361,0.38989828015588535,11.363414541090902,11.280757344293878,11.18278256351433,11.260571159540078
2029-04-17,0.6207525467873687,0.4543742641161802,0.4646199780754191,0.2867283292449793,0.4840455571344171,0.8149842787965839,0.6047184068980581,0.38989640833083433,11.36321618794436,11.280555134427294,11.182585567933662,11.260371917722445
2029-04-18,0.6207509235066024,0.45437571542312805,0.4646196802333494,0.2867258966565476,0.4840461017858919,0.8149846185079204,0.6047167848448517,0.3898945530401067,11.363019591169223,11.28035471491793,11.182390316783396,11.260174440173664
2029-04-19,0.620749314557308,0.4543771540247303,0.4646193850462087,0.2867234856004592,0.4840466416202182,0.8149849554777966,0.6047151770865681,0.3898927140643546,11.362824735154414,11.280156069773764,11.182196794451029,11.259978711047893
2029-04-20,0.6207477195907334,0.45437858015591975,0.4646190921024269,0.2867210958238496,0.48404717638983585,0.8149852897405123,0.6047135835934025,0.38989089143190925,11.36263160708624,11.279959185254203,11.182004988146414,11.259784717098148
2029-04-23,0.6207461387413694,0.4543799938709359,0.4646188015736421,0.28671872743155613,0.4840477064394299,0.8149856211811105,0.6047120041913838,0.3898890847698833,11.362440190398457,11.279764044926901,11.181814881345632,11.259592442059413
2029-04-24,0.6207445716782032,0.45438139547889517,0.46461851350172256,0.2867163799835705,0.48404823177369516,0.8149859497636183,0.6047104388250362,0.38988729389713783,11.362250470837846,11.279570634032838,11.181626459864557,11.259401871744396
2029-04-25,0.6207430185303113,0.45438278472145693,0.4646182279357016,0.28671405321233867,0.48404875239058637,0.8149862753147696,0.6047088872422501,0.3898855188105421,11.362062429491758,11.279378934061603,11.181439705084697,11.25921298700928
2029-04-26,0.6207414794274518,0.4543841614387364,0.46461794476530294,0.2867117473001577,0.4840492682939275,0.8149865983226068,0.6047073492819158,0.3898837595129937,11.361876053437163,11.279188931708982,11.181254604107176,11.259025774687426
2029-04-27,0.6207399537545888,0.4543855261543123,0.46461766430349993,0.2867094615115174,0.48404977982504394,0.8149869188282187,0.604705824754233,0.3898820156090557,11.361691332176319,11.279000616067119,11.181071146685348,11.258840224839934
2029-04-30,0.6207384415765556,0.4543868789519696,0.4646173865170496,0.28670719571689723,0.4840502869324447,0.8149872368332046,0.6047043136050748,0.3898802869499624,11.361508248067237,11.278813969123222,11.180889315089512,11.258656319818442
2029-05-01,0.6207369428968106,0.45438821989251865,0.46461711097573766,0.28670495012739117,0.48405078956854974,0.8149875521504834,0.6047028158200592,0.3898785735512373,11.36132678625731,11.278628975824386,11.180709094545172,11.258474044042874
2029-05-02,0.6207354574653863,0.45438954913661456,0.4646168375750729,0.2867027247386019,0.4840512877034726,0.8149878648280456,0.6047013313494839,0.3898768753229814,11.361146930143576,11.278445618984799,11.180530468551426,11.25829338079117
2029-05-03,0.6207339851601198,0.45439086659075256,0.46461656633713655,0.2867005188902218,0.48405178109640495,0.8149881747668443,0.6046998599850938,0.38987519229643314,11.360968664549848,11.278263883213166,11.180353422127519,11.258114314660757
2029-05-04,0.6207325255381533,0.4543921727735494,0.4646162975197605,0.28669833214414886,0.4840522700730485,0.8149884821553882,0.6046984017435805,0.38987352404801834,11.360791982195089,11.278083760595642,11.180177948003049,11.257936838810298
2029-05-07,0.6207310789290194,0.45439346753408844,0.4646160310237784,0.28669616493952804,0.4840527548117639,0.8149887870566261,0.6046969563574728,0.38987187033481924,11.360616870112647,11.277905238645047,11.180004033389956,11.25776094027816
2029-05-08,0.6207296451485653,0.45439475097523796,0.46461576681473565,0.2866940167745593,0.4840532352846746,0.8149890894810404,0.6046955235174052,0.389870231143637,11.36044331416058,11.277728302875484,11.17983166414488,11.257586604791683
2029-05-09,0.6207282239918492,0.45439602310502375,0.4646155047149487,0.28669188755007935,0.48405371135026704,0.8149893893674104,0.6046941033434873,0.3898686065316436,11.360271295023866,11.277552933417091,11.179660821127435,11.257413812794764
2029-05-10,0.6207268154016387,0.4543972840375717,0.4646152449806168,0.28668977723226985,0.4840541833280303,0.8149896867518788,0.6046926956620894,0.3898669961256596,11.3601007986526,11.27737911672452,11.179491490676485,11.257242550453036
2029-05-11,0.6207254194873628,0.45439853377319783,0.46461498757971176,0.2866876859772048,0.484054651176649,0.8149899816883184,0.6046913005552408,0.3898653998371747,11.359931814667608,11.277206841917238,11.179323662285567,11.257072807315154
2029-05-14,0.6207240362977657,0.4543997720952009,0.4646147321484885,0.2866856133706173,0.48405511468900264,0.8149902740095374,0.6046899177070557,0.38986381790495417,11.359764329595766,11.277036095350944,11.179157322440592,11.256904569187638
2029-05-15,0.6207226656167326,0.4544009994291085,0.46461447912449383,0.28668355932986894,0.4840555741569391,0.8149905637399908,0.6046885470236634,0.3898622497728514,11.359598325146115,11.276866858716806,11.178992453126646,11.256737818432969
2029-05-16,0.6207213070453932,0.4544022158045276,0.46461422845569755,0.28668152330620217,0.484056029602582,0.8149908508854966,0.6046871884071316,0.38986069553610064,11.359433790292353,11.276699120425839,11.178829043365772,11.256572544047067
2029-05-17,0.6207199603814464,0.45440342148771495,0.4646139799039811,0.28667950517190527,0.4840564810144268,0.8149911354327007,0.6046858417566087,0.38985915510843433,11.35927071129434,11.276532866319977,11.178667079579629,11.256408731840342
2029-05-18,0.6207186254342338,0.4544046166988007,0.4646137332097089,0.28667750508528456,0.4840569282580839,0.8149914173537621,0.604684507215526,0.38985762846087924,11.359109076657871,11.276368084123236,11.178506550113083,11.25624637028312
2029-05-21,0.6207173023038524,0.4544058013749253,0.46461348834677385,0.2866755225972937,0.4840573712992835,0.8149916968672695,0.6046831844634158,0.38985611551165383,11.358948877178547,11.276204764351212,11.178347445786926,11.256085449814432
2029-05-22,0.6207159909856125,0.4544069756047772,0.46461324541538307,0.2866735577686666,0.4840578103892738,0.8149919739765528,0.6046818732827269,0.38985461590950515,11.35879010130591,11.276042895849326,11.178189755228018,11.255925959124829
2029-05-23,0.620714691137737,0.4544081396244446,0.4646130044685264,0.28667161027940713,0.48405824543841736,0.8149922487481603,0.6046805736804352,0.3898531295231666,11.358632731700549,11.275882460459238,11.178033461224233,11.255767880838471
2029-05-24,0.6207134027887964,0.45440929330457897,0.4646127657349297,0.2866696800110252,0.4840586765315743,0.8149925211247383,0.6046792856207661,0.38985165623432383,11.358476753313019,11.27572344336624,11.177878549003193,11.25561119992406
2029-05-25,0.620712125622549,0.45441043702313094,0.4646125293078523,0.2866677665793294,0.48405910393643675,0.814992791216471,0.6046780089047205,0.3898501958368941,11.35832215479121,11.275565832910324,11.17772500735201,11.255455905075257
2029-05-28,0.6207108597000157,0.45441157078260713,0.4646122948234598,0.2866658703883744,0.484059527452909,0.8149930589884439,0.6046767436029871,0.3898487484384982,11.358168919715384,11.275409612113627,11.177572819727793,11.25530197939303
2029-05-29,0.6207096050213854,0.4544126945903824,0.4646120623385717,0.28666399071508414,0.48405994705609945,0.814993324356378,0.6046754894744902,0.38984731384408833,11.358017043697812,11.2752547765645,11.177421981756796,11.255149418707559
2029-05-30,0.6207083616606885,0.45441380817547583,0.4646118320168191,0.28666212765900895,0.48406036275352804,0.8149935871863125,0.6046742465290234,0.38984589214313264,11.357866510914775,11.27510131080192,11.177272477948673,11.254998206992308
2029-05-31,0.6207071296868804,0.4544149117283482,0.4646116032848038,0.2866602816181017,0.4840607746136125,0.8149938478615152,0.6046730145276066,0.38984448311766623,11.357717308887892,11.274949201650815,11.177124295581207,11.254848331438172
2029-06-01,0.6207059090479392,0.45441600515352054,0.46461137630294574,0.28665845235001913,0.4840611825175356,0.8149941062508042,0.6046717934685555,0.389843086772855,11.357569426310905,11.274798437691205,11.176977423459,11.254699780923323
2029-06-04,0.620704699028081,0.4544170891434177,0.46461115120575414,0.28665663899578053,0.4840615865449883,0.8149943621884247,0.6046705833161564,0.3898417026650123,11.357422849843061,11.274649004739853,11.176831848435834,11.254552542195022
2029-06-05,0.6207034997393639,0.45441816358812914,0.46461092846256613,0.2866548417229322,0.4840619871548767,0.8149946159305642,0.6046693839043971,0.38984033050918393,11.357277572209448,11.27450089628778,11.176687563603458,11.254406608579218
2029-06-06,0.6207023112519936,0.45441922849432187,0.46461070770479485,0.2866530606032069,0.48406238417260417,0.8149948674947592,0.6046681951039723,0.3898389703092702,11.357133579867249,11.274354098310864,11.17654455531138,11.25426196625738
2029-06-07,0.620701133189936,0.45442028404884305,0.4646104893179394,0.28665129518501736,0.4840627777300589,0.8149951167668293,0.6046670170361153,0.3898376220102828,11.356990855463447,11.274208593226808,11.176402806529453,11.254118597891742
2029-06-08,0.6206999655439279,0.4544213302881774,0.4646102731913381,0.28664954528061704,0.4840631680137816,0.8149953638319329,0.6046658493814199,0.3898362855025787,11.356849391356194,11.27406437350441,11.176262309690436,11.253976495647533
2029-06-11,0.6206988080101378,0.4544223675495865,0.4646100588307904,0.28664781080038415,0.4840635549294998,0.8149956088984738,0.6046646919123052,0.3898349606616656,11.356709184072404,11.273921434718028,11.176123061082736,11.253835655999218
2029-06-12,0.6206976606299597,0.45442339579025826,0.4646098466644295,0.2866460913412616,0.48406393865268726,0.8149958519279717,0.6046635445380149,0.38983364730226305,11.35657022005295,11.273779763542052,11.175985047304321,11.253696065628699
2029-06-13,0.6206965233417359,0.454424414970162,0.46460963665167904,0.2866443871905366,0.48406431904492286,0.814996092595134,0.6046624074036467,0.38983234553787993,11.356432485630636,11.273639346137449,11.17584825474244,11.253557710582824
2029-06-14,0.6206953961346316,0.4544254252471822,0.4646094283191151,0.2866426983546128,0.48406469612729797,0.8149963314638763,0.6046612801945164,0.3898310552378202,11.356295975185583,11.273500176233727,11.175712677639025,11.253420584894812
2029-06-15,0.6206942791428187,0.4544264264771133,0.4646092218171497,0.2866410246286894,0.4840650697152684,0.8149965682802287,0.6046601630245385,0.3898297764018804,11.356160679289221,11.273362244332692,11.175578306642294,11.253284679065649
2029-06-18,0.6206931720886999,0.45442741862848657,0.46460901745270067,0.2866393657045036,0.48406544005700647,0.8149968030200415,0.6046590557467432,0.38982850893987153,11.356026577774381,11.273225530519023,11.175445122028194,11.253149973288496
2029-06-19,0.6206920746191009,0.45442840208714463,0.4646088149940826,0.28663772115771946,0.4840658073050309,0.8149970357831666,0.6046579581530742,0.3898272527700268,11.355893665421092,11.273090028929797,11.175313118471479,11.253016462184949
2029-06-20,0.6206909869222639,0.4544293766954774,0.4646086140286829,0.28663609129818163,0.48406617119115897,0.8149972665917612,0.6046568703009908,0.3898260080199571,11.355761936736037,11.272955733791198,11.17518229034547,11.252884139634668
2029-06-21,0.620689909116299,0.4544303423503389,0.4646084148378639,0.28663447572229867,0.4840665317396944,0.8149974951623604,0.6046557920535915,0.38982477457379366,11.355631377909244,11.272822631476597,11.175052623930185,11.252752992109505
2029-06-22,0.6206888409624436,0.4544312993563034,0.46460821743277186,0.2866328743283234,0.48406688922055824,0.814997721867373,0.6046547232034307,0.3898235520327548,11.355501975143975,11.272690708044939,11.174924105777508,11.252623005789017
2029-06-25,0.6206877825009429,0.4544322477229391,0.46460802191007755,0.28663128727721565,0.4840672437439134,0.8149979466862013,0.604653663706382,0.38982234020282863,11.355373717475738,11.27255995243096,11.174796724921771,11.252494169984695
2029-06-26,0.6206867338973838,0.45443318745393035,0.4646078281591639,0.2866297142995042,0.48406759508179786,0.8149981695332134,0.6046526134815676,0.3898211391135556,11.355246599474803,11.272430358805533,11.174670475620934,11.25236647873342
2029-06-27,0.6206856946975469,0.4544341186191142,0.4646076361176006,0.2866281551304944,0.4840679432135962,0.8149983904844964,0.6046515723974174,0.3898199489608807,11.355120611041336,11.272301916719535,11.174545348017316,11.252239921891665
2029-06-28,0.620684664614755,0.45443504161709025,0.4646074458805418,0.28662660949659785,0.4840682883433105,0.8149986096064408,0.6046505404642419,0.38981876935942034,11.354995738710935,11.272174612530696,11.174421328956118,11.252114486177438
2029-06-29,0.6206836440670126,0.4544359561839391,0.46460725748299164,0.28662507777435287,0.4840686305647345,0.8149988268131044,0.6046495173971016,0.38981760010129596,11.354871969314113,11.272048433569717,11.174298405264883,11.251990158383723
2029-07-02,0.6206826327273631,0.454436862672866,0.46460707074281926,0.2866235596940253,0.4840689698137792,0.814999042193473,0.6046485033490866,0.38981644113783026,11.354749293921401,11.27192337005485,11.174176568047313,11.251866929398574
2029-07-03,0.6206816300718829,0.4544377612582839,0.4646068857502317,0.28662205484653946,0.4840693060362709,0.814999255687726,0.6046474984006783,0.38981529257161335,11.354627707452295,11.27179941620862,11.174055812310572,11.25174479421891
2029-07-04,0.6206806363728126,0.45443865172310394,0.46460670225180756,0.28662056344799197,0.4840696393285421,0.8149994674849151,0.6046465021633798,0.3898141541876952,11.354507198189994,11.27167656066193,11.173936126426359,11.251623741085558
2029-07-05,0.6206796516716402,0.4544395340437129,0.4646065204003721,0.2866190854052516,0.4840699695662568,0.814999677316649,0.6046455147078985,0.38981302593853423,11.35438775886917,11.271554796313366,11.17381750328771,11.251503762803132
2029-07-06,0.6206786759062906,0.4544404081430813,0.4646063402884676,0.2866176205994466,0.484070296681521,0.8149998851063323,0.6046445361153312,0.3898119078337085,11.354269378404643,11.27143411193875,11.173699931927235,11.251384848128692
2029-07-09,0.6206777088121089,0.4544412746045322,0.46460616150406986,0.28661616902593645,0.4840706208774752,0.8150000911240209,0.6046435661647129,0.3898107996149665,11.354152044735281,11.271314494513286,11.173583400095467,11.251266984796885
2029-07-10,0.6206767502490964,0.4544421333360541,0.4646059840738146,0.2866147300176927,0.48407094199859596,0.8150002952664394,0.6046426047205871,0.3898097013923756,11.354035751400136,11.271195937356092,11.173467901435979,11.251150166247362
2029-07-11,0.6206758002540319,0.4544429843268687,0.4646058080110088,0.2866133039073782,0.4840712601696662,0.8150004975249204,0.6046416517464677,0.38980861296388897,11.353920492856423,11.271078435056861,11.173353430357858,11.251034387108895
2029-07-12,0.620674858947391,0.454443827460619,0.4646056334640664,0.28661189065574527,0.4840715754061386,0.8150006978712022,0.6046407073121743,0.3898075343158402,11.353806251285738,11.27096196992434,11.17323996938615,11.250919629351026
2029-07-13,0.6206739261394127,0.45444466304653663,0.464605460486757,0.2866104901237946,0.4840718877561838,0.8150008963270705,0.6046397713351175,0.38980646520389545,11.353693025377888,11.270846540376782,11.173127517090636,11.250805891784088
2029-07-16,0.6206730014557631,0.4544454914831114,0.4646052889519371,0.28660910188702843,0.4840721974514055,0.8150010931797073,0.6046388435693204,0.3898054053990721,11.353580802109121,11.270732132722273,11.173016060533309,11.250693161421998
2029-07-17,0.6206720848219387,0.45444631273974956,0.46460511865558995,0.2866077261404791,0.48407250442475647,0.8150012883116511,0.6046379240705906,0.38980435503203875,11.353469572600169,11.270618737911757,11.17290559091986,11.25058142926609
2029-07-18,0.6206711762650501,0.4544471265532337,0.4646049500031981,0.2866063624543589,0.4840728086475989,0.8150014814602398,0.6046370128036002,0.38980331408043895,11.3533593287494,11.270506348227585,11.172796100363419,11.250470687353255
2029-07-19,0.6206702758983276,0.4544479331914989,0.4646047828842202,0.28660501065163985,0.4840731103193234,0.8150016731428389,0.604636109392957,0.3898022822049984,11.353250059577016,11.270394952310312,11.1726875778306,11.25036092468854
2029-07-20,0.6206693835411243,0.4544487326767007,0.46460461726555835,0.28660367081359417,0.4840734093451066,0.8150018631722665,0.6046352139612975,0.3898012594460719,11.353141757970052,11.270284542859251,11.172580016278868,11.250252133984803
2029-07-23,0.6206684990940767,0.45444952505985187,0.46460445313149457,0.28660234283223623,0.4840737057086862,0.8150020514902833,0.6046343264803419,0.38980024576922273,11.353034416201181,11.270175111926694,11.172473408001961,11.250144307453732
2029-07-24,0.6206676225031664,0.45445031039288875,0.4646042904534514,0.28660102661797626,0.4840739994465876,0.815002238133741,0.6046334468619773,0.3897992410807772,11.352928024902177,11.270066650008399,11.172367743702305,11.25003743570708
2029-07-25,0.6206667536687074,0.45445108877871854,0.4646041291976092,0.2865997220671206,0.48407429057883367,0.8150024231107476,0.6046325750419209,0.3897982452995415,11.352822576122202,11.269959148944729,11.172263015485603,11.249931510729928
2029-07-26,0.6206658925436536,0.45445186023167905,0.4646039693664414,0.28659842908837696,0.48407457911749147,0.8150026064214662,0.6046317109533739,0.38979725835964163,11.35271806060581,11.269852599349141,11.172159214160288,11.24982652322092
2029-07-27,0.6206650390566433,0.45445262483665866,0.46460381095886544,0.28659714756699173,0.48407486510171066,0.8150027881021918,0.6046308545170388,0.38979628015805695,11.352614470337892,11.269746993046693,11.172056331763494,11.249722465152631
2029-07-30,0.6206641931291679,0.4544533826737061,0.4646036539650982,0.28659587739323006,0.48407514855980616,0.815002968157426,0.6046300056739359,0.38979531061291944,11.35251179783674,11.269642322381852,11.171954360861797,11.249619329018032
2029-07-31,0.6206633546977436,0.4544541337892519,0.46460349836455384,0.28659461847428,0.4840754295107069,0.8150031466120017,0.6046291643496667,0.3897943496502168,11.352410034836014,11.26953857893762,11.17185329325243,11.249517106518374
2029-08-01,0.6206625236741253,0.4544548782671667,0.46460334415395693,0.2865933707124405,0.48407570798885746,0.815003323476287,0.6046283304873273,0.3897933971867436,11.352309172668711,11.269435753873925,11.171753120333063,11.24941578895778
2029-08-02,0.62066170002726,0.45445561611906604,0.46460319129903643,0.28659213403699424,0.48407598398493645,0.8150034987602109,0.6046275040162766,0.38979245317267486,11.352209203355235,11.269333839096426,11.171653834183987,11.249315368276898
2029-08-03,0.6206608836746865,0.45445634743447627,0.4646030397990951,0.286590908318496,0.48407625754162126,0.8150036724750017,0.6046266848684873,0.38979151750804614,11.352110119169367,11.269232826694635,11.171555427121502,11.24921583673219
2029-08-06,0.6206600745564372,0.4544570722743544,0.4646028896647728,0.28658969346569724,0.48407652867947903,0.8150038446303314,0.6046258729871244,0.38979059011262024,11.352011911993062,11.26913270840822,11.17145789108937,11.249117186194237
2029-08-07,0.620659272605981,0.45445779068989817,0.46460274086691056,0.2865884893819951,0.4840767974164237,0.8150040152484938,0.6046250682953316,0.3897896709288268,11.351914574345335,11.269033476594236,11.171361218644998,11.249019409125136
2029-08-08,0.6206584777701474,0.45445850272837385,0.4646025933728007,0.28658729597684757,0.48407706375784165,0.8150041843381695,0.6046242707392425,0.3897887599011584,11.351818098479958,11.268935123339299,11.171265402088574,11.248922497713739
2029-08-09,0.6206576899792999,0.45445920844837784,0.46460244718511723,0.2865861131541513,0.48407732774316026,0.8150043519060645,0.6046234802435606,0.3897878569363516,11.351722476817056,11.268837640948856,11.17117043390001,11.248826444392789
2029-08-10,0.6206569091422731,0.4544599079392657,0.464602302292604,0.2865849408064656,0.4840775893982612,0.8150045179831311,0.6046226967603884,0.3897869619552182,11.351627701643794,11.26874102151113,11.17107630642096,11.24873124140964
2029-08-13,0.6206561352143682,0.45446060123883814,0.4646021586776889,0.28658377885815106,0.48407784872922216,0.8150046825720634,0.6046219202315796,0.3897860749008425,11.35153376587825,11.268645257805902,11.170983012611845,11.24863688162804
2029-08-14,0.6206553681505631,0.45446128838993977,0.46460201634361376,0.2865826272326022,0.48407810577673493,0.8150048457075174,0.6046211505792818,0.38978519569329856,11.351440661917893,11.268550342122904,11.170890544927095,11.248543357441658
2029-08-15,0.6206546078835854,0.45446196944661693,0.46460187527629776,0.2865814858153909,0.4840783605424053,0.8150050073891164,0.6046203877488985,0.3897843242816856,11.351348382325638,11.268456266865991,11.170798895980742,11.248450661361654
2029-08-16,0.6206538543412672,0.4544626444755027,0.4646017354790908,0.28658035450338865,0.48407861306113587,0.8150051676295899,0.6046196316775972,0.3897834605697988,11.351256919351872,11.268363024144088,11.17070805808212,11.2483587856212
2029-08-17,0.620653107461361,0.4544633135486832,0.4646015969244812,0.2865792332182018,0.48407886336790257,0.8150053264668401,0.6046188823001923,0.3897826044868948,11.351166266082695,11.268270606885931,11.170618024360598,11.248267723262398
2029-08-20,0.6206523672049409,0.45446397668405414,0.46460145958435245,0.2865781218807479,0.48407911144901444,0.8150054838898723,0.6046181395664253,0.3897817560045104,11.351076415627407,11.268179008049762,11.170528787954199,11.248177467327755
2029-08-21,0.6206516334937727,0.4544646339470647,0.4646013234742523,0.2865770203674642,0.4840793573380532,0.8150056399007842,0.6046174034134244,0.3897809150394669,11.350987360888766,11.268088220411013,11.170440341818294,11.248088010728106
2029-08-22,0.6206509062786836,0.4544652854049478,0.46460118857530486,0.28657592862335407,0.4840796010739188,0.8150057945359827,0.6046166737739274,0.3897800815032832,11.350899094644921,11.267998236623379,11.170352678786477,11.24799934621545
2029-08-23,0.6206501855184702,0.45446593109449257,0.4646010548643973,0.28657484657599896,0.48407984265939724,0.815005947804504,0.6046159505942909,0.3897792553336558,11.350811610057232,11.26790904971849,11.170265792065251,11.247911466902195
2029-08-24,0.6206494711441136,0.45446657105391364,0.4646009223235097,0.2865737741085194,0.48408008209574005,0.815006099714577,0.6046152338183763,0.3897784364886697,11.350724900016864,11.267820652424257,11.170179674592335,11.24782436561812
2029-08-27,0.620648763091027,0.45446720533901364,0.4646007909700819,0.2865727111404473,0.48408031941585133,0.8150062502742288,0.6046145234048199,0.389777624902006,11.350638957406012,11.267733037502197,11.170094319311648,11.24773803523977
2029-08-28,0.6206480613150058,0.4544678340000937,0.4646006607849508,0.2865716575999613,0.48408055463819555,0.8150063994946365,0.6046138192860901,0.3897768205016255,11.350553775910942,11.267646198527164,11.17000971994687,11.247652469425843
2029-08-29,0.6206473657758199,0.45446845707911765,0.4646005317525809,0.2865706134051138,0.48408078777980024,0.8150065473884656,0.604613121393738,0.3897760232237277,11.350469348785015,11.26756012864043,11.169925869800004,11.247567661391967
2029-08-30,0.6206466764007276,0.45446907462888486,0.46460040386965373,0.2865695784606848,0.48408101885781696,0.8150066939481461,0.6046124296878339,0.38977523300723965,11.350385668691178,11.267474820366347,11.169842761592806,11.247483603765705
2029-08-31,0.6206459931282211,0.4544696867020026,0.46460027713661434,0.28656855267009884,0.484081247891044,0.8150068392027001,0.6046117441114202,0.3897744497854222,11.350302729434944,11.267390267373319,11.169760389173623,11.247400290333232
2029-09-03,0.6206453159093059,0.454470293343618,0.46460015152618966,0.28656753595350104,0.4840814749011866,0.8150069831590862,0.6046110646081261,0.38977367350646447,11.350220524761012,11.267306463268719,11.16967874631929,11.247317714803387
2029-09-04,0.6206446447023941,0.45447089459408313,0.4646000270227201,0.28656652825558293,0.48408169989339367,0.8150071258248426,0.6046103911257675,0.38977290411597826,11.35013904823424,11.267223401501912,11.16959782663193,11.2472358706925
2029-09-05,0.6206439794496738,0.45447149049874463,0.46459990361234027,0.2865655294902838,0.4840819228764397,0.815007267208019,0.6046097236082635,0.3897721415586056,11.350058293029864,11.267141075111265,11.169517623331716,11.247154751140592
2029-09-06,0.6206433200981071,0.4544720811221581,0.4645997812839947,0.2865645395855798,0.48408214387953286,0.8150074073414741,0.6046090619968109,0.38977138575004994,11.349978252438918,11.267059477252891,11.169438129761875,11.24707434940901
2029-09-07,0.620642666586127,0.4544726665240191,0.46459966003791825,0.2865635584585296,0.48408236292272444,0.8150075462344522,0.6046084062514492,0.3897706366273716,11.349898920331018,11.26697860166051,11.169359339832216,11.246994659346756
2029-09-10,0.6206420188473406,0.4544732467501425,0.4645995398500191,0.2865625860099711,0.48408258001789184,0.8150076838864263,0.6046077563217264,0.38976989414620644,11.349820290393247,11.26689844187527,11.169281247269188,11.246915674610625
2029-09-11,0.620641376845952,0.4544738218214789,0.4645994207213327,0.286561622166419,0.48408279518181385,0.8150078203119866,0.6046071121496738,0.3897691582572605,11.34974235661453,11.26681899179997,11.16920384610926,11.246837389159642
2029-09-12,0.6206407405541003,0.45447439177337423,0.4645993026443057,0.2865606668765601,0.4840830084328844,0.8150079555169851,0.6046064736831142,0.38976842889714913,11.349665112843988,11.266740245198875,11.169127130245093,11.246759796813013
2029-09-13,0.6206401099054282,0.454474956674522,0.4645991856039564,0.2865597200668017,0.48408321979603575,0.8150080895276586,0.6046058408636004,0.3897677059958861,11.349588552925873,11.266662195770381,11.16905109355782,11.24668289140993
2029-09-14,0.6206394848384548,0.4544755165813191,0.464599069578938,0.28655878163978593,0.48408342927043746,0.8150082223391729,0.604605213659648,0.3897669894981208,11.349512670988183,11.266584837486214,11.168975730213742,11.24660666701836
2029-09-17,0.6206388652906472,0.45447607155016106,0.46459895457658007,0.2865578515209437,0.4840836368990039,0.8150083539800652,0.6046045920134925,0.3897662793316641,11.349437460698754,11.266508163895766,11.168901033928337,11.246531117311308
2029-09-18,0.6206382512602228,0.4544766215792905,0.46459884057866097,0.2865569296680454,0.4840838426787284,0.8150084844512668,0.6046039758699087,0.3897655754603327,11.349362916161128,11.266432169032704,11.168826998833312,11.246456236352836
2029-09-19,0.6206376426879363,0.4544771667194533,0.46459872758060167,0.2865560159879416,0.4840840466192806,0.8150086137533434,0.6046033651835682,0.38976487783298214,11.349289031642332,11.266356847037878,11.168753619233678,11.24638201837044
2029-09-20,0.6206370395006351,0.4544777070375414,0.464598615593509,0.2865551104065246,0.48408424875651324,0.8150087419065717,0.6046027599100474,0.3897641863740244,11.349215801107983,11.266282191767589,11.16868088916078,11.246308457330308
2029-09-21,0.6206364416330092,0.45447824260917913,0.4645985045995016,0.28655421286057164,0.48408444911982373,0.81500886894708,0.6046021599987822,0.3897635010110216,11.349143219129882,11.266208197648783,11.168608803220925,11.24623554779483
2029-09-24,0.6206358490472548,0.4544787734446901,0.4645983945908515,0.2865533232633549,0.484084647707098,0.8150089948561715,0.6046015654156238,0.3897628217183226,11.349071279566955,11.266134858430059,11.168537355308084,11.246163283590192
2029-09-25,0.6206352617048043,0.4544792995774578,0.46459828557360927,0.28655244153292536,0.48408484454018985,0.8150091196292369,0.604600976106009,0.38976214843690543,11.348999976800275,11.266062168423572,11.168466539848527,11.246091659077837
2029-09-26,0.6206346795656386,0.4544798210485095,0.46459817752483734,0.2865515676313181,0.4840850396325347,0.8150092432921938,0.6046003920169519,0.3897614811145524,11.34892930560488,11.265990122289264,11.168396351647903,11.24602066900304
2029-09-27,0.620634102567536,0.45448033791095527,0.46459807042749635,0.2865507014734704,0.48408523299088185,0.815009365858491,0.6045998131052158,0.3897608196988079,11.34885926048484,11.265918714393594,11.168326785248794,11.245950307834237
2029-09-28,0.6206335306737532,0.4544808502019706,0.4645979642982929,0.28654984298630154,0.48408542464028004,0.8150094873325728,0.604599239320592,0.3897601641282026,11.34878983533875,11.265847938552989,11.168257834596684,11.245880569457999
2029-10-01,0.6206329638360254,0.45448135796965555,0.4645978591058428,0.2865489921122382,0.4840856145995787,0.815009607732387,0.6045986706205377,0.3897595143554437,11.348721024641248,11.265777789107887,11.16818949419245,11.24581144831102
2029-10-02,0.6206324020034346,0.45448186125532186,0.4645977548371737,0.28654814875395457,0.4840858028799354,0.8150097270757846,0.6045981069501072,0.38975887033408413,11.34865282356451,11.26570826111201,11.168121759238893,11.245742939534749
2029-10-03,0.6206318451494889,0.4544823600830684,0.4645976514892259,0.2865473128568681,0.4840859894909252,0.8150098453528815,0.6045975482684344,0.3897582320161447,11.348585226520527,11.265639348901837,11.168054624184409,11.245675037512342
2029-10-04,0.6206312932091078,0.45448285450299053,0.46459754905919237,0.28654648435215313,0.4840861744558158,0.8150099625792494,0.604596994534403,0.3897575993559327,11.348518227903607,11.265571046755296,11.167988083469503,11.245607736618974
2029-10-05,0.6206307461621856,0.4544833445368247,0.4645974475414858,0.28654566318835484,0.4840863577877212,0.8150100787741495,0.6045964457000234,0.389756972300501,11.348451822919209,11.265503349805854,11.167922132335784,11.24554103203461
2029-10-08,0.6206302039683562,0.45448383023120265,0.4645973469234196,0.28654484930381174,0.4840865395049616,0.8150101939532239,0.604595901721391,0.3897563507933025,11.348386006155172,11.265436252516974,11.167856765396952,11.245474918330215
2029-10-09,0.6206296665702804,0.4544843116218753,0.4645972472065207,0.28654404260193905,0.4840867196183018,0.8150103081097465,0.604595362559058,0.3897557347979677,11.348320772142447,11.265369749319177,11.167791977228228,11.245409390015285
2029-10-10,0.6206291339269038,0.45448478874743586,0.4645971483693159,0.2865432430193786,0.48408689813982,0.8150104212510157,0.604594828163706,0.3897551242654938,11.348256115756532,11.265303834981616,11.16772776273388,11.245344441931708
2029-10-11,0.620628606025348,0.45448526161992064,0.4645970504234479,0.28654245052402044,0.48408707508414317,0.8150105333965936,0.6045942984929366,0.38975451914945974,11.348192031856936,11.265238504309075,11.167664116815772,11.245280068919731
2029-10-12,0.6206280828291095,0.45448573028061284,0.46459695333714013,0.28654166505741213,0.4840872504487318,0.8150106445512492,0.6045937735079693,0.38975391940830195,11.348128515791132,11.265173752531576,11.167601034840661,11.245216266275602
2029-10-15,0.6206275642581931,0.4544861947935076,0.46459685712437393,0.28654088651703463,0.4840874242698896,0.8150107547276455,0.6045932531650854,0.38975332497941617,11.348065561960738,11.265109573934438,11.167538511265192,11.245153028411687
2029-10-16,0.6206270502749804,0.45448665520239795,0.46459676177955184,0.28654011484925174,0.48408759656545053,0.8150108639375976,0.6045927374232674,0.3897527358006967,11.348003165421579,11.265045963481782,11.167476541180779,11.245090350361798
2029-10-17,0.6206265408682796,0.45448711150333004,0.4645966672994252,0.2865393500111054,0.48408776733932035,0.8150109721762658,0.6045922262415792,0.3897521518458368,11.34794132166157,11.264982916616322,11.167415120105254,11.245028227595832
2029-10-18,0.6206260359790013,0.4544875637494502,0.4645965736561377,0.2865385919420984,0.48408793658990346,0.815011079448534,0.6045917195908713,0.38975157307813596,11.347880025667196,11.264920428176303,11.16735424304913,11.244966655057025
2029-10-19,0.6206255355616144,0.4544880119841809,0.46459648085198785,0.28653784058474907,0.48408810434236466,0.8150111857679161,0.6045912174306131,0.3897509994416754,11.347819272445635,11.264858493085054,11.167293905064815,11.244905627734127
2029-10-22,0.6206250395789504,0.45448845625166945,0.46459638888226035,0.28653709587999043,0.48408827062230425,0.8150112911519998,0.6045907197048935,0.389750430871022,11.34775905698912,11.264797106250644,11.167234101179409,11.244845140620683
2029-10-23,0.6206245479840382,0.45448889658884434,0.46459629773703814,0.28653635776288566,0.48408843543326646,0.8150113956064025,0.6045902263825101,0.3897498673253795,11.347699374805659,11.264736263072686,11.16717482693015,11.24478518919978
2029-10-24,0.6206240607594387,0.4544893330026577,0.46459620740470026,0.2865356261703808,0.4840885987731126,0.8150114991199678,0.6045897374306511,0.389749308782874,11.347640221056944,11.264675958630837,11.16711607750246,11.244725768579231
2029-10-25,0.6206235778450004,0.45448976555520204,0.46459611787227956,0.28653490105516277,0.48408876067147455,0.8150116017085582,0.6045892528113519,0.3897487551897919,11.347581591053709,11.264616188123979,11.16705784823904,11.24466687406632
2029-10-26,0.6206230992039006,0.45449019427893883,0.4645960291237552,0.28653418236474376,0.48408892113618646,0.8150117034034179,0.6045887724757357,0.38974820650136227,11.347523480493551,11.264556947157757,11.167000134869577,11.244608501335163
2029-10-29,0.6206226248124894,0.454490619194156,0.4645959411557098,0.28653347005100893,0.4840890801729048,0.8150118041854912,0.6045882963964023,0.3897476626740894,11.347465884462096,11.264498230747051,11.166942932511953,11.244550645445544
2029-10-30,0.6206221546153995,0.45449104035249005,0.46459585397287173,0.28653276404208444,0.4840892378043212,0.815011904067291,0.6045878245376823,0.3897471236580205,11.347408798334707,11.264440034159701,11.166886236574719,11.244493301767836
2029-10-31,0.6206216885756581,0.45449145779089306,0.4645957675562054,0.2865320642833804,0.48408939404354767,0.815012003065888,0.6045873568623723,0.38974658941522006,11.347352217897589,11.264382353077384,11.166830042866437,11.244436466064126
2029-11-01,0.6206212266616582,0.45449187152982984,0.46459568190361206,0.28653137072534685,0.4840895489002902,0.8150121011903501,0.6045868933298825,0.38974605990624256,11.34729613848254,11.26432518276245,11.166774346754618,11.24438013365228
2029-11-02,0.6206207688473411,0.4544922815858448,0.4645955970111563,0.2865306833124327,0.4840897023780232,0.8150121984307683,0.604586433902786,0.3897455350973746,11.347240555720775,11.264268518785565,11.166719143904015,11.24432430013508
2029-11-05,0.620620315087089,0.4544926880108893,0.4645955128638841,0.2865300019884004,0.4840898544977962,0.8150122948102965,0.6045859785442588,0.3897450149375729,11.347185465087097,11.26421235650927,11.166664429818024,11.244268960960623
2029-11-06,0.6206198653378174,0.45449309085009676,0.46459542946288546,0.28652932669872405,0.48409000527466306,0.8150123903404056,0.6045855272220015,0.3897444993792422,11.34713086229145,11.264156691543178,11.166610200231727,11.244214111832255
2029-11-07,0.6206194195688823,0.4544934901322134,0.46459534679453107,0.2865286573870854,0.48409015471807604,0.8150124850265961,0.6045850798969333,0.38974398838266505,11.3470767431126,11.264101519585275,11.16655645095058,11.244159748498953
2029-11-08,0.6206189777386467,0.45449388587486905,0.4645952648607041,0.2865279939981616,0.48409030283774535,0.815012578864873,0.6045846365390957,0.38974348192112823,11.347023103105721,11.264046836121649,11.166503177568593,11.24410586650868
2029-11-09,0.6206185398256833,0.45449427810604354,0.4645951836602406,0.2865273364841002,0.4840904496454458,0.8150126718720349,0.604584197107955,0.3897429799414788,11.346969938039338,11.263992636850766,11.166450375884253,11.24405246161043
2029-11-12,0.6206181057940336,0.45449466686218915,0.46459510317800645,0.2865266848003035,0.4840905951580228,0.8150127640579176,0.6045837615652083,0.3897424824066081,11.346917243762555,11.263938917536038,11.16639804177287,11.24399952963128
2029-11-13,0.6206176755934063,0.4544950521859128,0.46459502340732706,0.2865260388859398,0.48409073937981345,0.8150128554272908,0.6045833298882993,0.3897419892793889,11.346865016039287,11.263885673833322,11.166346171027282,11.243947066309898
2029-11-14,0.6206172491932994,0.4544954341037867,0.4645949443440036,0.286525398684379,0.48409088232559816,0.8150129459846365,0.6045829020335807,0.38974150051965245,11.346813250821201,11.263832901620559,11.166294759622943,11.243895067583809
2029-11-15,0.6206168265736074,0.454495812634535,0.4645948659795403,0.2865247641563551,0.4840910240083316,0.8150130357383528,0.6045824779660371,0.389741016087417,11.346761943806143,11.263780596538847,11.1662438032929,11.243843529134216
2029-11-16,0.6206164076923995,0.4544961878134866,0.46459478831369677,0.2865241352432181,0.4840911644333951,0.8150131246935366,0.6045820576560312,0.38974053594594704,11.346711091125403,11.263728754629561,11.166193298194013,11.243792447072467
2029-11-19,0.6206159925308002,0.45449655966275715,0.4645947113304818,0.28652351190625935,0.4840913036120767,0.8150132128620188,0.604581641065131,0.38974006005447365,11.34666068866061,11.263677371700279,11.166143240230276,11.243741817250635
2029-11-20,0.6206155810373732,0.45449692823060317,0.4645946350258193,0.28652289409366377,0.4840914415625247,0.8150133002495243,0.6045812281670736,0.3897395883741907,11.34661073254737,11.263626443795536,11.166093625567457,11.243691635796496
2029-11-21,0.6206151731835855,0.45449729353459556,0.4645945593966608,0.2865222817509438,0.48409157828757104,0.8150133868580788,0.6045808189293225,0.38973912087378976,11.34656121883376,11.263575966891436,11.166044450280255,11.243641898737309
2029-11-22,0.620614768941195,0.45449765560639876,0.46459448443302515,0.2865216748357424,0.48409171380506494,0.8150134727014023,0.6045804133122308,0.38973865750864983,11.34651214349112,11.26352593688551,11.165995710365692,11.243592602032823
2029-11-23,0.6206143682763388,0.4544980144717316,0.46459441013280917,0.28652107329612014,0.4840918481189826,0.8150135577774953,0.6045800112932115,0.38973819825072026,11.346463502628046,11.263476349810652,11.16594740196248,11.243543741764467
2029-11-26,0.620613971158603,0.45449837016240263,0.464594336487688,0.28652047708300227,0.4840919812443764,0.8150136421028724,0.6045796128321469,0.38973774305607256,11.346415292525252,11.263427201866989,11.165899521371115,11.24349531420277
2029-11-27,0.6206135775525009,0.4544987227098355,0.46459426349321464,0.28651988614997287,0.4840921131951481,0.8150137256857762,0.6045792178994847,0.38973729188918044,11.346367509248827,11.263378489046511,11.165852064688185,11.243447315397145
2029-11-28,0.6206131874297655,0.4544990721352107,0.4645941911446418,0.28651930045430485,0.48409224397250794,0.8150138085230039,0.604578826469964,0.3897368447209056,11.34632014914288,11.26333020762598,11.165805028284312,11.243399741668798
2029-11-29,0.6206128007618912,0.4544994184641724,0.46459411943812956,0.28651871994470834,0.4840923735941617,0.815013890626604,0.6045784385052546,0.3897364015109846,11.346273208298227,11.26328235362609,11.165758408275714,11.24335258909819
2029-11-30,0.620612417515899,0.45449976173259593,0.4645940483641244,0.2865181445808583,0.48409250206877374,0.8150139720079564,0.6045780539771048,0.3897359622231797,11.346226683077731,11.26323492332999,11.165712201050939,11.243305854028526
2029-12-03,0.620612037659203,0.45450010196199686,0.4645939779219736,0.2865175743072021,0.484092629405823,0.8150140526630195,0.6045776728564877,0.38973552682620843,11.346180569806023,11.263187912994878,11.165666402959804,11.243259532768489
2029-12-04,0.6206116611637316,0.4545004391813352,0.4645939081040589,0.28651700908164146,0.48409275561778875,0.8150141326067181,0.6045772951094118,0.38973509528276334,11.346134864803902,11.263141318869282,11.165621010347772,11.243213621623978
2029-12-05,0.6206112880036871,0.45450077341278305,0.46459383890418005,0.2865164488637279,0.48409288071140666,0.8150142118414517,0.6045769207078676,0.3897346675618936,11.346089564541062,11.263095137358887,11.165576019708986,11.243168117044304
2029-12-06,0.6206109181494095,0.45450110468257865,0.4645937703160848,0.28651589360651947,0.48409300469628136,0.8150142903739757,0.6045765496207128,0.38973424362906867,11.34604466539504,11.263049364768953,11.165531427444384,11.243123015390136
2029-12-07,0.620610551568936,0.45450143302141,0.4645937023351596,0.28651534326676537,0.4840931275842757,0.8150143682125714,0.6045761818194079,0.3897338234479348,11.34600016377002,11.263003997432474,11.165487229984008,11.24307831305109
2029-12-10,0.620610188232725,0.4545017584561582,0.4645936349550095,0.2865147978012555,0.4840932493847876,0.815014445362126,0.604575817275738,0.38973340698564946,11.345956056183653,11.262959031796912,11.16544342386874,11.243034006527498
2029-12-11,0.6206098281131793,0.454502081009309,0.46459356817019115,0.28651425716583534,0.48409337010626163,0.8150145218285544,0.6045754559599745,0.3897329942116166,11.34591233915626,11.26291446431546,11.165400005642002,11.242990092323828
2029-12-12,0.6206094711824365,0.4545024007055199,0.46459350197704363,0.28651372131698377,0.48409348975814126,0.8150145976170132,0.6045750978440539,0.3897325850936441,11.345869009196427,11.262870291431705,11.165356971837106,11.242946566933224
2029-12-13,0.6206091174116527,0.4545027175715095,0.46459343637157724,0.28651319021333665,0.4840936083519595,0.8150146727339137,0.6045747428990744,0.3897321795974625,11.345826062880064,11.262826509656689,11.16531431905394,11.242903426918911
2029-12-14,0.6206087667736261,0.45450303163290384,0.46459337134580503,0.28651266381358087,0.4840937258962671,0.8150147471874173,0.6045743910963179,0.38973177769037876,11.345783496857264,11.262783115572729,11.165272043965043,11.242860668913309
2029-12-17,0.6206084192391419,0.45450334291473027,0.4645933068949948,0.28651214207448317,0.48409384239989894,0.8150148209812268,0.6045740424091883,0.38973137934181984,11.345741307742479,11.262740105726637,11.165230143207845,11.2428182895155
2029-12-18,0.6206080747812026,0.45450365143956306,0.4645932430150332,0.2865116249550384,0.4840939578713592,0.8150148941203662,0.604573696810595,0.38973098452143523,11.345699492157754,11.262697476677385,11.165188613427866,11.242776285332537
2029-12-19,0.6206077333735055,0.45450395723233217,0.4645931797000427,0.28651111241501803,0.484094072320168,0.8150149666121165,0.6045733542720713,0.38973059319753495,11.345658046838533,11.262655225095893,11.165147451382046,11.242734653084593
2029-12-20,0.6206073949913242,0.4545042603159736,0.46459311694473737,0.2865106044159297,0.48409418575485696,0.8150150384619095,0.604573014766141,0.3897302053386802,11.345616968488393,11.26261334762452,11.165106653796732,11.242693389459554
2029-12-21,0.6206070596054405,0.45450456071643475,0.4645930547445199,0.2865101009153154,0.4840942981844542,0.8150151096752776,0.6045726782660995,0.3897298209137143,11.345576253853766,11.26257184094425,11.16506621744085,11.242652491189416
2029-12-24,0.6206067271877973,0.4545048584578472,0.46459299309493585,0.2865096018713732,0.4840944096180393,0.8150151802579335,0.6045723447463067,0.38972943989281844,11.34553589968236,11.262530701737658,11.165026139084764,11.242611955007245
2029-12-25,0.6206063977135396,0.45450515356328025,0.4645929319914833,0.2865091072462987,0.48409452006549325,0.8150152502159919,0.6045720141796777,0.38972906224504295,11.345495902832575,11.262489926804145,11.164986415608245,11.242571777758583
2029-12-26,0.6206060711576893,0.45450544605475185,0.4645928714281006,0.28650861700209446,0.48409462953446214,0.8150153195542046,0.6045716865402574,0.38972868794223287,11.345456260159603,11.262449512937764,11.164947043887212,11.242531956283042
2029-12-27,0.6206057474928166,0.4545057359560338,0.4645928113995644,0.2865081310986103,0.48409473803273717,0.8150153882771,0.6045713618023144,0.3897283169549052,11.345416968505775,11.262409456918057,11.164908020785905,11.242492487408365
2029-12-28,0.6206054266935912,0.4545060232910102,0.4645927519032613,0.28650764949798035,0.4840948455708641,0.8150154563920968,0.6045710399395131,0.38972794925100346,11.345378024743182,11.262369755558497,11.164869343198866,11.2424533679944
2029-12-31,0.6206051087355442,0.4545063080824551,0.4645926929332257,0.28650717216394334,0.4840949521569088,0.8150155239048558,0.6045707209269099,0.3897275848021497,11.34533942580269,11.262330405728646,11.1648310080769,11.242414594957705
2030-01-01,0.6206047935926886,0.4545065903521255,0.4645926344845167,0.2865066990561347,0.484095057798001,0.8150155908194849,0.6045704047394816,0.389727223581023,11.3453011686388,11.262291404322077,11.16479301239479,11.242376165237982
2030-01-02,0.6206044812397329,0.4545068701228008,0.4645925765527324,0.2865062301365734,0.4840951625029921,0.8150156571413292,0.604570091352052,0.38972686555882025,11.345263250215876,11.26225274824446,11.164755353137991,11.242338075785515
2030-01-03,0.6206041716527143,0.4545071474164004,0.464592519133846,0.28650576537028627,0.4840952662815025,0.8150157228766349,0.604569780739022,0.3897265107062426,11.345225667515994,11.26221443442196,11.164718027309865,11.242300323570575
2030-01-04,0.6206038648078206,0.4545074222547822,0.46459246222298956,0.28650530472036745,0.4840953691406321,0.8150157880304105,0.6045694728759698,0.389726158995266,11.345188417613919,11.262176459871545,11.164681032004621,11.242262905654005
2030-01-07,0.6206035606788269,0.45450769466086943,0.4645924058155563,0.2865048481488177,0.4840954710886576,0.8150158526067995,0.6045691677398166,0.38972581039847615,11.345151497542108,11.262138821565394,11.164644364275121,11.242225819054449
2030-01-08,0.6206032592411044,0.4545079646567568,0.4645923499081885,0.28650439561970675,0.48409557213492194,0.8150159166119179,0.6045688653060858,0.38972546488718374,11.345114904384657,11.262101516531892,11.164608021226238,11.242189060845165
2030-01-09,0.6206029604726708,0.45450823226181924,0.46459229449545564,0.28650394709802673,0.48409567228665135,0.8150159800509411,0.6045685655499529,0.38972512243499546,11.345078635263071,11.262064541837672,11.164571999998339,11.242152628134065
2030-01-10,0.6206026643509572,0.45450849749575356,0.4645922395736076,0.2865035025484513,0.48409577155093897,0.8150160429275078,0.6045682684479268,0.3897247830156578,11.345042687274287,11.262027894525508,11.164536297708363,11.242116518004117
2030-01-11,0.6206023708515278,0.45450876038118276,0.4645921851384358,0.2865030619356661,0.48409586993583464,0.8150161052467092,0.6045679739769002,0.38972444660161243,11.345007057598167,11.261991571718882,11.164500911555544,11.242080727621827
2030-01-14,0.6206020799495191,0.45450902094113926,0.46459213118470155,0.28650262522431563,0.48409596745022687,0.81501616701581,0.604567682113,0.38972411316533934,11.344971743419633,11.261955570544348,11.164465838743906,11.242045254160262
2030-01-15,0.6206017916223274,0.4545092791953007,0.4645920777091005,0.2865021923789986,0.4840960641017869,0.8150162282385639,0.6045673928333649,0.3897237826806486,11.344936741928597,11.261919888139175,11.16443107648278,11.242010094797442
2030-01-16,0.6206015058492054,0.45450953516141956,0.46459202470807015,0.2865017633655667,0.4840961598974052,0.8150162889181716,0.6045671061150208,0.3897234551225732,11.344902050354385,11.261884521682415,11.164396622020362,11.241975246749405
2030-01-17,0.6206012226060472,0.4545097888609724,0.4645919721763778,0.28650133815013196,0.48409625484515917,0.8150163490605478,0.6045668219352046,0.389723130465267,11.344867665974748,11.261849468396058,11.164362472652964,11.24194070728155
2030-01-18,0.6206009418708194,0.4545100403144978,0.46459192010988415,0.2865009166998852,0.484096348952203,0.815016408671435,0.6045665402715634,0.38972280868254333,11.344833586103363,11.261814725540798,11.164328625712747,11.241906473694824
2030-01-21,0.6206006636208481,0.4545102895419349,0.46459186850487,0.2865004989813874,0.48409644222627063,0.8150164677544187,0.6045662611020214,0.3897224897491742,11.344799807992972,11.261780290316665,11.164295078470998,11.241872543230832
2030-01-22,0.6206003878339736,0.45451053656281315,0.4645918173571533,0.2865000849608685,0.48409653467472574,0.815016526314311,0.6045659844043102,0.38972217363987643,11.344766328961441,11.261746159989805,11.164261828264351,11.241838913195142
2030-01-23,0.6206001144902737,0.4545107813953645,0.4645917666627962,0.28649967460595577,0.4840966263045324,0.8150165843560117,0.6045657101560566,0.38972186032975314,11.344733146390771,11.261712331892165,11.16422887249224,11.241805580956957
2030-01-24,0.6205998435675604,0.45451102405959143,0.46459171641724145,0.2864992678841052,0.48409671712297503,0.8150166418840313,0.6045654383356946,0.38972154979415013,11.344700257637397,11.261678803327655,11.164196208528775,11.241772543860844
2030-01-25,0.6205995750432726,0.4545112645750864,0.4645916666169454,0.2864988647618027,0.4840968071371502,0.8150166989027287,0.6045651689217411,0.3897212420090024,11.344667660112394,11.261645571656809,11.164163833803272,11.241739799305947
2030-01-28,0.6205993088974119,0.45451150296004755,0.46459161725784476,0.286498465208779,0.48409689635440034,0.8150167554166705,0.6045649018929253,0.38972093694956333,11.344635351225735,11.261612634240814,11.164131745743527,11.241707344690228
2030-01-29,0.6205990451091065,0.4545117392337481,0.46459156833637105,0.28649806919404663,0.48409698478238855,0.8150168114314149,0.6045646372277579,0.3897206345909851,11.34460332844354,11.261579988496425,11.164099941832962,11.241675177469725
2030-01-30,0.6205987836573931,0.4545119734146736,0.4645915198477135,0.28649767668502724,0.48409707242683264,0.8150168669498838,0.604564374906043,0.389720334910327,11.344571589230366,11.261547631837384,11.164068419552837,11.241643295096111
2030-01-31,0.6205985245194027,0.4545122055228006,0.4645914717890968,0.2864972876494982,0.4840971592958857,0.8150169219766512,0.6045641149070208,0.38972003788316173,11.344540131037693,11.261515561665094,11.164037176372636,11.241611695011121
2030-02-01,0.6205982676774164,0.4545124355742631,0.4645914241568423,0.28649690205928086,0.4840972453958624,0.8150169765164279,0.6045638572096914,0.3897197434862398,11.344508951410363,11.261483775479771,11.164006209854168,11.241580374747926
2030-02-04,0.6205980131112716,0.45451266358715964,0.46459137694614794,0.28649651988425845,0.4840973307330452,0.815017030573603,0.6045636017937059,0.3897194516968409,11.344478047889718,11.261452270773733,11.163975517554961,11.24154933183612
2030-02-05,0.6205977607990578,0.45451288958078817,0.46459133015418125,0.28649614109205895,0.48409741531431116,0.8150170841520644,0.6045633486394185,0.3897191624915351,11.344447417993052,11.261421045014906,11.163945097009863,11.241518563782293
2030-02-06,0.6205975107209967,0.4545131135738599,0.46459128377729975,0.28649576565295587,0.48409749914742284,0.8150171372562978,0.6045630977262426,0.3897188758462146,11.344417059306144,11.261390095742884,11.163914945821253,11.241488068161704
2030-02-07,0.6205972628571642,0.4545133355835827,0.46459123781138767,0.286495393538052,0.4840975822387371,0.8150171898908237,0.6045628490344823,0.3897185917388623,11.344386969439952,11.261359420521513,11.163885061616272,11.241457842575201
2030-02-08,0.6205970171889681,0.4545135556262011,0.4645911922527665,0.2864950247178704,0.4840976645934103,0.8150172420587538,0.6045626025450784,0.3897183101479786,11.344357146035104,11.261329016945915,11.163855442051437,11.241427884651154
2030-02-11,0.6205967736965762,0.45451377371955515,0.46459114709767224,0.28649465916363664,0.48409774621869106,0.8150172937638132,0.6045623582384776,0.38971803105112096,11.34432758669705,11.261298882575355,11.163826084748546,11.241398191984548
2030-02-12,0.6205965323591287,0.45451398988294894,0.46459110234287193,0.2864942968461181,0.4840978271220865,0.8150173450117768,0.6045621160950089,0.3897177544246965,11.344298289097365,11.261269015034758,11.163796987395783,11.241368762238139
2030-02-13,0.6205962931592017,0.45451420413197463,0.4645910579845324,0.28649393773698123,0.4840979073090227,0.8150173958063134,0.6045618760951949,0.3897174802472323,11.3442692509384,11.261239411982473,11.16376814771061,11.241339593102994
2030-02-14,0.6205960560776052,0.4545144164831757,0.46459101401921993,0.2864935818076669,0.4840979867855882,0.8150174461499227,0.6045616382210031,0.38971720849799046,11.344240469890915,11.261210071044228,11.163739563379549,11.241310682239146
2030-02-15,0.6205958210942618,0.4545146269547238,0.46459097044311853,0.28649322902900415,0.4840980655583829,0.8150174960474602,0.6045614024534324,0.3897169391554823,11.344211943693667,11.261180989912509,11.16371123215676,11.24128202737465
2030-02-18,0.6205955881921055,0.4545148355623878,0.46459092725236056,0.2864928793747888,0.48409814363398307,0.8150175455039388,0.604561168772988,0.38971667219781975,11.3441836700905,11.261152166289033,11.163683151801468,11.241253626243529
2030-02-19,0.6205953573521801,0.4545150423230373,0.4645908844438284,0.2864925328168832,0.4840982210181173,0.8150175945225299,0.6045609371616025,0.3897164076038286,11.344155646843786,11.261123597892293,11.16365532009147,11.241225476598084
2030-02-20,0.6205951285563189,0.4545152472524224,0.46459084201465445,0.28649218932709347,0.4840982977166901,0.8150176431061319,0.6045607076014453,0.38971614535312976,11.344127871741106,11.261095282467322,11.163627734829632,11.241197576215523
2030-02-21,0.6205949017856314,0.45451545036825314,0.46459079996106906,0.2864918488787844,0.4840983737368867,0.8150176912599791,0.6045604800741927,0.38971588542413255,11.3441003425701,11.261067217756924,11.163600393818285,11.24116992287466
2030-02-22,0.6205946770229993,0.4545156516854056,0.4645907582800998,0.28649151144539176,0.48409844908405075,0.8150177389877418,0.6045602545617853,0.38971562779695645,11.344073057175052,11.261039401564817,11.163573294916795,11.241142514409836
2030-02-25,0.6205944542511052,0.45451585121895755,0.46459071696757853,0.28649117700000004,0.4840985237634653,0.8150177862923151,0.6045600310461017,0.3897153724517602,11.344046013388278,11.261011831681516,11.163546435971911,11.241115348642602
2030-02-26,0.6205942334511922,0.4545160489858342,0.46459067602124615,0.28649084551562076,0.4840985977817761,0.8150178331777753,0.6045598095098224,0.38971511936767145,11.344019209050387,11.260984505905276,11.163519814839576,11.24108842340486
2030-02-27,0.6205940146067787,0.4545162450018142,0.4645906354373311,0.28649051696660377,0.4840986711447809,0.8150178796484062,0.6045595899350155,0.3897148685242206,11.343992642064455,11.260957422098045,11.163493429436679,11.24106173658937
2030-02-28,0.6205937977000232,0.4545164392823902,0.4645905952127821,0.2864901913268504,0.48409874385848833,0.8150179257077699,0.6045593723045071,0.3897146199018715,11.343966310319518,11.260930578107766,11.163467277666811,11.24103528607641
2030-03-01,0.6205935827135859,0.4545166318426292,0.4645905553444417,0.2864898685701447,0.48409881592785065,0.8150179713590697,0.6045591566013878,0.3897143734813872,11.343940211735346,11.2609039718135,11.163441357464064,11.241009069775588
2030-03-04,0.6205933696312194,0.45451682269716576,0.4645905158293575,0.28648954867137333,0.4840988873592851,0.8150180166057197,0.6045589428081155,0.3897141292429286,11.343914344241863,11.260877601106733,11.163415666772691,11.24098308560807
2030-03-05,0.6205931584352277,0.4545170118623929,0.46459047666424047,0.2864892316053927,0.4840989581586157,0.8150180614522577,0.6045587309078871,0.3897138871666887,11.343888705793221,11.260851463900268,11.16339020356083,11.240957331519157
2030-03-06,0.620592949109205,0.4545171993527364,0.4645904378458353,0.2864889173471887,0.4840990283307062,0.8150181059015024,0.6045585208843242,0.3897136472340957,11.343863294375454,11.260825558140626,11.16336496582796,11.240931805484813
2030-03-07,0.6205927416364968,0.45451738518301693,0.4645903993709863,0.2864886058717075,0.4840990978814864,0.8150181499568415,0.6045583127205802,0.38971340942611427,11.343838107957268,11.260799881757395,11.163339951556678,11.240906505464936
2030-03-08,0.6205925360003268,0.4545175693682384,0.46459036123715675,0.2864882971540998,0.48409916681661536,0.8150181936220283,0.6045581064002222,0.3897131737236769,11.343813144556549,11.260774432729963,11.163315158778824,11.240881429469242
2030-03-11,0.6205923321854734,0.4545177519221707,0.4645903234408383,0.28648799117021606,0.48409923514131536,0.815018236900862,0.6045579019063605,0.38971294010813784,11.343788402197017,11.260749209044219,11.163290585531296,11.240856575511753
2030-03-12,0.6205921301752542,0.45451793285971004,0.46459028597895313,0.2864876878960702,0.4840993028608409,0.8150182797961745,0.6045576992234833,0.3897127085612913,11.343763878916588,11.260724208699266,11.163266229865394,11.240831941621312
2030-03-13,0.620591929953558,0.45451811219532473,0.4645902488485159,0.28648738730730056,0.4840993699804409,0.8150183223115508,0.6045574983355515,0.38971247906486045,11.343739572787122,11.260699429728803,11.163242089866062,11.24080752586065
2030-03-14,0.6205917315045487,0.4545182899433749,0.46459021204649875,0.2864870893805815,0.4840994365059807,0.8150183644506585,0.6045572992263616,0.3897122516003307,11.343715481878254,11.260674870165237,11.163218163616119,11.240783326291673
2030-03-15,0.6205915348124893,0.4545184661177798,0.4645901755703513,0.2864867940921654,0.4840995024423538,0.8150184062166305,0.6045571018804204,0.3897120261497675,11.343691604284565,11.260650528066444,11.16319444922351,11.24075934100027
2030-03-18,0.6205913398622769,0.4545186407318501,0.46459013941718497,0.2864865014184852,0.484099567794699,0.8150184476122354,0.6045569062820598,0.38971180269563993,11.343667938119351,11.260626401509457,11.163170944814228,11.24073556809096
2030-03-19,0.6205911466380846,0.454518813800157,0.4645901035840289,0.28648621133646235,0.4840996325686564,0.8150184886416969,0.6045567124156557,0.3897115812198156,11.343644481504375,11.260602488578794,11.16314764852287,11.240712005677393
2030-03-20,0.6205909551245755,0.45451898533626195,0.4645900680679866,0.28648592382311294,0.4840996967689458,0.8150185293078137,0.6045565202660154,0.38971136170521004,11.343621232600809,11.260578787399547,11.163124558523085,11.240688651912105
2030-03-21,0.6205907653069122,0.4545191553533122,0.4645900328661693,0.2864856388557438,0.4840997604006715,0.8150185696136987,0.6045563298178368,0.38971114413444374,11.343598189554536,11.260555296082302,11.163101672973513,11.240665504932467
2030-03-22,0.6205905771697758,0.4545193238651863,0.4645899979760958,0.28648535641179207,0.48409982346896285,0.8150186095627066,0.6045561410561116,0.3897109284901273,11.343575350545047,11.260532012770843,11.163078990066175,11.240642562910097
2030-03-25,0.6205903906987651,0.45451949088500976,0.46458996339472247,0.2864850764689888,0.4840998859787702,0.8150186491581642,0.6045559539657542,0.38971071475507685,11.343552713767224,11.26050893562496,11.163056508008111,11.240619824031295
2030-03-26,0.6205902058785279,0.4545196564263255,0.46458992911958946,0.2864847990048585,0.48409994793526334,0.8150186884031119,0.6045557685320755,0.3897105029124524,11.343530277427199,11.260486062815623,11.163034225017794,11.240597286494713
2030-03-27,0.6205900226946575,0.4545198205018865,0.46458989514808413,0.2864845239974441,0.48410000934303093,0.81501872730049,0.6045555847405427,0.38971029294566123,11.343508039753619,11.260463392537362,11.163012139336113,11.240574948520583
2030-03-28,0.6205898411328588,0.45451998312450614,0.46458986147722814,0.2864842514253641,0.48410007020714185,0.8150187658534886,0.6045554025762964,0.3897100848381224,11.343485998989637,11.260440922999374,11.16299024921815,11.240552808344301
2030-03-29,0.6205896611787689,0.4545201443070903,0.4645898281045414,0.2864839812669158,0.48410013053223905,0.8150188040651616,0.604555222025135,0.38970987857332945,11.34346415338677,11.260418652419242,11.16296855292752,11.2405308642094
2030-04-01,0.6205894828180198,0.45452030406263133,0.4645897950273437,0.28648371350055546,0.484100190323164,0.8150188419384384,0.604555043072657,0.3897096741348509,11.34344250121983,11.26039657903782,11.162947048750594,11.240509114382904
2030-04-02,0.620589306036504,0.4545204624037479,0.4645897622428927,0.28648344810519727,0.4841002495847616,0.8150188794764439,0.6045548657047394,0.38970947150649654,11.343421040770663,11.26037470110366,11.162925734981073,11.240487557138877
2030-04-03,0.620589130820286,0.45452061934288246,0.46458972974864327,0.28648318505980963,0.4841003083214683,0.8150189166820878,0.6045546899073777,0.3897092706723872,11.343399770352612,11.260353016897072,11.162904609943759,11.24046619078291
2030-04-04,0.6205889571559187,0.4545207748919235,0.4645896975420657,0.286482924343704,0.4841003665379571,0.8150189535581981,0.6045545156665322,0.38970907161669505,11.343378688272503,11.260331524692763,11.16288367195708,11.240445013614226
2030-04-05,0.6205887850292207,0.4545209290638186,0.46458966562061077,0.28648266593630184,0.4841004242389445,0.8150189901078753,0.6045543429685583,0.38970887432349227,11.343357792866009,11.26031022279346,11.16286291936812,11.240424023961042
2030-04-08,0.6205886144266862,0.4545210818705906,0.4645896339817605,0.2864824098170431,0.48410048142893936,0.81501902633387,0.6045541717998215,0.3897086787772354,11.34333708248252,11.260289109516455,11.162842350537543,11.240403220165156
2030-04-09,0.6205884453346813,0.4545212333246055,0.4645896026228721,0.2864821559657194,0.4841005381126728,0.8150190622393159,0.6045540021466131,0.38970848496228144,11.343316555483348,11.260268183190913,11.16282196383777,11.240382600580778
2030-04-10,0.6205882777397176,0.45452138343755544,0.4645895715416958,0.28648190436194415,0.48410059429435515,0.8150190978266229,0.604553833995809,0.3897082928636874,11.343296210243413,11.260247442160335,11.162801757654988,11.240362163575352
2030-04-11,0.6205881116288556,0.45452153222118014,0.4645895407357349,0.2864816549860328,0.484100649978556,0.8150191330988272,0.604553667333857,0.38970810246604604,11.3432760451529,11.260226884783847,11.162781730390291,11.240341907531912
2030-04-12,0.6205879469890356,0.4545216796873409,0.46458951020253275,0.2864814078184986,0.4841007051697646,0.8150191680588706,0.6045535021475651,0.3897079137542149,11.34325605861864,11.260206509437385,11.16276188046144,11.240321830850082
2030-04-15,0.6205877838070506,0.45452182584780276,0.46458947993952676,0.28648116283965397,0.4841007598720875,0.8150192027093647,0.6045533384239983,0.3897077267134099,11.343236249061535,11.260186314510644,11.162742206300075,11.240301931943408
2030-04-16,0.6205876220698028,0.4545219707141527,0.46458944994453577,0.28648092002981146,0.48410081409006867,0.8150192370530227,0.6045531761501419,0.38970754132873814,11.343216614906726,11.260166298398305,11.162722706342162,11.240282209230193
2030-04-17,0.6205874617647178,0.45452211429784106,0.46458942021517535,0.28648067937007776,0.4841008678279869,0.8150192710927014,0.6045530153131851,0.38970735758551395,11.343197154605004,11.260146459521172,11.162703379049137,11.240262661154189
2030-04-18,0.6205873028792177,0.4545222566099963,0.46458939074901073,0.28648044084133284,0.4841009210900238,0.8150193048309099,0.6045528559003372,0.3897071754693496,11.343177866619188,11.260126796312194,11.162684222894184,11.240243286171232
2030-04-19,0.6205871454005918,0.45452239766205926,0.4645893615436716,0.28648020442457517,0.48410097388037077,0.8150193382704418,0.6045526978989885,0.3897069949657705,11.343158749423,11.260107307215177,11.162665236361496,11.240224082748083
2030-04-22,0.6205869893162865,0.4545225374652456,0.46458933259701685,0.2864799701011451,0.4841010262033201,0.8150193714138265,0.604552541296722,0.3897068160604409,11.34313980150314,11.260087990687577,11.162646417948228,11.24020504936478
2030-04-23,0.62058683461409,0.4545226760305643,0.4645893039066763,0.28647973785265557,0.48410107806304536,0.8150194042638899,0.6045523860810507,0.3897066387391361,11.343121021361977,11.260068845202603,11.16262776616693,11.240186184517013
2030-04-24,0.62058668128181,0.4545228133688822,0.4645892754703108,0.2864795076607192,0.4841011294634731,0.8150194368230937,0.60455223223978,0.3897064629880058,11.34310240751623,11.260049869248016,11.162609279544384,11.240167486714595
2030-04-25,0.6205865293072059,0.45452294949110184,0.4645892472857225,0.28647927950700014,0.48410118040870814,0.8150194690938953,0.6045520797607862,0.3897062887931486,11.343083958488151,11.26003106131736,11.162590956612974,11.240148954473145
2030-04-26,0.620586378678216,0.4545230844081103,0.4645892193507453,0.28647905337347035,0.48410123090292345,0.8150195010790758,0.6045519286318614,0.38970611614062683,11.34306567282028,11.26001241992484,11.162572795925266,11.240130586328815
2030-04-29,0.6205862293830962,0.4545232181304488,0.46458919166310086,0.2864788292423318,0.4841012809500136,0.8150195327811249,0.6045517788410728,0.38970594501686584,11.343047549066648,11.25999394359643,11.162554796045113,11.240112380828954
2030-04-30,0.6205860814099486,0.45452335066869787,0.46458916422068397,0.28647860709575174,0.484101330553929,0.8150195642024058,0.6045516303766486,0.3897057754083694,11.343029585793298,11.259975630870276,11.162536955548378,11.240094336533181
2030-05-01,0.6205859347469997,0.45452348203341836,0.46458913702128285,0.28647838691608984,0.4841013797186332,0.8150195953455002,0.6045514832268349,0.3897056073017044,11.343011781580302,11.259957480298693,11.162519273024856,11.240076452015133
2030-05-02,0.6205857893826128,0.4545236122350589,0.46458911006272163,0.28647816868598996,0.48410142844810755,0.81501962621295,0.604551337379933,0.3897054406835046,11.342994135018975,11.259939490445584,11.162501747075497,11.240058725859933
2030-05-03,0.6205856453055115,0.45452374128366724,0.46458908334292925,0.2864779523882767,0.48410147674607185,0.8150196568070571,0.6045511928244238,0.3897052755406656,11.342976644713508,11.259921659888327,11.162484376314024,11.240041156665377
2030-05-06,0.6205855025042107,0.45452386918951865,0.4645890568597164,0.28647773800579046,0.4841015246163065,0.8150196871301816,0.6045510495489155,0.3897051118602036,11.342959309280372,11.259903987216251,11.162467159366322,11.240023743041581
2030-05-07,0.6205853609673013,0.4545239959628681,0.464589030611031,0.28647752552154687,0.48410157206270077,0.8150197171848926,0.6045509075420618,0.38970494962905294,11.342942127347278,11.259886471030274,11.162450094869541,11.24000648361019
2030-05-08,0.6205852206837172,0.4545241216137041,0.4645890045947909,0.2864773149187899,0.48410161908900595,0.815019746973582,0.6045507667925616,0.38970478883434495,11.342925097556401,11.259869109946253,11.162433181475086,11.239989377007236
2030-05-09,0.6205850816423422,0.4545242461518503,0.46458897880895644,0.28647710618076194,0.48410166569889557,0.8150197764984553,0.6045506272893176,0.38970462946348106,11.342908218556762,11.259851902587075,11.162416417841243,11.239972421875656
2030-05-10,0.6205849438321667,0.4545243695871862,0.46458895325149197,0.2864768992909105,0.4841017118960449,0.8150198057618756,0.6045504890212923,0.38970447150382903,11.342891489016825,11.259834847595213,11.162399802645592,11.23995561687782
2030-05-13,0.6205848072423147,0.45452449192951994,0.4645889279203342,0.28647669423301136,0.4841017576841649,0.8150198347662481,0.6045503519775559,0.3897043149428686,11.342874907613766,11.259817943622052,11.162383334574294,11.239938960684945
2030-05-14,0.6205846718618797,0.4545246131886047,0.464588902813475,0.2864764909908066,0.4841018030668742,0.8150198635138466,0.6045502161472832,0.38970415976821626,11.34285847303504,11.259801189329435,11.162367012323823,11.239922451978666
2030-05-15,0.6205845376802198,0.4545247333739107,0.4645888779289837,0.2864762895481601,0.48410184804771356,0.8150198920068475,0.60455008151973,0.3897040059676183,11.342842183980041,11.259784583391632,11.162350834602451,11.23990608945247
2030-05-16,0.620584404686763,0.45452485249494506,0.4645888532648802,0.28647608988923917,0.4841018926302959,0.815019920247564,0.6045499480842352,0.3897038535288648,11.342826039158972,11.259768124493782,11.16233480012922,11.239889871810783
2030-05-17,0.6205842728709797,0.45452497056115854,0.46458882881920016,0.2864758919982203,0.4841019368181113,0.8150199482382712,0.6045498158302361,0.3897037024399127,11.342810037297355,11.259751811336505,11.162318907638323,11.239873797773365
2030-05-20,0.6205841422224059,0.45452508758189464,0.4645888045899561,0.2864756958593977,0.48410198061460696,0.8150199759811163,0.6045496847472974,0.38970355268887896,11.342794177127296,11.259735642627168,11.162303155870507,11.239857866066501
2030-05-21,0.6205840127306438,0.4545252035664449,0.4645887805753078,0.28647550145726447,0.4841020240233279,0.8150200034782996,0.6045495548250429,0.38970340426386046,11.34277845739252,11.259719617085162,11.162287543578147,11.239842075428358
2030-05-22,0.620583884385622,0.4545253185239059,0.46458875677331557,0.28647530877654853,0.48410206704767345,0.8150200307320562,0.6045494260531493,0.3897032571530872,11.342762876853513,11.259703733446951,11.162272069530191,11.23982642461377
2030-05-23,0.6205837571770602,0.45452543246345656,0.4645887331820703,0.28647511780192125,0.48410210969105955,0.8150200577445044,0.6045492984214821,0.38970311134493574,11.342747434275333,11.259687990453388,11.1622567325001,11.239810912382275
2030-05-24,0.6205836310948489,0.45452554539413403,0.4645887097997843,0.2864749285182067,0.48410215195685496,0.815020084517726,0.6045491719199808,0.3897029668278673,11.342732128436262,11.259672386859023,11.16224153127456,11.239795537506653
2030-05-27,0.6205835061290771,0.4545256573248118,0.4645886866245499,0.2864747409105592,0.48410219384842873,0.8150201110538671,0.6045490465385991,0.3897028235904613,11.342716958126816,11.259656921430906,11.16222646465231,11.239780298771967
2030-05-28,0.6205833822698705,0.45452576826432634,0.46458866365453105,0.28647455496418384,0.48410223536906627,0.8150201373550912,0.6045489222674169,0.3897026816213935,11.342701922147043,11.259641592945705,11.16221153144163,11.239765194972888
2030-05-29,0.6205832595074744,0.4545258782214217,0.46458864088791585,0.28647437066431186,0.48410227652198856,0.8150201634233665,0.6045487990966253,0.3897025409094565,11.342687019307068,11.25962640019045,11.162196730460748,11.239750224914067
2030-05-30,0.6205831378320402,0.4545259872049495,0.4645886183229027,0.28647418799630386,0.48410231731056297,0.8150201892607971,0.6045486770164772,0.3897024014434491,11.342672248424767,11.259611341959918,11.162182060535638,11.239735387408173
2030-05-31,0.6205830172339475,0.45452609522353715,0.4645885959577178,0.2864740069457341,0.4841023577380046,0.8150202148695169,0.60454855601729,0.38970226321232193,11.342657608335383,11.259596417066636,11.162167520509502,11.239720681285155
2030-06-03,0.6205828977038335,0.4545262022855343,0.46458857379054486,0.28647382749835837,0.48410239780741887,0.8150202402514498,0.6045484360895056,0.3897021262052398,11.342643097880856,11.259581624330165,11.162153109232149,11.239706105381657
2030-06-04,0.620582779232057,0.45452630839953756,0.464588551819673,0.28647364963988065,0.4841024375220315,0.8150202654085752,0.6045483172236815,0.3897019904113597,11.342628715910958,11.259566962577805,11.162138825561273,11.23969165854233
2030-06-05,0.6205826618093013,0.4545264135739515,0.46458853004335904,0.2864734733562789,0.48410247688499763,0.8150202903429631,0.6045481994103796,0.3897018558198682,11.34261446128982,11.25955243065163,11.162124668368758,11.239677339626155
2030-06-06,0.6205825454262972,0.45452651781710707,0.46458850845986,0.2864732986336848,0.4841025158994659,0.8150203150566155,0.6045480826402561,0.3897017224200968,11.342600332889436,11.259538027401666,11.162110636534308,11.23966314750013
2030-06-07,0.6205824300738048,0.45452662113720654,0.4645884870674841,0.28647312545818987,0.4841025545684264,0.8150203395513782,0.6045479669041465,0.3897015902015778,11.34258632959257,11.259523751688924,11.1620967289483,11.239649081041911
2030-06-10,0.6205823157427055,0.45452672354242085,0.4645884658645314,0.2864729538160657,0.4841025928949757,0.815020363829185,0.6045478521928659,0.3897014591538547,11.342572450290154,11.25950960238275,11.162082944509239,11.23963513913739
2030-06-11,0.6205822024239518,0.4545268250408996,0.46458844484932094,0.2864727836938105,0.4841026308822035,0.8150203878920754,0.6045477384973006,0.38970132926649154,11.34255869388363,11.259495578363257,11.162069282126103,11.239621320683149
2030-06-12,0.6205820901086687,0.45452692564059133,0.46458842402017675,0.286472615077963,0.4841026685330314,0.8150204117419131,0.6045476258084463,0.38970120052925067,11.342545059287914,11.259481678524278,11.16205574072121,11.239607624589096
2030-06-13,0.6205819787878964,0.45452702534948725,0.4645884033754443,0.28647244795513677,0.4841027058504447,0.8150204353805136,0.6045475141174379,0.38970107293197265,11.34253154542136,11.259467901763065,11.162042319220275,11.239594049768703
2030-06-14,0.6205818684527507,0.4545271241755813,0.46458838291354504,0.28647228231208843,0.4841027428374636,0.8150204588098156,0.6045474034154432,0.3897009464644982,11.342518151215746,11.259454246990563,11.162029016562435,11.239580595149018
2030-06-17,0.6205817590946405,0.4545272221265807,0.4645883626327979,0.286472118135817,0.4841027794969841,0.8150204820316856,0.6045472936936711,0.3897008211168544,11.342504875612683,11.259440713127882,11.162015831696493,11.23956725966683
2030-06-18,0.6205816507048407,0.45452731921024814,0.4645883425316232,0.28647195541329246,0.4841028158318895,0.8150205050479332,0.6045471849434626,0.38970069687914005,11.342491717560792,11.259427299103164,11.162002763578283,11.239554042266063
2030-06-19,0.6205815432748065,0.4545274154342321,0.4645883226084527,0.28647179413159973,0.48410285184501795,0.8150205278603172,0.6045470771562288,0.38970057374154604,11.342478676019535,11.259414003855666,11.161989811174362,11.239540941901414
2030-06-20,0.6205814367960165,0.45452751080621995,0.46458830286169434,0.28647163427802863,0.48410288753931807,0.8150205504707211,0.6045469703234087,0.38970045169425876,11.34246574995644,11.259400826332808,11.161976973459334,11.239527957535845
2030-06-21,0.6205813312600346,0.454527605333759,0.46458828328979584,0.2864714758399301,0.48410292291755486,0.8150205728809677,0.6045468644365686,0.3897003307276505,11.342452938350252,11.259387765493404,11.16196424941891,11.239515088143465
2030-06-24,0.6205812266586026,0.45452769902421397,0.4645882638911707,0.2864713188047703,0.4841029579824766,0.8150205950927292,0.6045467594873292,0.389700210832208,11.34244024018717,11.259374820304032,11.161951638046208,11.23950233270582
2030-06-25,0.6205811229833333,0.45452779188509745,0.46458824466431903,0.28647116316008264,0.48410299273692836,0.8150206171077936,0.6045466554673931,0.3897000919983998,11.342427654460948,11.25936198973881,11.161939138341872,11.239489690212192
2030-06-26,0.6205810202260771,0.45452788392375737,0.4645882256077204,0.2864710088935915,0.4841030271836475,0.8150206389279541,0.6045465523685187,0.38969997421679076,11.342415180178321,11.259349272785174,11.161926749319445,11.239477159664839
2030-06-27,0.6205809183787253,0.4545279751474396,0.464588206719824,0.2864708559931363,0.48410306132535136,0.8150206605549086,0.6045464501825487,0.3896998574780982,11.342402816351667,11.259336668436259,11.161914469998004,11.239464740071655
2030-06-28,0.6205808174331566,0.4545280655633792,0.46458818799919077,0.28647070444656353,0.4841030951647134,0.8150206819903213,0.6045463489014573,0.3896997417731116,11.342390562002837,11.259324175694887,11.161902299406139,11.23945243045009
2030-07-01,0.6205807173814293,0.45452815517871736,0.4645881694443197,0.28647055424189033,0.48410312870444805,0.8150207032359263,0.604546248517171,0.3896996270926442,11.342378416162662,11.259311793573058,11.161890236581272,11.239440229826624
2030-07-02,0.620580618215613,0.45452824400057257,0.4645881510537453,0.2864704053672693,0.4841031619472391,0.8150207242934442,0.6045461490217467,0.38969951342760056,11.342366377869547,11.259299521090503,11.16187828056842,11.239428137235377
2030-07-03,0.6205805199278718,0.45452833203593346,0.4645881328259963,0.28647025781087804,0.48410319489562953,0.8150207451644758,0.6045460504073432,0.38969940076904513,11.34235444617259,11.259287357277735,11.161866430423148,11.239416151721029
2030-07-04,0.6205804225104474,0.45452841929175275,0.46458811475962947,0.2864701115610668,0.4841032275522671,0.8150207658506785,0.6045459526661455,0.38969928910806256,11.342342620126535,11.25927530117117,11.161854685206634,11.239404272334108
2030-07-05,0.6205803259555777,0.4545285057750162,0.4645880968532219,0.2864699666062669,0.48410325991975794,0.8150207863537504,0.6045458557904214,0.3896991784357775,11.342330898796472,11.259263351817637,11.161843043990393,11.23939249813551
2030-07-08,0.6205802302557073,0.4545285914924657,0.46458807910536304,0.28646982293501894,0.48410329200062785,0.8150208066752668,0.6045457597724976,0.3896990687434687,11.34231928125572,11.25925150827253,11.161831505854076,11.239380828194353
2030-07-09,0.6205801354032149,0.45452867645092776,0.464588061514647,0.28646968053593963,0.4841033237974369,0.8150208268168364,0.6045456646047882,0.38969896002243526,11.342307766583891,11.259239769597514,11.161820069883573,11.23936926158611
2030-07-10,0.6205800413905955,0.45452876065712144,0.46458804407969945,0.28646953939775655,0.4841033553126869,0.8150208467800509,0.6045455702797818,0.3896988522640978,11.342296353871367,11.259228134865273,11.161808735175514,11.239357797397053
2030-07-11,0.6205799482104382,0.4545288441177012,0.4645880267991047,0.28646939950932676,0.4841033865488906,0.815020866566515,0.6045454767899813,0.38969874545992506,11.342285042215032,11.259216603155103,11.16179750083291,11.239346434719991
2030-07-12,0.6205798558553357,0.45452892683927754,0.464588009671535,0.28646926085956875,0.4841034175085055,0.8150208861777728,0.6045453841280202,0.3896986396014756,11.342273830719865,11.259205173554596,11.161786365966897,11.239335172655906
2030-07-15,0.6205797643180321,0.4545290088283534,0.4645879926956091,0.2864691234375168,0.48410344819395723,0.8150209056153621,0.6045452922865491,0.3896985346803827,11.342262718499343,11.259193845160004,11.161775329696987,11.239324010314185
2030-07-16,0.6205796735912621,0.4545290900914569,0.4645879758699972,0.286468987232302,0.4841034786077238,0.8150209248808524,0.6045452012582975,0.3896984306883121,11.342251704673629,11.25918261707438,11.161764391149381,11.239312946811122
2030-07-17,0.6205795836678412,0.45452917063501896,0.46458795919337365,0.2864688522331371,0.48410350875217345,0.8150209439757711,0.6045451110360791,0.3896983276170504,11.342240788372305,11.259171488410308,11.16175354945958,11.239301981272295
2030-07-18,0.6205794945406768,0.4545292504653779,0.464587942664407,0.286468718429352,0.48410353862969974,0.8150209629015921,0.6045450216127501,0.3896982254584665,11.342229968731356,11.259160458287022,11.161742803769487,11.239291112829823
2030-07-19,0.6205794062026888,0.4545293295888756,0.46458792628179574,0.28646858581036255,0.48410356824266776,0.8150209816598407,0.6045449329812417,0.3896981242044673,11.342219244894894,11.259149525831969,11.161732153229083,11.239280340623955
2030-07-22,0.6205793186469256,0.45452940801174835,0.46458791004424943,0.2864684543656817,0.4841035975934162,0.8150210002519919,0.6045448451345351,0.3896980238470373,11.34220861601515,11.259138690180901,11.16172159699638,11.23926966380309
2030-07-23,0.6205792318664345,0.454529485740225,0.46458789395047695,0.28646832408490663,0.4841036266842859,0.8150210186795244,0.6045447580656763,0.3896979243782268,11.342198081250286,11.259127950475602,11.16171113423528,11.239259081521627
2030-07-24,0.6205791458543393,0.454529562780455,0.4645878779992212,0.28646819495771075,0.4841036555175585,0.815021036943877,0.6045446717678004,0.3896978257901892,11.342187639767877,11.259117305867422,11.161700764119066,11.23924859294336
2030-07-25,0.6205790606038746,0.45452963913849875,0.46458786218919457,0.28646806697390537,0.4841036840955192,0.8150210550465118,0.6045445862340555,0.3896977280751162,11.342177290741688,11.259106755514106,11.161690485827162,11.23923819723832
2030-07-26,0.6205789761082732,0.45452971482041793,0.464587846519159,0.28646794012336685,0.48410371242042927,0.8150210729888603,0.6045445014576833,0.3896976312252834,11.342167033352993,11.259096298580953,11.161680298546397,11.2392278935841
2030-07-29,0.6205788923608682,0.4545297898321817,0.46458783098787415,0.28646781439604846,0.48410374049451,0.8150210907723232,0.6045444174319834,0.3896975352330349,11.342156866790313,11.25908593424073,11.161670201470871,11.239217681165535
2030-07-30,0.6205788093550251,0.4545298641797473,0.46458781559410867,0.2864676897820202,0.48410376832001634,0.8150211083983248,0.6045443341502977,0.3896974400907524,11.342146790249164,11.259075661673297,11.161660193801591,11.23920755917454
2030-07-31,0.6205787270841672,0.45452993786900675,0.4645878003366432,0.2864675662714165,0.48410379589912966,0.8150211258682685,0.6045442516060511,0.3896973457909205,11.342136802933053,11.259065480066639,11.161650274747501,11.23919752681102
2030-08-01,0.6205786455417922,0.4545300109057617,0.46458778521427696,0.2864674438544454,0.48410382323403295,0.815021143183507,0.6045441697927061,0.3896972523260956,11.342126904051655,11.259055388615073,11.161640443523684,11.239187583281089
2030-08-02,0.6205785647214475,0.4545300832957946,0.4645877702258277,0.2864673225214359,0.48410385032690084,0.8150211603454295,0.6045440887037927,0.38969715968886526,11.34211709282145,11.25904538651986,11.161630699351974,11.2391777277977
2030-08-05,0.6205784846167554,0.45453015504483185,0.4645877553700898,0.2864672022628069,0.48410387717986597,0.8150211773553888,0.6045440083328965,0.3896970678719132,11.342107368467293,11.259035472990767,11.16162104146254,11.23916795958221
2030-08-06,0.6205784052213709,0.45453022615855165,0.4645877406458865,0.2864670830690326,0.48410390379505763,0.8150211942147391,0.6045439286736523,0.3896969768679693,11.342097730219391,11.259025647243007,11.161611469090822,11.239158277861344
2030-08-07,0.6205783265289886,0.4545302966426026,0.46458772605206633,0.28646696493067336,0.4841039301745741,0.8150212109248045,0.6045438497197767,0.389696886669839,11.342088177315341,11.259015908499327,11.161601981479642,11.239148681869267
2030-08-08,0.6205782485334104,0.4545303665025297,0.46458771158747114,0.2864668478383928,0.48410395632051173,0.8150212274869032,0.6045437714650114,0.3896967972703816,11.3420787089991,11.259006255989016,11.161592577878121,11.239139170846531
2030-08-09,0.6205781712284674,0.45453043574386737,0.46458769725095694,0.2864667317829375,0.48410398223494,0.8150212439023661,0.6045436939031572,0.389696708662525,11.342069324522086,11.258996688948924,11.161583257542809,11.23912974404118
2030-08-12,0.620578094608049,0.4545305043720782,0.4645876830413884,0.2864666167551117,0.4841040079198887,0.8150212601724652,0.6045436170280942,0.38969662083927487,11.342060023141912,11.258987206622221,11.161574019736367,11.239120400707455
2030-08-13,0.6205780186660688,0.4545305723926206,0.46458766895764436,0.2864665027458103,0.4841040333774143,0.8150212762985033,0.6045435408337345,0.3896965337936665,11.342050804122497,11.258977808258491,11.16156486372777,11.239111140105981
2030-08-14,0.6205779433965259,0.45453063981086683,0.46458765499861454,0.28646638974602345,0.484104058609527,0.8150212922817576,0.604543465314048,0.38969644751881766,11.342041666734865,11.258968493114592,11.161555788793017,11.239101961504486
2030-08-15,0.6205778687934849,0.4545307066321367,0.4645876411631845,0.28646627774682126,0.48410408361821494,0.8150213081234854,0.6045433904630616,0.3896963620079093,11.342032610256318,11.258959260453771,11.16154679421434,11.239092864177016
2030-08-16,0.6205777948510321,0.4545307728617149,0.464587627450268,0.2864661667393323,0.4841041084054547,0.8150213238249323,0.6045433162748609,0.38969627725417827,11.342023633970069,11.258950109545287,11.161537879279857,11.23908384740354
2030-08-19,0.6205777215633124,0.4545308385048582,0.46458761385877423,0.2864660567147705,0.48410413297321175,0.815021339387351,0.6045432427435733,0.389696193250915,11.342014737166277,11.258941039665483,11.161529043284574,11.239074910471018
2030-08-20,0.6205776489245439,0.4545309035667433,0.46458760038763436,0.2864659476644504,0.4841041573234369,0.8150213548119777,0.6045431698633744,0.38969610999146953,11.342005919140933,11.258932050096684,11.161520285529313,11.239066052672285
2030-08-21,0.6205775769289787,0.45453096805251986,0.4645875870357765,0.2864658395797411,0.48410418145803935,0.8150213701000252,0.6045430976285062,0.38969602746926574,11.341997179196778,11.258923140128044,11.16151160532156,11.23905727330691
2030-08-22,0.620577505570911,0.45453103196728917,0.4645875738021491,0.2864657324520762,0.48410420537893284,0.8150213852526896,0.6045430260332589,0.38969594567778026,11.341988516642074,11.258914309054376,11.161503001974316,11.239048571680042
2030-08-23,0.6205774348446905,0.45453109531612557,0.46458756068570417,0.28646562627298927,0.48410422908802475,0.8150214002711968,0.6045429550719597,0.38969586461052236,11.341979930791704,11.258905556177215,11.16149447480713,11.239039947103482
2030-08-26,0.6205773647447366,0.45453115810401845,0.46458754768540483,0.2864655210340846,0.4841042525871826,0.8150214151567198,0.6045428847389999,0.38969578426109525,11.341971420966644,11.258896880804354,11.161486023145645,11.239031398895143
2030-08-27,0.6205772952654998,0.4545312203359362,0.4645875348002161,0.2864654167270335,0.484104275878255,0.8150214299104317,0.6045428150288135,0.38969570462314257,11.341962986493547,11.258888282249334,11.161477646321094,11.239022926378638
2030-08-28,0.6205772264014813,0.45453128201680604,0.46458752202913295,0.2864653133435851,0.48410429896309604,0.8150214445335024,0.6045427459358946,0.38969562569036537,11.341954626705329,11.258879759832094,11.161469343670962,11.239014528883871
2030-08-29,0.6205771581472332,0.4545313431515122,0.46458750937113197,0.28646521087557353,0.48410432184353075,0.8150214590270958,0.6045426774547693,0.3896955474565083,11.341946340940558,11.25887131287834,11.16146111453834,11.239006205746431
2030-08-30,0.6205770904973633,0.454531403744883,0.4645874968252161,0.28646510931487995,0.48410434452136614,0.815021473392356,0.6045426095800192,0.38969546991538867,11.34193812854373,11.258862940719812,11.161452958272204,11.238997956307868
2030-09-02,0.6205770234465158,0.45453146380171205,0.4645874843903927,0.28646500865347235,0.4841043669983884,0.815021487630408,0.6045425423062795,0.3896953930608789,11.341929988865179,11.258854642694216,11.161444874227318,11.238989779915558
2030-09-03,0.6205769569893809,0.4545315233267523,0.46458747206567785,0.2864649088833851,0.4841043892763892,0.8150215017423883,0.6045424756282276,0.3896953168868927,11.341921921261008,11.258846418145113,11.161436861764201,11.238981675922728
2030-09-04,0.6205768911207123,0.45453158232471647,0.4645874598500951,0.2864648099967318,0.484104411357126,0.8150215157294187,0.6045424095405849,0.389695241387405,11.341913925093252,11.258838266422137,11.161428920249241,11.238973643688514
2030-09-05,0.6205768258352912,0.4545316408002699,0.46458744774267613,0.2864647119856902,0.4841044332423404,0.8150215295925916,0.6045423440381322,0.38969516655644304,11.341905999729105,11.25883018688016,11.161421049053956,11.238965682577279
2030-09-06,0.6205767611279498,0.45453169875803734,0.464587435742473,0.2864646148424996,0.48410445493377235,0.815021543333009,0.60454227911568,0.3896950923880891,11.341898144541698,11.258822178880129,11.161413247555759,11.238957791959294
2030-09-09,0.6205766969935758,0.4545317562026039,0.4645874238485293,0.2864645185594884,0.48410447643313465,0.8150215569517633,0.6045422147680982,0.38969501887647123,11.341890358909843,11.258814241788766,11.161405515137716,11.238949971210602
2030-09-10,0.6205766334270931,0.45453181313851726,0.46458741205990095,0.28646442312903353,0.48410449774212566,0.815021570449926,0.6045421509902961,0.3896949460157762,11.341882642217326,11.258806374977867,11.161397851187811,11.238942219712195
2030-09-11,0.6205765704234737,0.45453186957027464,0.46458740037565793,0.2864643285435837,0.4841045188624292,0.8150215838285603,0.6045420877772277,0.38969487380024886,11.341874993853843,11.258798577825265,11.161390255099926,11.23893453685102
2030-09-12,0.6205765079777311,0.45453192550234484,0.4645873887948769,0.286464234795663,0.48410453979572043,0.8150215970887357,0.6045420251238895,0.3896948022241637,11.341867413214256,11.258790849714044,11.16138272627305,11.238926922019205
2030-09-13,0.6205764460849328,0.45453198093915465,0.4645873773166438,0.2864641418778506,0.48410456054365625,0.8150216102315003,0.604541963025328,0.38969473128186266,11.341859899699044,11.258783190033016,11.161375264111774,11.23891937461453
2030-09-16,0.6205763847401764,0.4545320358850852,0.4645873659400462,0.2864640497827944,0.4841045811078726,0.8150216232578819,0.6045419014766302,0.389694660967738,11.34185245271373,11.25877559817614,11.161367868025664,11.238911894039841
2030-09-17,0.6205763239385991,0.45453209034449193,0.46458735466418577,0.2864639585032075,0.48410460149000056,0.8150216361689188,0.6045418404729311,0.38969459127622025,11.341845071669173,11.258768073542809,11.16136053742961,11.23890447970333
2030-09-18,0.6205762636754086,0.4545321443216707,0.4645873434881697,0.2864638680318805,0.48410462169165236,0.8150216489656331,0.6045417800093992,0.3896945222018053,11.341837755981777,11.258760615538085,11.161353271744014,11.238897131018764
2030-09-19,0.6205762039458355,0.45453219782089416,0.4645873324111113,0.28646377836165426,0.4841046417144249,0.8150216616490352,0.6045417200812553,0.3896944537390212,11.341830505072586,11.258753223571748,11.16134607039387,11.238889847404593
2030-09-20,0.620576144745139,0.4545322508464047,0.46458732143214176,0.2864636894854262,0.48410466155989973,0.8150216742201276,0.6045416606837603,0.38969438588245614,11.341823318367906,11.258745897058933,11.161338932809416,11.238882628284523
2030-09-23,0.6205760860686529,0.4545323034023871,0.4645873105503858,0.28646360139617305,0.4841046812296494,0.8150216866799056,0.6045416018122115,0.38969431862673803,11.341816195299408,11.25873863542027,11.161331858426193,11.238875473087674
2030-09-24,0.6205760279117253,0.4545323554930043,0.46458729976498686,0.2864635140869255,0.4841047007252327,0.8150216990293595,0.6045415434619523,0.3896942519665513,11.34180913530353,11.25873143808121,11.161324846684497,11.238868381247935
2030-09-25,0.6205759702697652,0.4545324071223694,0.46458728907508495,0.28646342755077003,0.48410472004818317,0.8150217112694577,0.6045414856283675,0.3896941858966229,11.341802137821858,11.258724304472501,11.161317897029733,11.238861352204362
2030-09-26,0.6205759131382029,0.45453245829457334,0.4645872784798405,0.28646334178086846,0.4841047392000364,0.8150217234011714,0.6045414283068832,0.3896941204117253,11.341795202300643,11.258717234029605,11.161311008911929,11.238854385400705
2030-09-27,0.6205758565125222,0.4545325090136674,0.4645872679784129,0.28646325677043516,0.4841047581823078,0.8150217354254691,0.6045413714929603,0.38969405550667063,11.341788328191454,11.258710226193429,11.161304181786413,11.23884748028609
2030-09-30,0.6205758003882503,0.4545325592836561,0.46458725756997166,0.28646317251274733,0.484104776996496,0.8150217473432906,0.6045413151821115,0.3896939911763356,11.341781514950592,11.258703280409689,11.161297415113188,11.23884063631433
2030-10-01,0.6205757447609332,0.45453260910852145,0.46458724725369194,0.28646308900113415,0.4841047956440905,0.8150217591555794,0.6045412593698816,0.38969392741562464,11.341774762038748,11.258696396128595,11.161290708356649,11.238833852943724
2030-10-02,0.6205756896261803,0.45453265849220237,0.4645872370287655,0.28646300622898735,0.4841048141265665,0.8150217708632755,0.6045412040518512,0.3896938642194996,11.34176806892197,11.258689572805798,11.161284060986475,11.23882712963787
2030-10-03,0.6205756349796332,0.4545327074386028,0.46458722689437354,0.2864629241897749,0.48410483244538527,0.815021782467306,0.6045411492236471,0.3896938015829536,11.341761435070744,11.258682809901497,11.16127747247679,11.2388204658649
2030-10-04,0.6205755808169623,0.45453275595159937,0.4645872168497155,0.2864628428769912,0.4841048506019941,0.8150217939685842,0.6045410948809293,0.389693739501037,11.341754859960256,11.258676106880648,11.161270942306349,11.2388138610976
2030-10-07,0.6205755271338862,0.45453280403502655,0.4645872068940041,0.28646276228420414,0.48410486859783214,0.8150218053680165,0.6045410410194012,0.38969367796883925,11.341748343070366,11.258669463213014,11.161264469958578,11.238807314813512
2030-10-08,0.6205754739261518,0.4545328516926971,0.46458719702644413,0.2864626824050457,0.4841048864343276,0.8150218166665172,0.6045409876347998,0.38969361698148447,11.341741883885506,11.258662878372977,11.161258054921428,11.238800826494732
2030-10-09,0.6205754211895607,0.45453289892836835,0.46458718724625925,0.2864626032331959,0.4841049041128792,0.8150218278649709,0.6045409347229042,0.38969355653415755,11.341735481894915,11.258656351839857,11.161251696687634,11.238794395628185
2030-10-10,0.6205753689199375,0.4545329457457788,0.4645871775526705,0.2864625247623897,0.48410492163489305,0.8150218389642623,0.6045408822795285,0.38969349662207625,11.341729136591955,11.25864988309715,11.161245394754015,11.238788021704957
2030-10-11,0.6205753171131405,0.45453299214864257,0.46458716794491983,0.2864624469864176,0.4841049390017562,0.8150218499652719,0.6045408303005261,0.389693437240495,11.341722847474681,11.258643471633157,11.161239148622071,11.23878170422085
2030-10-14,0.620575265765079,0.4545330381406222,0.4645871584222427,0.28646236989913293,0.4841049562148447,0.815021860868874,0.6045407787817809,0.3896933783847173,11.341716614045787,11.258637116940879,11.161232957797877,11.238775442676294
2030-10-15,0.6205752148716893,0.45453308372535633,0.4645871489838819,0.2864622934944365,0.48410497327551094,0.8150218716759283,0.6045407277192194,0.389693320050093,11.341710435811935,11.25863081851739,11.161226821791475,11.238769236575738
2030-10-16,0.620575164428945,0.45453312890644954,0.4645871396290969,0.2864622177662752,0.48410499018511144,0.8150218823872851,0.6045406771088031,0.3896932622320069,11.34170431228449,11.25862457586455,11.161220740117558,11.238763085428344
2030-10-17,0.6205751144328535,0.4545331736874808,0.46458713035714333,0.2864621427086682,0.48410500694498304,0.8150218930037981,0.6045406269465252,0.3896932049258768,11.341698242978987,11.258618388488468,11.161214712294983,11.238756988747456
2030-10-18,0.6205750648794608,0.45453321807199487,0.46458712116729206,0.2864620683156731,0.48410502355645235,0.815021903526308,0.60454057722842,0.3896931481271736,11.341692227415392,11.258612255899779,11.161208737847014,11.238750946050887
2030-10-21,0.6205750157648533,0.4545332620634887,0.46458711205880965,0.28646199458140953,0.48410504002082755,0.8150219139556382,0.6045405279505552,0.3896930918314109,11.341686265117865,11.258606177613379,11.161202816301033,11.238744956860621
2030-10-22,0.6205749670851366,0.4545333056654567,0.4645871030309825,0.2864619215000387,0.48410505633941897,0.8150219242926213,0.6045404791090324,0.3896930360341289,11.34168035561457,11.258600153148254,11.16119694718844,11.238739020702727
2030-10-23,0.6205749188364604,0.45453334888134533,0.46458709408309323,0.28646184906578454,0.4841050725135144,0.8150219345380769,0.6045404306999863,0.38969298073091246,11.341674498438204,11.258594182028007,11.161191130045138,11.238733137107783
2030-10-24,0.6205748710150173,0.45453339171456747,0.464587085214433,0.2864617772729135,0.4841050885443923,0.8150219446928111,0.6045403827195861,0.38969292591738885,11.3416686931254,11.258588263780265,11.161185364410915,11.238727305610327
2030-10-25,0.6205748236170148,0.45453343416851516,0.46458707642430136,0.2864617061157452,0.48410510443332017,0.8150219547576213,0.6045403351640424,0.38969287158922683,11.341662939216839,11.258582397936763,11.161179649829581,11.238721525748968
2030-10-28,0.6205747766387069,0.45453347624654755,0.4645870677120058,0.28646163558865584,0.48410512018155616,0.8150219647333173,0.6045402880295873,0.38969281774212133,11.341657236257463,11.258576584033602,11.161173985849212,11.238715797066602
2030-10-29,0.6205747300763825,0.4545335179519907,0.46458705907685255,0.28646156568606235,0.48410513579034953,0.8150219746206799,0.604540241312492,0.3896927643718146,11.341651583796024,11.258570821610752,11.161168372021635,11.238710119109943
2030-10-30,0.6205746839263482,0.4545335592881463,0.4645870505181612,0.2864614964024368,0.48410515126092546,0.8150219844204936,0.6045401950090631,0.3896927114740883,11.341645981385465,11.258565110212452,11.161162807902844,11.238704491429909
2030-10-31,0.6205746381849617,0.4545336002582798,0.46458704203525236,0.28646142773229455,0.48410516659451636,0.8150219941335298,0.6045401491156392,0.3896926590447532,11.341640428582545,11.258559449386846,11.161157293052625,11.23869891358127
2030-11-01,0.6205745928485997,0.4545336408656389,0.46458703362745934,0.2864613596702057,0.4841051817923365,0.8150220037605657,0.6045401036285866,0.3896926070796643,11.341634924948004,11.258553838686117,11.16115182703472,11.238693385122781
2030-11-04,0.620574547913677,0.4545336811134307,0.46458702529411244,0.28646129221079014,0.48410519685558073,0.8150220133023564,0.6045400585443074,0.38969255557470983,11.341629470046547,11.258548277666526,11.16114640941683,11.238687905617196
2030-11-05,0.6205745033766421,0.45453372100484,0.4645870170345574,0.2864612253487058,0.48410521178544663,0.8150220227596523,0.604540013859237,0.3896925045258192,11.341624063446556,11.258542765888041,11.161141039770255,11.238682474630926
2030-11-06,0.6205744592339644,0.45453376054302574,0.464587008848137,0.2864611590786647,0.4841052265831114,0.8150220321332123,0.6045399695698391,0.38969245392894786,11.341618704720407,11.25853730291471,11.161135717670318,11.238677091734429
2030-11-07,0.6205744154821617,0.45453379973110647,0.4645870007342045,0.2864610933954247,0.48410524124974774,0.8150220414237672,0.6045399256726105,0.38969240378009923,11.341613393444174,11.258531888314394,11.16113044269599,11.23867175650188
2030-11-08,0.6205743721177659,0.4545338385721954,0.46458699269211945,0.28646102829379055,0.48410525578651675,0.8150220506320628,0.6045398821640775,0.38969235407530034,11.341608129197672,11.258526521658696,11.161125214429942,11.238666468511182
2030-11-11,0.6205743291373524,0.45453387706935233,0.46458698472124405,0.28646096376861124,0.4841052701945636,0.8150220597588177,0.6045398390408012,0.3896923048106275,11.341602911564523,11.258521202523161,11.16112003245866,11.238661227344085
2030-11-12,0.6205742865375183,0.45453391522563036,0.46458697682094635,0.28646089981478406,0.4841052844750339,0.8150220688047597,0.6045397962993666,0.3896922559821736,11.341597740131913,11.258515930486936,11.161114896372135,11.238656032585912
2030-11-13,0.6205742443148885,0.4545339530440471,0.4645869689906046,0.28646083642724923,0.4841052986290533,0.815022077770602,0.6045397539363953,0.3896922075860823,11.341592614490803,11.258510705133032,11.161109805764132,11.238650883825779
2030-11-14,0.6205742024661324,0.4545339905275931,0.4645869612295983,0.2864607736009923,0.4841053126577437,0.8150220866570559,0.6045397119485362,0.38969215961852605,11.341587534235709,11.258505526048058,11.161104760231932,11.238645780656372
2030-11-15,0.6205741609879317,0.45453402767923257,0.46458695353731383,0.2864607113310406,0.48410532656221383,0.8150220954648209,0.6045396703324655,0.38969211207570525,11.341582498964737,11.258500392822322,11.161099759376395,11.238640722673987
2030-11-18,0.6205741198770054,0.4545340645019068,0.4645869459131408,0.28646064961247186,0.4841053403435647,0.8150221041945964,0.604539629084894,0.3896920649538613,11.341577508279634,11.258495305049811,11.161094802801992,11.238635709478574
2030-11-19,0.6205740791301066,0.45453410099852576,0.46458693835648135,0.2864605884404037,0.4841053540028867,0.815022112847075,0.6045395882025549,0.3896920182492697,11.341572561785501,11.258490262327959,11.161089890116518,11.238630740673457
2030-11-20,0.6205740387440096,0.4545341371719785,0.4645869308667307,0.28646052780999315,0.4841053675412583,0.8150221214229354,0.6045395476822174,0.38969197195823135,11.341567659091101,11.258485264257901,11.161085020931408,11.238625815865623
2030-11-21,0.6205739987155219,0.45453417302512694,0.46458692344329977,0.28646046771644823,0.48410538095975253,0.8150221299228612,0.6045395075206755,0.3896919260770873,11.34156279980861,11.258480310444279,11.161080194861501,11.238620934665512
2030-11-22,0.6205739590414727,0.4545342085608043,0.464586916085601,0.2864604081550139,0.4841053942594279,0.8150221383475217,0.604539467714752,0.38969188060220655,11.341557983553585,11.258475400495168,11.161075411524973,11.238616096686938
2030-11-25,0.6205739197187241,0.4545342437818263,0.46458690879305453,0.28646034912097673,0.48410540744134123,0.8150221466975839,0.6045394282612983,0.3896918355299925,11.341553209945069,11.258470534022202,11.161070670543465,11.238611301547232
2030-11-26,0.620573880744168,0.4545342786909747,0.4645869015650807,0.2864602906096694,0.48410542050652866,0.8150221549737102,0.6045393891571907,0.3896917908568794,11.341548478605407,11.258465710640365,11.1610659715419,11.238606548867027
2030-11-27,0.6205738421147222,0.45453431329101235,0.46458689440110684,0.28646023261646214,0.48410543345603085,0.8150221631765555,0.6045393503993409,0.3896917465793312,11.341543789160378,11.258460929968173,11.161061314148634,11.238601838270421
2030-11-28,0.6205738038273263,0.45453434758467837,0.46458688730056985,0.2864601751367657,0.48410544629086805,0.8150221713067644,0.60453931198468,0.3896917026938501,11.341539141238984,11.258456191627419,11.161056697995202,11.238597169384743
2030-11-29,0.6205737658789534,0.4545343815746847,0.46458688026290546,0.28646011816603495,0.4841054590120599,0.8150221793649842,0.6045392739101674,0.38969165919696247,11.341534534473519,11.258451495243218,11.161052122716386,11.238592541840621
2030-12-02,0.6205737282666022,0.4545344152637181,0.4645868732875598,0.28646006169976207,0.4841054716206079,0.8150221873518516,0.6045392361727953,0.38969161608522446,11.34152996849961,11.25844684044412,11.16104758795034,11.238587955272045
2030-12-03,0.6205736909873001,0.454534448654444,0.4645868663739762,0.28646000573348157,0.4841054841175082,0.8150221952679961,0.6045391987695742,0.3896915733552315,11.341525442956033,11.258442226861872,11.161043093338266,11.238583409316153
2030-12-04,0.6205736540380931,0.4545344817495065,0.46458685952161194,0.2864599502627652,0.4841054965037547,0.8150222031140464,0.6045391616975477,0.38969153100359555,11.341520957484773,11.258437654131502,11.16103863852464,11.238578903613332
2030-12-05,0.6205736174160608,0.45453451455152344,0.4645868527299229,0.28645989528322396,0.48410550878032355,0.815022210890621,0.6045391249537836,0.3896914890269714,11.341516511731013,11.258433121891295,11.161034223157047,11.23857443780717
2030-12-06,0.6205735811183042,0.45453454706308516,0.4645868459983724,0.28645984079051284,0.48410552094818987,0.8150222185983391,0.6045390885353724,0.3896914474220405,11.341512105343082,11.258428629782715,11.16102984688622,11.238570011544377
2030-12-09,0.6205735451419556,0.45453457928676744,0.46458683932642786,0.2864597867803159,0.4841055330083088,0.815022226237805,0.6045390524394375,0.3896914061855064,11.34150773797242,11.258424177450442,11.16102550936598,11.238565624474838
2030-12-10,0.6205735094841661,0.4545346112251183,0.4645868327135632,0.2864597332483625,0.48410554496164293,0.8150222338096271,0.6045390166631203,0.3896913653141118,11.341503409273493,11.258419764542213,11.161021210253159,11.238561276251463
2030-12-11,0.6205734741421153,0.4545346428806662,0.464586826159251,0.2864596801904189,0.48410555680913414,0.8150222413144032,0.6045389812035903,0.38969132480461965,11.341499118903917,11.25841539070898,11.16101694920772,11.238556966530323
2030-12-12,0.6205734391130084,0.45453467425591115,0.46458681966297777,0.28645962760228794,0.4841055685517172,0.8150222487527259,0.604538946058044,0.3896912846538276,11.341494866524286,11.258411055604743,11.16101272589256,11.238552694970485
2030-12-13,0.6205734043940768,0.45453470535333795,0.46458681322422657,0.2864595754798075,0.484105580190324,0.8150222561251875,0.604538911223701,0.3896912448585587,11.34149065179819,11.25840675888654,11.161008539973585,11.23854846123401
2030-12-16,0.6205733699825704,0.45453473617540574,0.4645868068424883,0.2864595238188575,0.4841055917258741,0.8150222634323651,0.6045388766978063,0.3896912054156641,11.34148647439223,11.25840250021449,11.161004391119672,11.238544264986006
2030-12-17,0.6205733358757635,0.45453476672455395,0.4645868005172577,0.28645947261534893,0.4841056031592801,0.8150222706748399,0.6045388424776285,0.389691166322025,11.341482333975945,11.2583982792517,11.161000279002607,11.238540105894522
2030-12-18,0.6205733020709654,0.454534797003198,0.46458679424803856,0.28645942186523154,0.48410561449144895,0.8150222778531845,0.6045388085604589,0.38969112757455077,11.341478230221819,11.258394095664295,11.160996203297119,11.238535983630552
2030-12-19,0.6205732685654988,0.45453482701373427,0.4645867880343288,0.28645937156449036,0.4841056257232719,0.815022284967966,0.6045387749436169,0.3896910891701723,11.341474162805207,11.258389949121293,11.160992163680785,11.238531897867995
2030-12-20,0.6205732353567112,0.4545348567585349,0.46458678187564134,0.28645932170914895,0.48410563685564245,0.8150222920197511,0.6045387416244405,0.38969105110585184,11.341470131404343,11.258385839294691,11.160988159834037,11.23852784828365
2030-12-23,0.6205732024419774,0.45453488623995697,0.4645867757714856,0.28645927229526086,0.484105647889438,0.8150222990090953,0.6045387086002957,0.3896910133785799,11.341466135700362,11.258381765859394,11.160984191440184,11.238523834557178
2030-12-24,0.6205731698186964,0.4545349154603268,0.4645867697213812,0.2864592233189168,0.4841056588255347,0.8150223059365478,0.6045386758685697,0.3896909759853734,11.341462175377108,11.25837772849312,11.160980258185237,11.238519856371026
2030-12-25,0.6205731374842846,0.4545349444219592,0.464586763724848,0.28645917477624366,0.484105669664794,0.8150223128026594,0.6045386434266742,0.3896909389232713,11.34145825012134,11.25837372687652,11.160976359758099,11.238515913410525
2030-12-26,0.6205731054361822,0.4545349731271445,0.4645867577814135,0.28645912666340234,0.484105680408074,0.8150223196079771,0.604538611272041,0.3896909021893446,11.341454359622537,11.25836976069304,11.160972495850357,11.238512005363765
2030-12-27,0.620573073671858,0.4545350015781561,0.4645867518906058,0.2864590789765853,0.48410569105622825,0.8150223263530333,0.6045385794021283,0.38969086578068524,11.341450503572924,11.258365829628916,11.160968666156359,11.238508131921574
2030-12-30,0.6205730421887952,0.45453502977724114,0.46458674605196104,0.2864590317120207,0.48410570161009336,0.8150223330383634,0.6045385478144127,0.38969082969441254,11.34144668166748,11.258361933373196,11.160964870373155,11.238504292777561
2030-12-31,0.620573010984507,0.45453505772663205,0.46458674026501523,0.2864589848659709,0.48410571207051023,0.8150223396644987,0.6045385165063986,0.3896907939276738,11.341442893603867,11.258358071617652,11.160961108200476,11.238500487628018
2031-01-01,0.6205729800565243,0.4545350854285396,0.4645867345293099,0.2864589384347253,0.4841057224383008,0.8150223462319626,0.6045384854756061,0.3896907584776393,11.341439139082432,11.258354244056807,11.160957379340722,11.238496716171948
2031-01-02,0.6205729494024002,0.45453511288515297,0.464586728844393,0.2864588924146174,0.4841057327142888,0.8150223527412709,0.6045384547195825,0.3896907233415032,11.34143541780615,11.258350450387857,11.160953683498887,11.238492978110981
2031-01-03,0.620572919019704,0.45453514009864837,0.46458672320981315,0.2864588468020049,0.48410574289928554,0.81502235919294,0.6045384242358957,0.38969068851648625,11.341431729480654,11.25834669031071,11.160950020382638,11.238489273149424
2031-01-06,0.6205728889060431,0.4545351670711769,0.4645867176251299,0.286458801593274,0.4841057529940975,0.8150223655874825,0.6045383940221322,0.38969065399983754,11.341428073814182,11.258342963527925,11.16094638970218,11.238485600994196
2031-01-07,0.6205728590590285,0.45453519380486995,0.464586712089893,0.2864587567848577,0.4841057629995212,0.8150223719254045,0.6045383640759022,0.38969061978882086,11.341424450517524,11.258339269744672,11.160942791170301,11.238481961354784
2031-01-08,0.6205728294762953,0.45453522030184584,0.4645867066036714,0.2864587123732039,0.48410577291635404,0.8150223782072038,0.6045383343948366,0.3896905858807333,11.341420859304082,11.258335608668759,11.160939224502345,11.238478353943293
2031-01-09,0.6205728001555154,0.45453524656419847,0.4645867011660264,0.2864586683548045,0.48410578274537197,0.8150223844333843,0.6045383049765882,0.3896905522728908,11.341417299889754,11.258331980010585,11.160935689416169,11.238474778474359
2031-01-10,0.6205727710943566,0.45453527259400517,0.4645866957765328,0.2864586247261731,0.4841057924873593,0.8150223906044299,0.6045382758188316,0.389690518962638,11.34141377199297,11.258328383483086,11.160932185632113,11.238471234665125
2031-01-13,0.62057274229053,0.4545352983933249,0.4645866904347582,0.28645858148385867,0.4841058021430835,0.8150223967208317,0.6045382469192553,0.38969048594733585,11.341410275334669,11.25832481880177,11.160928712873028,11.238467722235264
2031-01-14,0.6205727137417494,0.45453532396420254,0.4645866851402863,0.286458538624443,0.48410581171331024,0.8150224027830776,0.6045382182755774,0.38969045322437373,11.341406809638205,11.258321285684614,11.160925270864158,11.238464240906906
2031-01-15,0.6205726854457598,0.45453534930865525,0.4645866798926952,0.2864584961445374,0.4841058211987934,0.8150224087916419,0.604538189885533,0.38969042079116584,11.341403374629468,11.258317783852178,11.160921859333275,11.238460790404677
2031-01-16,0.6205726574003265,0.45453537442868935,0.46458667469156867,0.28645845404077663,0.4841058306002869,0.8150224147470017,0.604538161746871,0.3896903886451409,11.341399970036687,11.258314313027405,11.160918478010458,11.238457370455606
2031-01-17,0.6205726296032235,0.4545353993262957,0.4645866695364967,0.2864584123098312,0.4841058399185332,0.8150224206496302,0.6045381338573702,0.38969035678376246,11.341396595590545,11.25831087293573,11.160915126628224,11.238453980789137
2031-01-20,0.6205726020522546,0.4545354240034406,0.46458666442707197,0.2864583709484022,0.48410584915426913,0.815022426499993,0.6045381062148203,0.38969032520450647,11.341393251024124,11.258307463305051,11.16091180492149,11.238450621137169
2031-01-21,0.620572574745242,0.45453544846207766,0.46458665936288873,0.2864583299532164,0.4841058583082245,0.8150224322985522,0.6045380788170392,0.3896902939048738,11.341389936072833,11.258304083865621,11.160908512627472,11.238447291233912
2031-01-22,0.6205725476800268,0.4545354727041401,0.4645866543435472,0.28645828932102896,0.4841058673811254,0.8150224380457652,0.6045380516618565,0.38969026288239084,11.341386650474433,11.258300734350108,11.160905249485722,11.238443990815934
2031-01-23,0.6205725208544627,0.4545354967315466,0.46458664936865235,0.2864582490486297,0.48410587637368707,0.8150224437420892,0.6045380247471254,0.38969023213460424,11.341383393969029,11.258297414493557,11.16090201523812,11.238440719622178
2031-01-24,0.6205724942664319,0.45453552054619634,0.46458664443780584,0.28645820913283,0.4841058852866236,0.8150224493879751,0.6045379980707166,0.3896902016590769,11.341380166298999,11.25829412403334,11.160898809628804,11.238437477393859
2031-01-27,0.6205724679138342,0.45453554414997516,0.46458663955062146,0.2864581695704717,0.4841058941206377,0.8150224549838674,0.6045379716305175,0.3896901714534042,11.341376967209026,11.258290862709163,11.16089563240421,11.238434263874504
2031-01-28,0.6205724417945759,0.4545355675447508,0.46458663470671113,0.2864581303584266,0.4841059028764298,0.8150224605302092,0.60453794542444,0.3896901415151906,11.34137379644602,11.258287630263018,11.16089248331297,11.238431078809885
2031-01-29,0.620572415906598,0.45453559073237215,0.46458662990569394,0.2864580914935935,0.48410591155469307,0.815022466027441,0.604537919450409,0.3896901118420742,11.341370653759181,11.258284426439225,11.160889362105989,11.238427921948066
2031-01-30,0.6205723902478503,0.45453561371467477,0.4645866251471866,0.2864580529728965,0.484105920156112,0.8150224714759972,0.604537893706371,0.3896900824317037,11.34136753889988,11.258281250984325,11.160886268536364,11.23842479303931
2031-01-31,0.6205723648163024,0.4545356364934746,0.4645866204308171,0.28645801479328864,0.48410592868136826,0.8150224768763052,0.6045378681902865,0.3896900532817514,11.341364451621725,11.258278103647125,11.160883202359365,11.238421691836093
2031-02-03,0.6205723396099408,0.45453565907057486,0.4645866157562059,0.28645797695175046,0.4841059371311325,0.8150224822287966,0.6045378429001426,0.38969002438991335,11.341361391680493,11.25827498417866,11.160880163332443,11.238418618093114
2031-02-04,0.6205723146267762,0.45453568144776446,0.4645866111229883,0.28645793944528647,0.48410594550608105,0.8150224875338935,0.6045378178339336,0.389689995753904,11.341358358834126,11.258271892332132,11.160877151215196,11.238415571567186
2031-02-05,0.6205722898648314,0.45453570362680773,0.4645866065307964,0.28645790227093326,0.4841059538068705,0.8150224927920152,0.6045377929896797,0.38968996737145706,11.341355352842706,11.258268827862997,11.160874165769348,11.238412552017351
2031-02-06,0.6205722653221462,0.45453572560946276,0.4645866019792678,0.28645786542574464,0.48410596203415857,0.8150224980035777,0.6045377683654118,0.38968993924033124,11.341352373468435,11.258265790528808,11.16087120675872,11.238409559204717
2031-02-07,0.6205722409967765,0.4545357473974693,0.4645865974680383,0.2864578289068122,0.4841059701885965,0.8150225031689933,0.6045377439591867,0.3896899113582963,11.341349420475614,11.258262780089296,11.160868273949237,11.238406592892533
2031-02-10,0.6205722168868018,0.4545357689925501,0.46458659299675814,0.28645779271124305,0.48410597827083013,0.8150225082886712,0.6045377197690691,0.3896898837231469,11.341346493630676,11.258259796306334,11.160865367108922,11.238403652846166
2031-02-11,0.6205721929903139,0.4545357903964107,0.46458658856506807,0.28645775683617514,0.4841059862814975,0.8150225133630139,0.6045376957931503,0.38968985633270053,11.34134359270207,11.258256838943876,11.160862486007785,11.238400738833022
2031-02-12,0.6205721693054211,0.4545358116107481,0.4645865841726207,0.28645772127876806,0.48410599422123346,0.8150225183924265,0.6045376720295302,0.3896898291847886,11.341340717460314,11.25825390776796,11.160859630417935,11.238397850622585
2031-02-13,0.6205721458302531,0.45453583263723796,0.46458657981906537,0.28645768603621236,0.48410600209066346,0.8150225233773044,0.604537648476329,0.3896898022772624,11.341337867677959,11.258251002546736,11.160856800113491,11.238394987986393
2031-02-14,0.6205721225629482,0.4545358534775476,0.46458657550406157,0.28645765110572086,0.48410600989041275,0.8150225283180439,0.6045376251316853,0.3896897756079931,11.341335043129563,11.258248123050373,11.16085399487053,11.238392150697974
2031-02-17,0.6205720995016708,0.45453587413331953,0.46458657122726316,0.28645761648452667,0.4841060176211007,0.8150225332150351,0.6045376019937505,0.3896897491748727,11.341332243591713,11.25824526905109,11.16085121446716,11.238389338532903
2031-02-18,0.620572076644593,0.4545358946061894,0.46458656698833584,0.2864575821698921,0.48410602528333135,0.8150225380686632,0.6045375790606963,0.3896897229758111,11.341329468842922,11.258242440323114,11.160848458683423,11.238386551268711
2031-02-19,0.6205720539899064,0.4545359148977802,0.46458656278694255,0.2864575481591048,0.48410603287771736,0.8150225428793143,0.6045375563307059,0.38968969700873346,11.341326718663703,11.258239636642669,11.16084572730133,11.238383788684905
2031-02-20,0.6205720315358221,0.45453593500969597,0.46458655862275194,0.28645751444947254,0.4841060404048576,0.8150225476473703,0.6045375338019845,0.3896896712715869,11.341323992836495,11.258236857787985,11.160843020104812,11.23838105056295
2031-02-21,0.6205720092805611,0.4545359549435261,0.4645865544954346,0.2864574810383295,0.48410604786534506,0.8150225523732043,0.6045375114727464,0.3896896457623344,11.341321291145665,11.25823410353921,11.16084033687969,11.238378336686235
2031-02-24,0.6205719872223648,0.4545359747008482,0.4645865504046624,0.2864574479230303,0.4841060552597726,0.8150225570571935,0.6045374893412298,0.3896896204789581,11.341318613377503,11.258231373678491,11.160837677413735,11.238375646840094
2031-02-25,0.6205719653594873,0.4545359942832236,0.46458654635011226,0.2864574151009582,0.48410606258872757,0.8150225616997077,0.604537467405679,0.3896895954194591,11.341315959320164,11.25822866798987,11.160835041496549,11.238372980811732
2031-02-26,0.6205719436901955,0.454536013692206,0.4645865423314651,0.28645738256951464,0.48410606985278465,0.8150225663011138,0.6045374456643605,0.38968957058185627,11.341313328763714,11.258225986259308,11.16083242891962,11.238370338390249
2031-02-27,0.6205719222127841,0.45453603292932504,0.4645865383483998,0.28645735032612807,0.4841060770525223,0.815022570861773,0.6045374241155552,0.3896895459641809,11.34131072150006,11.258223328274672,11.160829839476282,11.238367719366618
2031-02-28,0.620571900925547,0.45453605199610714,0.4645865344006044,0.2864573183682473,0.48410608418850676,0.8150225753820534,0.6045374027575582,0.3896895215644864,11.341308137322931,11.25822069382568,11.160827272961676,11.238365123533649
2031-03-03,0.6205718798267982,0.45453607089405623,0.46458653048776843,0.2864572866933443,0.484106091261305,0.8150225798623056,0.6045373815886809,0.38968949738084596,11.341305576027926,11.258218082703957,11.160824729172795,11.238362550686015
2031-03-04,0.6205718589148779,0.4545360896246722,0.4645865266095762,0.2864572552989118,0.484106098271475,0.8150225843028869,0.6045373606072464,0.389689473411345,11.34130303741241,11.25821549470293,11.160822207908398,11.23836000062017
2031-03-05,0.6205718381881217,0.4545361081894329,0.4645865227657259,0.2864572241824692,0.48410610521957187,0.8150225887041489,0.6045373398115963,0.389689449654085,11.341300521275585,11.258212929617873,11.160819708969044,11.238357473134398
2031-03-06,0.6205718176448975,0.45453612658980747,0.46458651895591063,0.2864571933415521,0.48410611210614624,0.8150225930664371,0.6045373192000851,0.3896894261071895,11.34129802741839,11.258210387245883,11.160817232157056,11.23835496802875
2031-03-07,0.6205717972835771,0.4545361448272539,0.46458651517983096,0.28645716277372324,0.4841061189317427,0.8150225973901019,0.604537298771085,0.3896894027687937,11.341295555643551,11.258207867385824,11.160814777276482,11.238352485105057
2031-03-10,0.6205717771025497,0.45453616290321175,0.4645865114371862,0.28645713247656224,0.4841061256968978,0.8150226016754781,0.6045372785229729,0.3896893796370546,11.341293105755549,11.258205369838384,11.160812344133145,11.238350024166916
2031-03-11,0.6205717571002209,0.45453618081911235,0.4645865077276819,0.2864571024476716,0.48410613240215306,0.8150226059229094,0.6045372584541563,0.38968935671013866,11.341290677560558,11.258202894405967,11.160809932534567,11.238347585019646
2031-03-12,0.6205717372750056,0.4545361985763738,0.46458650405102636,0.2864570726846816,0.4841061390480327,0.8150226101327321,0.6045372385630411,0.38968933398623334,11.341288270866507,11.258200440892765,11.160807542289964,11.238345167470287
2031-03-13,0.6205717176253349,0.45453621617639856,0.46458650040692345,0.286457043185233,0.4841061456350661,0.8150226143052791,0.6045372188480568,0.38968931146354163,11.341285885483018,11.258198009104685,11.160805173210274,11.238342771327611
2031-03-14,0.6205716981496573,0.4545362336205816,0.46458649679508807,0.28645701394699324,0.48410615216377384,0.815022618440877,0.604537199307641,0.38968928914028134,11.341283521221376,11.25819559884936,11.160802825108062,11.238340396402043
2031-03-17,0.6205716788464322,0.4545362509103018,0.46458649321523676,0.28645698496764654,0.48410615863467044,0.8150226225398597,0.6045371799402508,0.3896892670146885,11.341281177894576,11.258193209936133,11.1608004977976,11.238338042505754
2031-03-18,0.6205716597141289,0.45453626804692654,0.46458648966708116,0.2864569562449046,0.484106165048272,0.8150226266025425,0.6045371607443527,0.3896892450850093,11.34127885531722,11.258190842176004,11.160798191094766,11.238335709452498
2031-03-19,0.6205716407512415,0.4545362850318103,0.46458648615034537,0.2864569277764947,0.4841061714050805,0.8150226306292527,0.6045371417184284,0.38968922334951206,11.341276553305589,11.258188495381686,11.160795904817096,11.238333397057726
2031-03-20,0.620571621956259,0.4545363018663009,0.46458648266474883,0.2864568995601649,0.48410617770560194,0.8150226346203093,0.6045371228609733,0.38968920180647443,11.341274271677591,11.258186169367537,11.160793638783737,11.23833110513852
2031-03-21,0.620571603327703,0.454536318551725,0.4645864792100159,0.2864568715936805,0.4841061839503334,0.815022638576026,0.6045371041704962,0.3896891804541935,11.341272010252721,11.258183863949538,11.160791392815415,11.238328833513572
2031-03-24,0.6205715848640959,0.4545363350894053,0.4645864757858744,0.2864568438748326,0.4841061901397708,0.815022642496716,0.6045370856455164,0.3896891592909841,11.34126976885209,11.258181578945317,11.160789166734473,11.238326582003179
2031-03-25,0.6205715665639824,0.4545363514806495,0.4645864723920525,0.28645681640142306,0.48410619627440243,0.8150226463826854,0.6045370672845706,0.38968913831516583,11.34126754729839,11.258179314174136,11.160786960364815,11.238324350429242
2031-03-26,0.6205715484259071,0.4545363677267528,0.46458646902828127,0.2864567891712862,0.48410620235471125,0.8150226502342494,0.6045370490862043,0.38968911752508323,11.34126534541588,11.258177069456819,11.160784773531892,11.238322138615223
2031-03-27,0.6205715304484399,0.4545363838290026,0.4645864656942965,0.28645676218226124,0.48410620838118396,0.8150226540517085,0.6045370310489796,0.3896890969190912,11.341263163030387,11.258174844615802,11.160782606062725,11.238319946386152
2031-03-28,0.6205715126301589,0.45453639978867133,0.46458646238983126,0.2864567354322195,0.48410621435429374,0.8150226578353655,0.6045370131714682,0.3896890764955571,11.341260999969252,11.258172639475088,11.160780457785842,11.238317773568609
2031-03-31,0.620571494969652,0.45453641560702296,0.4645864591146264,0.2864567089190387,0.48410622027451244,0.8150226615855173,0.6045369954522589,0.3896890562528676,11.34125885606138,11.25817045386023,11.160778328531313,11.238315619990713
2031-04-01,0.6205714774655248,0.4545364312853068,0.4645864558684255,0.2864566826406254,0.4841062261423098,0.8150226653024646,0.6045369778899474,0.3896890361894227,11.341256731137173,11.258168287598343,11.160776218130689,11.238313485482118
2031-04-02,0.6205714601163906,0.4545364468247655,0.464586452650964,0.2864566565948985,0.4841062319581495,0.8150226689864996,0.6045369604831434,0.38968901630363184,11.34125462502853,11.25816614051805,11.160774126417033,11.238311369873944
2031-04-03,0.6205714429208771,0.4545364622266249,0.46458644946199423,0.2864566307798,0.4841062377224916,0.8150226726379121,0.6045369432304721,0.3896889965939252,11.341252537568844,11.258164012449507,11.160772053224866,11.238309272998848
2031-04-04,0.6205714258776267,0.45453647749210685,0.464586446301263,0.28645660519328603,0.48410624343579056,0.8150226762569951,0.6045369261305683,0.389688977058742,11.341250468592992,11.258161903224378,11.160769998390212,11.238307194690952
2031-04-07,0.6205714089852886,0.4545364926224184,0.4645864431685187,0.28645657983333134,0.4841062490985044,0.8150226798440311,0.6045369091820795,0.38968895769653605,11.341248417937303,11.258159812675803,11.160767961750492,11.238305134785854
2031-04-08,0.6205713922425251,0.4545365076187544,0.46458644006351324,0.2864565546979314,0.4841062547110726,0.8150226833993035,0.6045368923836629,0.3896889385057772,11.341246385439549,11.258157740638408,11.160765943144602,11.238303093120592
2031-04-09,0.6205713756480149,0.4545365224823012,0.4645864369860025,0.28645652978510106,0.4841062602739449,0.8150226869230963,0.6045368757339922,0.3896889194849457,11.341244370938961,11.258155686948289,11.160763942412869,11.238301069533666
2031-04-10,0.6205713592004443,0.4545365372142376,0.4645864339357409,0.286456505092864,0.4841062657875581,0.8150226904156853,0.604536859231751,0.38968890063253875,11.341242374276172,11.258153651442976,11.160761959397018,11.238299063865002
2031-04-11,0.6205713428985128,0.4545365518157264,0.4645864309124896,0.28645648061926876,0.48410627125235073,0.8150226938773512,0.6045368428756308,0.3896888819470634,11.341240395293221,11.258151633961448,11.160759993940172,11.23829707595592
2031-04-14,0.6205713267409305,0.4545365662879244,0.4645864279160077,0.2864564563623808,0.4841062766687553,0.815022697308363,0.6045368266643378,0.3896888634270445,11.341238433833583,11.258149634344115,11.160758045886856,11.238295105649183
2031-04-15,0.6205713107264157,0.4545365806319728,0.4645864249460596,0.2864564323202809,0.4841062820371981,0.8150227007089956,0.6045368105965929,0.38968884507101326,11.341236489742077,11.2581476524328,11.160756115082968,11.238293152788923
2031-04-16,0.620571294853707,0.4545365948490123,0.46458642200240724,0.2864564084910656,0.4841062873581051,0.8150227040795152,0.6045367946711209,0.3896888268775199,11.341234562864917,11.258145688070714,11.16075420137577,11.23829121722065
2031-04-17,0.6205712791215441,0.45453660894016235,0.46458641908482184,0.286456384872851,0.48410629263189775,0.8150227074201898,0.6045367788866658,0.38968880884512375,11.341232653049685,11.258143741102463,11.160752304613881,11.23828929879126
2031-04-18,0.6205712635286903,0.4545366229065393,0.46458641619307256,0.2864563614637678,0.48410629785899173,0.8150227107312855,0.6045367632419756,0.38968879097240133,11.341230760145288,11.258141811374033,11.160750424647246,11.238287397348989
2031-04-21,0.6205712480739002,0.45453663674924855,0.4645864133269259,0.28645633826196754,0.484106303039802,0.8150227140130611,0.6045367477358172,0.38968877325793355,11.341228884001989,11.258139898732768,11.160748561327154,11.238285512743415
2031-04-22,0.6205712327559625,0.4545366504693833,0.4645864104861601,0.2864563152656103,0.48410630817473593,0.8150227172657769,0.6045367323669611,0.38968875570032196,11.341227024471381,11.258138003027375,11.160746714506194,11.238283644825463
2031-04-23,0.6205712175736577,0.4545366640680334,0.46458640767054604,0.2864562924728802,0.4841063132642054,0.8150227204896917,0.6045367171341892,0.38968873829817824,11.341225181406358,11.258136124107876,11.16074488403829,11.238281793447355
2031-04-24,0.6205712025257881,0.4545366775462697,0.464586404879865,0.2864562698819709,0.48410631830860607,0.8150227236850599,0.6045367020362997,0.38968872105012714,11.34122335466112,11.258134261825647,11.160743069778627,11.238279958462645
2031-04-25,0.6205711876111621,0.45453669090516086,0.46458640211389507,0.28645624749109916,0.48410632330834164,0.8150227268521343,0.604536687072099,0.38968870395480065,11.341221544091162,11.258132416033376,11.160741271583689,11.238278139726178
2031-04-28,0.6205711728286041,0.45453670414576297,0.4645863993724156,0.28645622529849074,0.48410632826380484,0.8150227299911663,0.6045366722403988,0.38968868701084886,11.341219749553268,11.258130586585034,11.160739489311228,11.238276337094083
2031-04-29,0.6205711581769352,0.4545367172691225,0.4645863966552104,0.2864562033023927,0.4841063331753884,0.8150227331024003,0.6045366575400319,0.3896886702169303,11.341217970905456,11.258128773335907,11.160737722820258,11.238274550423744
2031-04-30,0.6205711436550084,0.4545367302762795,0.4645863939620683,0.2864561815010622,0.4841063380434835,0.8150227361860867,0.6045366429698313,0.38968865357171695,11.341216208007046,11.258126976142565,11.16073597197103,11.238272779573848
2031-05-01,0.6205711292616655,0.45453674316826137,0.4645863912927689,0.2864561598927767,0.484106342868469,0.8150227392424677,0.6045366285286461,0.3896886370738914,11.341214460718566,11.258125194862824,11.16073423662505,11.23827102440429
2031-05-02,0.6205711149957718,0.4545367559460899,0.46458638864711005,0.28645613847582546,0.48410634765073535,0.8150227422717862,0.604536614215333,0.389688620722152,11.341212728901805,11.258123429355784,11.160732516645037,11.238269284776225
2031-05-05,0.6205711008561986,0.4545367686107729,0.46458638602487534,0.2864561172485141,0.4841063523906539,0.815022745274278,0.6045366000287586,0.3896886045151982,11.34121101241977,11.258121679481782,11.16073081189493,11.238267560552053
2031-05-06,0.6205710868418294,0.4545367811633142,0.46458638342586067,0.28645609620916596,0.48410635708860383,0.8150227482501886,0.6045365859678028,0.38968858845175436,11.341209311136662,11.258119945102386,11.160729122239875,11.238265851595369
2031-05-07,0.6205710729515488,0.4545367936047084,0.46458638084985954,0.286456075356113,0.4841063617449528,0.8150227511997439,0.6045365720313536,0.3896885725305477,11.341207624917898,11.2581182260804,11.160727447546211,11.23826415777098
2031-05-08,0.6205710591842646,0.4545368059359378,0.4645863782966671,0.28645605468770907,0.4841063663600714,0.8150227541231844,0.6045365582183067,0.3896885567503178,11.341205953630103,11.258116522279833,11.160725787681457,11.238262478944899
2031-05-09,0.6205710455388855,0.45453681815797636,0.4645863757660821,0.28645603420231697,0.48410637093432585,0.8150227570207382,0.6045365445275693,0.3896885411098168,11.341204297141056,11.258114833565914,11.160724142514308,11.238260814984319
2031-05-12,0.6205710320143325,0.4545368302717921,0.46458637325790536,0.2864560138983195,0.48410637546807533,0.8150227598926357,0.6045365309580594,0.3896885256078095,11.34120265531973,11.258113159805056,11.160722511914617,11.238259165757619
2031-05-13,0.6205710186095341,0.45453684227834423,0.4645863707719362,0.2864559937741062,0.4841063799616789,0.8150227627391016,0.6045365175087051,0.38968851024306544,11.341201028036238,11.258111500864844,11.1607208957534,11.238257531134318
2031-05-14,0.6205710053234336,0.4545368541785819,0.46458636830798233,0.286455973828087,0.4841063844154954,0.8150227655603628,0.6045365041784402,0.38968849501437247,11.341199415161846,11.258109856614048,11.160719293902801,11.238255910985119
2031-05-15,0.6205709921549782,0.4545368659734459,0.4645863658658428,0.2864559540586817,0.4841063888298733,0.8150227683566432,0.6045364909662123,0.38968847992052563,11.34119781656898,11.258108226922598,11.160717706236115,11.238254305181846
2031-05-16,0.620570979103122,0.45453687766387096,0.4645863634453319,0.2864559344643275,0.48410639320516435,0.8150227711281635,0.60453647787097,0.38968846496033,11.34119623213117,11.258106611661576,11.160716132627735,11.238252713597493
2031-05-19,0.6205709661668366,0.454536889250781,0.4645863610462504,0.28645591504348,0.48410639754171036,0.8150227738751448,0.6045364648916862,0.3896884501326014,11.341194661723081,11.258105010703213,11.160714572953193,11.238251136106134
2031-05-20,0.6205709533451002,0.45453690073509107,0.4645863586684128,0.2864558957945968,0.48410640183986087,0.8150227765977992,0.6045364520273291,0.3896884354361699,11.341193105220485,11.258103423920847,11.160713027089097,11.238249572582989
2031-05-21,0.6205709406368958,0.4545369121177123,0.46458635631163125,0.2864558767161553,0.4841064060999508,0.8150227792963485,0.6045364392768814,0.38968842086986943,11.341191562500258,11.258101851188972,11.160711494913164,11.238248022904378
2031-05-22,0.6205709280412197,0.45453692339954394,0.464586353975717,0.2864558578066474,0.4841064103223198,0.8150227819709994,0.6045364266393373,0.38968840643254926,11.341190033440355,11.258100292383165,11.160709976304194,11.238246486947702
2031-05-23,0.6205709155570698,0.45453693458147704,0.4645863516604871,0.28645583906457883,0.484106414507301,0.8150227846219693,0.604536414113691,0.3896883921230672,11.341188517919822,11.258098747380116,11.160708471142046,11.238244964591463
2031-05-26,0.620570903183467,0.4545369456643977,0.46458634936575716,0.28645582048846613,0.4841064186552253,0.8150227872494669,0.604536401698958,0.3896883779402929,11.341187015818756,11.2580972160576,11.16070697930766,11.238243455715232
2031-05-27,0.620570890919431,0.45453695664918314,0.46458634709134894,0.28645580207683885,0.48410642276642135,0.8150227898536968,0.6045363893941529,0.3896883638831008,11.341185527018357,11.258095698294492,11.160705500683013,11.238241960199643
2031-05-28,0.6205708787639833,0.4545369675367017,0.46458634483707834,0.28645578382824144,0.48410642684121186,0.8150227924348656,0.6045363771983049,0.3896883499503823,11.34118405140083,11.25809419397072,11.160704035151154,11.238240477926404
2031-05-29,0.6205708667161749,0.4545369783278136,0.4645863426027691,0.2864557657412285,0.48410643087992344,0.8150227949931828,0.6045363651104468,0.38968833614103304,11.341182588849458,11.258092702967273,11.160702582596132,11.238239008778244
2031-05-30,0.620570854775041,0.45453698902337486,0.46458634038824154,0.28645574781436944,0.4841064348828731,0.8150227975288429,0.604536353129622,0.3896883224539612,11.341181139248544,11.258091225166234,11.160701142903052,11.238237552638955
2031-06-02,0.620570842939646,0.454536999624229,0.4645863381933279,0.2864557300462498,0.4841064388503794,0.8150228000420549,0.6045363412548838,0.38968830888808587,11.341179702483403,11.258089760450659,11.160699715958026,11.238236109393336
2031-06-03,0.6205708312090479,0.45453701013121645,0.46458633601784327,0.2864557124354626,0.48410644278275106,0.8150228025330085,0.6045363294852949,0.389688295442329,11.34117827844039,11.258088308704712,11.16069830164816,11.238234678927226
2031-06-04,0.6205708195823195,0.45453702054516815,0.4645863338616262,0.28645569498061213,0.4841064466803062,0.8150228050019082,0.6045363178199199,0.38968828211563294,11.341176867006851,11.25808686981354,11.160696899861597,11.238233261127464
2031-06-05,0.6205708080585456,0.4545370308669068,0.46458633172450037,0.2864556776803184,0.4841064505433458,0.8150228074489451,0.6045363062578386,0.38968826890694,11.341175468071137,11.258085443663324,11.160695510487432,11.238231855881901
2031-06-06,0.6205707966368077,0.45453704109725135,0.46458632960629853,0.28645566053321503,0.4841064543721824,0.815022809874316,0.6045362947981356,0.38968825581520633,11.34117408152257,11.258084030141227,11.160694133415749,11.238230463079361
2031-06-09,0.6205707853162084,0.45453705123700505,0.46458632750685247,0.28645564353794384,0.4841064581671146,0.8150228122782095,0.6045362834399064,0.3896882428393975,11.34117270725148,11.258082629135455,11.160692768537627,11.238229082609667
2031-06-10,0.6205707740958492,0.45453706128697724,0.4645863254259964,0.2864556266931597,0.4841064619284442,0.8150228146608179,0.604536272182251,0.38968822997848296,11.341171345149153,11.258081240535166,11.160691415745093,11.238227714363628
2031-06-11,0.6205707629748416,0.4545370712479583,0.46458632336356637,0.2864556099975317,0.4841064656564699,0.8150228170223284,0.6045362610242787,0.38968821723144936,11.34116999510783,11.258079864230515,11.160690074931134,11.238226358232984
2031-06-12,0.6205707519523087,0.45453708112073876,0.46458632131939726,0.28645559344973787,0.4841064693514826,0.8150228193629283,0.6045362499651058,0.389688204597286,11.341168657020717,11.258078500112628,11.160688745989676,11.238225014110485
2031-06-13,0.6205707410273775,0.45453709090609784,0.46458631929332894,0.28645557704847036,0.4841064730137773,0.8150228216828036,0.6045362390038564,0.3896881920749968,11.341167330781966,11.2580771480736,11.160687428815597,11.23822368188978
2031-06-16,0.6205707301991834,0.45453710060481317,0.4645863172852027,0.2864555607924305,0.48410647664364403,0.8150228239821369,0.6045362281396695,0.3896881796635851,11.341166016286659,11.258075808006469,11.160686123304703,11.238222361465485
2031-06-17,0.620570719466868,0.4545371102176467,0.46458631529485567,0.28645554468033285,0.48410648024136904,0.8150228262611103,0.6045362173716794,0.38968816736207634,11.341164713430803,11.258074479805227,11.160684829353706,11.23822105273315
2031-06-18,0.6205707088295829,0.4545371197453637,0.46458631332213385,0.2864555287109039,0.48410648380723875,0.8150228285199056,0.6045362066990383,0.389688155169491,11.341163422111368,11.258073163364816,11.160683546860273,11.238219755589258
2031-06-19,0.6205706982864898,0.4545371291887139,0.46458631136688033,0.2864555128828787,0.48410648734153405,0.815022830758697,0.6045361961208996,0.3896881430848674,11.341162142226167,11.25807185858109,11.160682275722927,11.238218469931185
2031-06-20,0.6205706878367545,0.4545371385484469,0.46458630942893836,0.2864554971950059,0.4841064908445306,0.815022832977666,0.6045361856364267,0.38968813110724926,11.341160873673966,11.258070565350824,11.160681015841117,11.238217195657224
2031-06-23,0.6205706774795454,0.4545371478253032,0.4645863075081559,0.2864554816460458,0.484106494316514,0.8150228351769879,0.6045361752447916,0.3896881192356905,11.341159616354412,11.258069283571734,11.16067976711519,11.238215932666577
2031-06-24,0.6205706672140472,0.4545371570200111,0.4645863056043835,0.2864554662347665,0.4841064977577487,0.8150228373568331,0.60453616494517,0.3896881074692509,11.341158370168051,11.258068013142408,11.160678529446347,11.238214680859336
2031-06-25,0.6205706570394477,0.45453716613330664,0.4645863037174671,0.2864554509599487,0.48410650116851633,0.81502283951738,0.6045361547367496,0.3896880958070004,11.341157135016298,11.258066753962353,11.160677302736698,11.23821344013647
2031-06-26,0.6205706469549395,0.4545371751659067,0.46458630184725735,0.28645543582038646,0.4841065045490812,0.8150228416587924,0.6045361446187225,0.3896880842480151,11.34115591080144,11.258065505931967,11.160676086889195,11.238212210399832
2031-06-27,0.6205706369597277,0.4545371841185221,0.46458629999361034,0.28645542081487935,0.4841065078997123,0.8150228437812429,0.6045361345902864,0.3896880727913795,11.341154697426633,11.258064268952507,11.160674881807656,11.238210991552142
2031-06-30,0.6205706270530206,0.4545371929918707,0.464586298156377,0.2864554059422411,0.4841065112206756,0.8150228458849014,0.6045361246506481,0.389688061436192,11.341153494795904,11.25806304292613,11.160673687396754,11.23820978349699
2031-07-01,0.6205706172340346,0.4545372017866441,0.46458629633541004,0.2864553912012956,0.48410651451223186,0.8150228479699334,0.6045361147990234,0.38968805018154945,11.341152302814105,11.258061827755851,11.160672503561996,11.238208586138803
2031-07-02,0.620570607501993,0.4545372105035438,0.4645862945305672,0.28645537659087783,0.48410651777464203,0.8150228500365015,0.6045361050346297,0.38968803902656285,11.34115112138695,11.258060623345537,11.16067133020975,11.23820739938286
2031-07-03,0.6205705978561258,0.45453721914325856,0.46458629274170726,0.2864553621098305,0.48410652100816537,0.8150228520847711,0.6045360953566995,0.38968802797035057,11.341149950420977,11.258059429599925,11.160670167247181,11.238206223135286
2031-07-04,0.6205705882956671,0.45453722770646937,0.4645862909686864,0.2864553477570091,0.48410652421305433,0.8150228541149049,0.6045360857644652,0.3896880170120402,11.34114878982356,11.258058246424572,11.160669014582297,11.238205057303027
2031-07-07,0.6205705788198654,0.454537236193857,0.46458628921136635,0.2864553335312757,0.48410652738956744,0.8150228561270606,0.6045360762571659,0.38968800615075944,11.341147639502879,11.25805707372587,11.160667872123916,11.238203901793877
2031-07-08,0.62057056942797,0.45453724460609196,0.46458628746960295,0.2864553194315084,0.4841065305379536,0.8150228581214027,0.6045360668340497,0.38968799538565274,11.34114649936795,11.25805591141107,11.160666739781657,11.2382027565164
2031-07-09,0.6205705601192361,0.454537252943838,0.4645862857432673,0.286455305456589,0.4841065336584607,0.8150228600980824,0.6045360574943743,0.3896879847158678,11.341145369328567,11.258054759388216,11.160665617465952,11.238201621380016
2031-07-10,0.6205705508929278,0.45453726120775695,0.4645862840322135,0.2864552916054162,0.4841065367513376,0.8150228620572586,0.6045360482373984,0.38968797414056006,11.341144249295343,11.258053617566185,11.160664505088015,11.238200496294928
2031-07-11,0.6205705417483167,0.45453726939849926,0.4645862823363127,0.2864552778768896,0.48410653981682683,0.8150228639990891,0.6045360390623898,0.3896879636588948,11.341143139179685,11.258052485854641,11.160663402559853,11.238199381172127
2031-07-14,0.620570532684678,0.4545372775167153,0.46458628065542895,0.28645526426992446,0.4841065428551733,0.8150228659237254,0.6045360299686221,0.38968795327004274,11.341142038893764,11.258051364164064,11.160662309794253,11.238198275923402
2031-07-15,0.620570523701294,0.45453728556304884,0.464586278989428,0.28645525078344486,0.4841065458666153,0.8150228678313194,0.6045360209553783,0.3896879429731785,11.341140948350546,11.258050252405722,11.160661226704757,11.238197180461334
2031-07-16,0.6205705147974581,0.454537293538133,0.4645862773381788,0.28645523741638396,0.4841065488513915,0.815022869722021,0.6045360120219438,0.3896879327674904,11.341139867463756,11.258049150491667,11.160660153205692,11.238196094699243
2031-07-17,0.62057050597246,0.4545373014426017,0.46458627570155075,0.2864552241676852,0.48410655180973927,0.8150228715959824,0.6045360031676118,0.38968792265216995,11.341138796147899,11.258048058334726,11.160659089212142,11.23819501855125
2031-07-18,0.6205704972256075,0.4545373092770761,0.4645862740794161,0.2864552110362994,0.4841065547418926,0.8150228734533488,0.6045359943916813,0.3896879126264177,11.341137734318224,11.258046975848519,11.160658034639937,11.238193951932232
2031-07-21,0.620570488556202,0.4545373170421804,0.46458627247164525,0.28645519802118835,0.48410655764808064,0.8150228752942684,0.6045359856934637,0.38968790268944126,11.341136681890728,11.258045902947392,11.160656989405654,11.2381928947578
2031-07-22,0.6205704799635645,0.4545373247385262,0.4645862708781096,0.2864551851213217,0.48410656052853573,0.8150228771188899,0.6045359770722611,0.3896878928404533,11.341135638782161,11.258044839546486,11.160655953426609,11.238191846944332
2031-07-23,0.6205704714470108,0.45453733236672467,0.46458626929868396,0.2864551723356795,0.484106563383485,0.8150228789273524,0.6045359685273989,0.3896878830786764,11.341134604910016,11.258043785561682,11.16065492662084,11.238190808408945
2031-07-24,0.620570463005869,0.45453733992737805,0.4645862677332442,0.2864551596632501,0.4841065662131573,0.8150228807198016,0.6045359600582008,0.38968787340333644,11.341133580192498,11.258042740909586,11.160653908907136,11.23818977906947
2031-07-25,0.6205704546394712,0.4545373474210804,0.4645862661816655,0.28645514710303205,0.4841065690177707,0.8150228824963812,0.6045359516639899,0.3896878638136691,11.34113256454854,11.258041705507576,11.16065290020497,11.23818875884448
2031-07-28,0.6205704463471549,0.4545373548484322,0.46458626464382546,0.2864551346540297,0.4841065717975507,0.8150228842572277,0.6045359433441108,0.3896878543089138,11.341131557897802,11.258040679273737,11.160651900434571,11.238187747653283
2031-07-29,0.620570438128264,0.45453736221001523,0.46458626311960377,0.2864551223152607,0.48410657455271777,0.8150228860024853,0.6045359350978998,0.3896878448883226,11.34113056016066,11.2580396621269,11.16065090951684,11.238186745415886
2031-07-30,0.6205704299821497,0.45453736950641427,0.46458626160887617,0.2864551100857488,0.48410657728348794,0.8150228877322878,0.6045359269247103,0.389687835551145,11.34112957125818,11.258038653986585,11.160649927373383,11.238185752052996
2031-07-31,0.6205704219081669,0.454537376738205,0.4645862601115275,0.2864550979645238,0.4841065799900771,0.8150228894467713,0.6045359188238878,0.3896878262966477,11.34112859111214,11.258037654773057,11.160648953926515,11.23818476748604
2031-08-01,0.620570413905678,0.4545373839059609,0.4645862586274374,0.28645508595062735,0.48410658267270146,0.8150228911460743,0.6045359107947962,0.3896878171240961,11.341127619644995,11.25803666440726,11.160647989099223,11.238183791637123
2031-08-04,0.6205704059740474,0.4545373910102485,0.4645862571564867,0.2864550740431133,0.4841065853315699,0.8150228928303325,0.6045359028367996,0.3896878080327628,11.341126656779894,11.258035682810853,11.160647032815186,11.238182824429067
2031-08-05,0.6205703981126474,0.4545373980516299,0.4645862556985631,0.2864550622410368,0.4841065879668965,0.8150228944996756,0.604535894949271,0.38968779902193157,11.341125702440687,11.258034709906196,11.160646084998767,11.238181865785334
2031-08-06,0.6205703903208599,0.4545374050306624,0.46458625425354855,0.2864550505434614,0.4841065905788887,0.815022896154237,0.6045358871315841,0.3896877900908882,11.341124756551858,11.258033745616311,11.160645145574964,11.23818091563011
2031-08-07,0.6205703825980657,0.45453741194789654,0.46458625282132865,0.28645503894946783,0.4841065931677528,0.8150228977941483,0.6045358793831176,0.38968778123892733,11.341123819038595,11.258032789864927,11.160644214469487,11.238179973888224
2031-08-08,0.6205703749436549,0.4545374188038824,0.46458625140179066,0.28645502745813267,0.4841065957336905,0.8150228994195381,0.6045358717032654,0.38968777246534764,11.341122889826728,11.258031842576434,11.16064329160867,11.238179040485187
2031-08-11,0.6205703673570215,0.45453742559915733,0.4645862499948215,0.28645501606855095,0.4841065982769105,0.8150229010305369,0.6045358640914131,0.3896877637694551,11.341121968842758,11.258030903675895,11.160642376919506,11.238178115347152
2031-08-12,0.6205703598375663,0.45453743233426624,0.46458624860031195,0.2864550047798206,0.4841066007976091,0.8150229026272698,0.6045358565469633,0.38968775515056303,11.341121056013819,11.258029973089037,11.160641470329638,11.238177198400932
2031-08-13,0.6205703523846919,0.4545374390097339,0.46458624721814995,0.28645499359104803,0.4841066032959881,0.8150229042098636,0.6045358490693143,0.38968774660798855,11.34112015126771,11.258029050742252,11.16064057176735,11.238176289573996
2031-08-14,0.6205703449978098,0.45453744562609444,0.46458624584822694,0.28645498250134943,0.48410660577224524,0.8150229057784444,0.6045358416578797,0.3896877381410552,11.34111925453286,11.258028136562572,11.160639681161575,11.23817538879445
2031-08-15,0.6205703376763395,0.4545374521838701,0.4645862444904323,0.28645497150984617,0.48410660822657603,0.8150229073331369,0.6045358343120707,0.38968772974909427,11.341118365738327,11.258027230477675,11.160638798441834,11.238174495991041
2031-08-18,0.6205703304196959,0.4545374586835774,0.4645862431446618,0.28645496061567,0.4841066106591754,0.815022908874064,0.6045358270313073,0.3896877214314414,11.341117484813793,11.258026332415888,11.160637923538317,11.238173611093135
2031-08-19,0.6205703232273081,0.4545374651257308,0.4645862418108087,0.28645494981795905,0.4841066130702315,0.8150229104013432,0.6045358198150136,0.38968771318743817,11.341116611689591,11.25802544230617,11.160637056381805,11.238172734030737
2031-08-20,0.620570316098608,0.4545374715108421,0.4645862404887647,0.2864549391158568,0.48410661545994116,0.8150229119150992,0.6045358126626152,0.38968770501643535,11.341115746296643,11.25802456007811,11.160636196903713,11.238171864734463
2031-08-21,0.6205703090330302,0.45453747783941434,0.4645862391784282,0.28645492850852,0.4841066178284891,0.8150229134154545,0.6045358055735515,0.38968769691778243,11.341114888566489,11.258023685661904,11.160635345036027,11.238171003135541
2031-08-22,0.6205703020300147,0.4545374841119497,0.46458623787969344,0.2864549179951059,0.48410662017606665,0.8150229149025205,0.6045357985472579,0.38968768889084077,11.341114038431275,11.258022818988403,11.160634500711376,11.238170149165827
2031-08-25,0.6205702950890103,0.45453749032894275,0.46458623659246057,0.28645490757478936,0.48410662250285463,0.8150229163764225,0.6045357915831813,0.38968768093497563,11.341113195823752,11.25802195998903,11.160633663862972,11.238169302757749
2031-08-26,0.6205702882094657,0.45453749649088815,0.46458623531662413,0.28645489724673706,0.4841066248090411,0.8150229178372734,0.6045357846807685,0.3896876730495568,11.341112360677274,11.258021108595841,11.160632834424609,11.238168463844374
2031-08-27,0.6205702813908394,0.4545375025982694,0.46458623405208443,0.2864548870101386,0.48410662709480734,0.8150229192851868,0.6045357778394752,0.3896876652339624,11.34111153292576,11.258020264741486,11.160632012330678,11.238167632359318
2031-08-28,0.6205702746325864,0.4545375086515709,0.4645862327987432,0.28645487686418153,0.484106629360332,0.8150229207202805,0.6045357710587601,0.3896876574875719,11.34111071250374,11.2580194283592,11.160631197516146,11.238166808236818
2031-08-29,0.6205702679341778,0.45453751465127534,0.4645862315564977,0.28645486680806426,0.484106631605797,0.8150229221426676,0.6045357643380841,0.38968764980977366,11.341109899346314,11.258018599382837,11.16063038991654,11.238165991411666
2031-09-01,0.62057026129508,0.4545375205978512,0.4645862303252542,0.286454856840991,0.48410663383137764,0.8150229235524566,0.6045357576769205,0.3896876421999591,11.341109093389145,11.258017777746806,11.160629589467993,11.238165181819262
2031-09-02,0.6205702547147717,0.4545375264917729,0.46458622910491254,0.2864548469621721,0.48410663603725396,0.8150229249497648,0.6045357510747363,0.3896876346575286,11.34110829456849,11.258016963386122,11.160628796107176,11.23816437939556
2031-09-03,0.6205702481927291,0.45453753233350713,0.46458622789537674,0.28645483717082615,0.48410663822359684,0.8150229263347031,0.6045357445310132,0.3896876271818836,11.34110750282115,11.258016156236351,11.16062800977133,11.23816358407707
2031-09-04,0.6205702417284371,0.4545375381235129,0.4645862266965494,0.2864548274661822,0.4841066403905814,0.8150229277073745,0.6045357380452359,0.3896876197724332,11.341106718084502,11.25801535623365,11.160627230398255,11.238162795800895
2031-09-05,0.6205702353213847,0.45453754386225054,0.4645862255083405,0.28645481784747,0.484106642538376,0.8150229290678926,0.6045357316168839,0.38968761242859096,11.341105940296455,11.258014563314733,11.160626457926295,11.238162014504656
2031-09-08,0.6205702289710633,0.4545375495501732,0.4645862243306496,0.2864548083139284,0.4841066446671536,0.8150229304163629,0.6045357252454566,0.38968760514977446,11.341105169395496,11.258013777416881,11.160625692294335,11.238161240126578
2031-09-09,0.620570222676974,0.4545375551877307,0.46458622316338605,0.286454798864803,0.4841066467770809,0.8150229317528935,0.6045357189304446,0.3896875979354108,11.341104405320628,11.258012998477913,11.160624933441829,11.238160472605374
2031-09-10,0.620570216438616,0.45453756077537,0.4645862220064625,0.2864547894993476,0.4841066488683251,0.8150229330775884,0.604535712671351,0.38968759078492915,11.34110364801141,11.258012226436216,11.160624181308723,11.23815971188035
2031-09-11,0.6205702102554962,0.4545375663135327,0.4645862208597809,0.2864547802168163,0.4841066509410541,0.8150229343905542,0.6045357064676773,0.38968758369776446,11.341102897407941,11.258011461230716,11.16062343583553,11.238158957891306
2031-09-12,0.6205702041271264,0.45453757180265525,0.4645862197232528,0.2864547710164855,0.48410665299542666,0.8150229356918934,0.6045357003189384,0.38968757667335086,11.34110215345085,11.258010702800892,11.16062269696329,11.238158210578622
2031-09-15,0.6205701980530234,0.45453757724317434,0.46458621859678967,0.2864547618976177,0.48410665503160943,0.8150229369817115,0.6045356942246445,0.389687569711138,11.34110141608126,11.25800995108672,11.160621964633538,11.238157469883152
2031-09-16,0.6205701920327031,0.45453758263551847,0.4645862174802977,0.28645475285949373,0.48410665704976447,0.8150229382601066,0.6045356881843109,0.3896875628105749,11.341100685240866,11.258009206028758,11.160621238788343,11.23815673574633
2031-09-17,0.6205701860656915,0.45453758798011545,0.4645862163736947,0.2864547439013994,0.48410665905004957,0.8150229395271833,0.6045356821974653,0.3896875559711122,11.341099960871844,11.258008467568065,11.160620519370287,11.238156008110067
2031-09-18,0.620570180151515,0.45453759327738774,0.464586215276889,0.2864547350226288,0.48410666103261796,0.8150229407830402,0.6045356762636298,0.3896875491922116,11.341099242916892,11.258007735646219,11.160619806322469,11.238155286916802
2031-09-19,0.6205701742897072,0.45453759852775455,0.46458621418979706,0.28645472622247586,0.48410666299763494,0.8150229420277771,0.6045356703823399,0.38968754247333565,11.341098531319217,11.25800701020532,11.160619099588471,11.238154572109488
2031-09-22,0.6205701684798034,0.4545376037316308,0.4645862131123275,0.2864547175002455,0.4841066649452528,0.8150229432614928,0.6045356645531239,0.3896875358139527,11.341097826022525,11.25800629118798,11.160618399112389,11.238153863631576
2031-09-23,0.6205701627213469,0.45453760888942774,0.46458621204440165,0.28645470885524665,0.4841066668756233,0.8150229444842804,0.6045356587755228,0.38968752921353855,11.34109712697102,11.25800557853733,11.16061770483882,11.238153161427036
2031-09-24,0.6205701570138773,0.45453761400155457,0.4645862109859311,0.2864547002867979,0.4841066687889024,0.8150229456962456,0.6045356530490827,0.3896875226715679,11.341096434109408,11.258004872196977,11.160617016712838,11.238152465440296
2031-09-25,0.6205701513569475,0.4545376190684145,0.46458620993683275,0.28645469179422123,0.484106670685238,0.8150229468974778,0.6045356473733499,0.38968751618752423,11.341095747382878,11.258004172111061,11.16061633467999,11.238151775616311
2031-09-26,0.6205701457501089,0.4545376240904081,0.46458620889702407,0.28645468337684304,0.48410667256478424,0.8150229480880724,0.6045356417478714,0.3896875097608951,11.341095066737111,11.258003478224204,11.160615658686348,11.238151091900514
2031-09-29,0.6205701401929136,0.4545376290679358,0.46458620786642363,0.286454675033997,0.48410667442768596,0.8150229492681236,0.6045356361722057,0.3896875033911738,11.341094392118258,11.258002790481498,11.160614988678425,11.238150414238806
2031-09-30,0.620570134684929,0.45453763400138736,0.464586206844947,0.28645466676502496,0.48410667627409254,0.8150229504377267,0.6045356306459106,0.3896874970778523,11.341093723472946,11.25800210882855,11.160614324603218,11.238149742577598
2031-10-01,0.6205701292257121,0.4545376388911549,0.46458620583251614,0.2864546585692731,0.4841066781041502,0.8150229515969758,0.6045356251685496,0.3896874908204337,11.34109306074829,11.25800143321143,11.160613666408205,11.238149076863742
2031-10-02,0.6205701238148393,0.4545376437376255,0.46458620482905005,0.2864546504460911,0.48410667991800427,0.8150229527459586,0.60453561973969,0.38968748461842245,11.341092403891858,11.2580007635767,11.160613014041303,11.238148417044588
2031-10-03,0.6205701184518759,0.454537648541181,0.46458620383446875,0.2864546423948382,0.4841066817157972,0.8150229538847661,0.6045356143588995,0.38968747847132806,11.341091752851701,11.25800009987139,11.160612367450927,11.23814776306794
2031-10-06,0.6205701131363992,0.4545376533022034,0.46458620284869606,0.2864546344148769,0.48410668349766967,0.8150229550134903,0.6045356090257537,0.38968747237866486,11.341091107576307,11.25799944204299,11.160611726585906,11.238147114882047
2031-10-07,0.6205701078679908,0.45453765802106705,0.46458620187165023,0.2864546265055762,0.48410668526376466,0.8150229561322224,0.6045356037398347,0.38968746633994983,11.341090468014631,11.25799879003946,11.160611091395557,11.238146472435659
2031-10-08,0.6205701026462318,0.4545376626981493,0.46458620090325736,0.2864546186663082,0.48410668701422166,0.8150229572410457,0.604535598500718,0.3896874603547052,11.341089834116081,11.257998143809225,11.160610461829616,11.238145835677932
2031-10-09,0.6205700974707107,0.4545376673338142,0.4645861999434366,0.28645461089645513,0.48410668874917784,0.8150229583400498,0.6045355933079938,0.38968745442245895,11.341089205830514,11.25799750330116,11.160609837838306,11.238145204558498
2031-10-10,0.6205700923410161,0.4545376719284342,0.46458619899211767,0.28645460319540195,0.48410669046877275,0.8150229594293239,0.604535588161248,0.3896874485427422,11.341088583108228,11.257996868464614,11.160609219372244,11.23814457902745
2031-10-13,0.6205700872567438,0.4545376764823685,0.4645861980492199,0.2864545955625401,0.4841066921731402,0.8150229605089526,0.6045355830600754,0.3896874427150868,11.341087965899963,11.257996239249351,11.160608606382528,11.238143959035286
2031-10-14,0.6205700822174932,0.45453768099598035,0.4645861971146744,0.2864545879972652,0.48410669386241756,0.8150229615790238,0.6045355780040726,0.38968743693903507,11.34108735415689,11.2579956156056,11.160607998820634,11.23814334453296
2031-10-15,0.6205700772228622,0.4545376854696247,0.46458619618840014,0.2864545804989772,0.48410669553673535,0.815022962639617,0.6045355729928411,0.38968743121412647,11.341086747830621,11.257994997484024,11.160607396638524,11.238142735471884
2031-10-16,0.6205700722724556,0.4545376899036573,0.4645861952703311,0.2864545730670847,0.48410669719622756,0.8150229636908215,0.6045355680259797,0.3896874255399119,11.341086146873177,11.257994384835728,11.160606799788557,11.23814213180385
2031-10-17,0.6205700673658856,0.4545376942984265,0.4645861943603896,0.2864545657009983,0.48410669884102653,0.8150229647327155,0.6045355631030989,0.38968741991594014,11.341085551237049,11.257993777612258,11.160606208223523,11.238141533481121
2031-10-20,0.6205700625027628,0.45453769865428123,0.4645861934585059,0.28645455840013845,0.4841067004712606,0.8150229657653862,0.6045355582238084,0.389687414341768,11.341084960875092,11.257993175765561,11.160605621896611,11.238140940456356
2031-10-21,0.6205700576826972,0.4545377029715682,0.4645861925646076,0.28645455116392465,0.48410670208706097,0.8150229667889104,0.6045355533877238,0.3896874088169516,11.34108437574061,11.257992579248043,11.160605040761451,11.238140352682644
2031-10-22,0.6205700529053144,0.45453770725062603,0.46458619167862647,0.28645454399178405,0.48410670368855224,0.8150229678033741,0.6045355485944627,0.3896874033410567,11.341083795787318,11.257991988012499,11.160604464772069,11.238139770113499
2031-10-23,0.6205700481702351,0.4545377114917935,0.4645861908004879,0.28645453688315264,0.48410670527586286,0.8150229688088523,0.6045355438436407,0.3896873979136503,11.341083220969347,11.257991402012179,11.160603893882904,11.238139192702826
2031-10-24,0.6205700434770831,0.454537715695406,0.46458618993012557,0.28645452983746567,0.48410670684912027,0.81502296980543,0.6045355391348868,0.38968739253430124,11.341082651241212,11.257990821200714,11.160603328048794,11.238138620404955
2031-10-27,0.620570038825486,0.45453771986179636,0.4645861890674702,0.28645452285416617,0.48410670840844416,0.8150229707931808,0.6045355344678283,0.38968738720258483,11.341082086557845,11.257990245532152,11.16060276722496,11.238138053174605
2031-10-28,0.6205700342150773,0.4545377239912968,0.46458618821245323,0.2864545159327014,0.4841067099539613,0.8150229717721871,0.6045355298420946,0.3896873819180795,11.341081526874584,11.257989674960967,11.160602211367067,11.238137490966915
2031-10-29,0.6205700296454938,0.4545377280842311,0.46458618736500884,0.2864545090725237,0.4841067114857941,0.815022972742523,0.604535525257323,0.38968737668036374,11.34108097214715,11.257989109442025,11.160601660431126,11.238136933737403
2031-10-30,0.6205700251163713,0.45453773214092175,0.4645861865250654,0.2864545022730913,0.48410671300406205,0.8150229737042685,0.6045355207131466,0.38968737148902943,11.341080422331666,11.25798854893058,11.16060111437356,11.238136381441985
2031-10-31,0.620570020627353,0.45453773616169507,0.4645861856925625,0.28645449553386515,0.48410671450888665,0.8150229746574973,0.6045355162092066,0.38968736634366413,11.341079877384626,11.257987993382295,11.160600573151163,11.238135834036985
2031-11-03,0.6205700161780849,0.4545377401468641,0.46458618486743,0.28645448885431296,0.4841067160003878,0.8150229756022859,0.6045355117451475,0.38968736124385644,11.34107933726293,11.257987442753224,11.160600036721132,11.238135291479093
2031-11-04,0.6205700117682131,0.45453774409674563,0.46458618404960283,0.2864544822339054,0.48410671747867995,0.8150229765387081,0.6045355073206167,0.38968735618920775,11.341078801923851,11.257986896999805,11.160599505041018,11.238134753725385
2031-11-05,0.620570007397387,0.4545377480116504,0.46458618323901774,0.28645447567212196,0.4841067189438847,0.8150229774668397,0.6045355029352633,0.389687351179316,11.341078271325037,11.25798635607887,11.160598978068789,11.238134220733318
2031-11-06,0.6205700030652673,0.45453775189189194,0.4645861824356084,0.2864544691684398,0.48410672039611324,0.8150229783867505,0.6045354985887433,0.3896873462137859,11.341077745424515,11.257985819947633,11.160598455762734,11.23813369246075
2031-11-07,0.6205699987715055,0.4545377557377748,0.464586181639316,0.286454462722346,0.484106721835484,0.8150229792985205,0.6045354942807096,0.3896873412922205,11.341077224180694,11.257985288563676,11.160597938081542,11.238133168865872
2031-11-10,0.6205699945157628,0.45453775954960285,0.46458618085007414,0.28645445633333017,0.4841067232621096,0.8150229802022124,0.6045354900108203,0.389687336414238,11.341076707552322,11.257984761884954,11.160597424984253,11.238132649907262
2031-11-11,0.6205699902977054,0.45453776332767826,0.46458618006781954,0.28645445000088626,0.4841067246761023,0.8150229810979032,0.6045354857787404,0.3896873315794492,11.341076195498541,11.257984239869824,11.160596916430302,11.238132135543886
2031-11-12,0.6205699861169965,0.4545377670723001,0.4645861792924903,0.2864544437245164,0.484106726077575,0.8150229819856631,0.604535481584135,0.389687326787468,11.34107568797884,11.257983722476979,11.160596412379435,11.238131625735038
2031-11-13,0.620569981973305,0.4545377707837657,0.4645861785240295,0.28645443750372274,0.4841067274666373,0.815022982865563,0.6045354774266704,0.3896873220379201,11.341075184953073,11.257983209665493,11.16059591279179,11.238131120440388
2031-11-14,0.6205699778663064,0.4545377744623652,0.4645861777623712,0.28645443133800824,0.4841067288433991,0.8150229837376719,0.6045354733060216,0.3896873173304264,11.341074686381456,11.257982701394802,11.160595417627844,11.238130619619982
2031-11-17,0.6205699737956751,0.4545377781083939,0.4645861770074591,0.28645442522689235,0.48410673020797323,0.8150229846020579,0.6045354692218572,0.38968731266461837,11.341074192224541,11.257982197624694,11.160594926848422,11.238130123234187
2031-11-18,0.6205699697610856,0.45453778172213855,0.46458617625923126,0.2864544191698867,0.4841067315604619,0.8150229854587906,0.604535465173857,0.3896873080401251,11.34107370244323,11.257981698315316,11.16059444041471,11.238129631243735
2031-11-19,0.6205699657622223,0.4545377853038808,0.4645861755176264,0.2864544131665151,0.48410673290097606,0.8150229863079369,0.6045354611617014,0.38968730345657776,11.341073216998792,11.257981203427173,11.160593958288217,11.238129143609719
2031-11-20,0.6205699617987678,0.4545377888539117,0.4645861747825891,0.28645440721629944,0.4841067342296195,0.815022987149563,0.6045354571850724,0.38968729891361686,11.341072735852817,11.257980712921118,11.160593480430817,11.238128660293551
2031-11-21,0.6205699578704101,0.4545377923725069,0.46458617405406144,0.28645440131877503,0.4841067355464981,0.8150229879837391,0.6045354532436561,0.3896872944108811,11.341072258967241,11.257980226758349,11.160593006804698,11.238128181256997
2031-11-24,0.6205699539768331,0.4545377958599441,0.4645861733319834,0.28645439547346896,0.48410673685171524,0.8150229888105284,0.6045354493371383,0.38968728994802,11.341071786304347,11.257979744900403,11.160592537372395,11.238127706462175
2031-11-25,0.6205699501177347,0.4545377993165044,0.4645861726162996,0.2864543896799221,0.4841067381453779,0.8150229896299949,0.6045354454652115,0.3896872855246732,11.341071317826739,11.257979267309159,11.160592072096776,11.23812723587152
2031-11-26,0.6205699462928076,0.4545378027424564,0.4645861719069524,0.28645438393767564,0.48410673942758375,0.8150229904422073,0.604535441627571,0.38968728114049517,11.341070853497365,11.257978793946851,11.160591610941035,11.238126769447803
2031-11-27,0.6205699425017481,0.45453780613807215,0.46458617120388684,0.28645437824627584,0.4841067406984356,0.8150229912472254,0.6045354378239107,0.3896872767951373,11.341070393279487,11.257978324776023,11.160591153868682,11.238126307154124
2031-11-28,0.6205699387442583,0.4545378095036201,0.4645861705070485,0.2864543726052692,0.4841067419580344,0.8150229920451162,0.6045354340539304,0.3896872724882553,11.341069937136693,11.257977859759562,11.160590700843567,11.238125848953922
2031-12-01,0.6205699350200393,0.45453781283936867,0.4645861698163775,0.28645436701421245,0.4841067432064812,0.8150229928359426,0.6045354303173314,0.38968726821951194,11.341069485032918,11.25797739886068,11.160590251829863,11.238125394810947
2031-12-02,0.6205699313287971,0.4545378161455795,0.46458616913182416,0.2864543614726646,0.4841067444438729,0.8150229936197649,0.6045354266138202,0.3896872639885649,11.341069036932382,11.25797694204292,11.160589806792037,11.238124944689268
2031-12-03,0.6205699276702421,0.4545378194225162,0.46458616845333045,0.2864543559801847,0.48410674567030765,0.8150229943966494,0.604535422943101,0.38968725979508123,11.341068592799639,11.257976489270147,11.16058936569489,11.23812449855328
2031-12-04,0.6205699240440805,0.4545378226704344,0.46458616778084705,0.28645435053633944,0.4841067468858823,0.8150229951666538,0.6045354193048875,0.38968725563873047,11.341068152599561,11.257976040506543,11.160588928503522,11.238124056367699
2031-12-05,0.6205699204500266,0.45453782588959407,0.4645861671143158,0.2864543451406971,0.4841067480906933,0.8150229959298387,0.6045354156988875,0.3896872515191829,11.341067716297323,11.25797559571659,11.160588495183353,11.238123618097523
2031-12-08,0.620569916887799,0.45453782908024787,0.46458616645368944,0.28645433979283025,0.48410674928483866,0.8150229966862673,0.6045354121248186,0.3896872474361123,11.341067283858406,11.257975154865134,11.160588065700104,11.238123183708117
2031-12-09,0.620569913357111,0.45453783224265265,0.46458616579890977,0.2864543344923191,0.4841067504684087,0.8150229974359994,0.6045354085823954,0.3896872433891985,11.34106685524861,11.257974717917282,11.160587640019797,11.238122753165088
2031-12-10,0.6205699098576893,0.4545378353770506,0.4645861651499291,0.28645432923874165,0.48410675164149575,0.8150229981790896,0.6045354050713396,0.3896872393781146,11.341066430434022,11.257974284838467,11.16058721810877,11.23812232643439
2031-12-11,0.6205699063892519,0.4545378384837007,0.46458616450669565,0.2864543240316837,0.4841067528041977,0.8150229989156014,0.6045354015913745,0.38968723540255096,11.341066009381045,11.257973855594443,11.160586799933634,11.238121903482272
2031-12-12,0.6205699029515265,0.4545378415628376,0.46458616386915724,0.28645431887073264,0.4841067539566061,0.8150229996455917,0.6045353981422216,0.38968723146218825,11.341065592056369,11.257973430151248,11.160586385461313,11.238121484275267
2031-12-15,0.6205698995442415,0.45453784461471125,0.46458616323726387,0.28645431375547975,0.4841067550988075,0.8150230003691189,0.6045353947236107,0.3896872275567177,11.341065178426968,11.257973008475217,11.160585974659018,11.238121068780202
2031-12-16,0.620569896167126,0.4545378476395602,0.4645861626109657,0.28645430868552096,0.4841067562308946,0.8150230010862384,0.6045353913352741,0.3896872236858278,11.34106476846013,11.257972590533008,11.160585567494259,11.238120656964224
2031-12-17,0.6205698928199167,0.45453785063762564,0.4645861619902134,0.2864543036604543,0.4841067573529598,0.815023001797008,0.6045353879769341,0.3896872198492133,11.341064362123435,11.257972176291553,11.160585163934819,11.238120248794763
2031-12-18,0.6205698895023439,0.45453785360914467,0.464586161374959,0.28645429867988376,0.48410675846508916,0.8150230025014831,0.6045353846483358,0.389687216046571,11.341063959384728,11.25797176571807,11.160584763948782,11.238119844239515
2031-12-19,0.6205698862141473,0.4545378565543535,0.4645861607651507,0.28645429374341497,0.4841067595673696,0.8150230031997204,0.6045353813492079,0.38968721227760045,11.341063560212143,11.257971358780097,11.16058436750449,11.238119443266479
2031-12-22,0.6205698829550692,0.45453785947347947,0.4645861601607428,0.28645428885065743,0.48410676065989067,0.8150230038917772,0.604535378079295,0.3896872085420027,11.341063164574116,11.257970955445442,11.1605839745706,11.238119045843945
2031-12-23,0.6205698797248462,0.4545378623667573,0.4645861595616873,0.28645428400122463,0.4841067617427367,0.8150230045777047,0.6045353748383369,0.3896872048394827,11.341062772439354,11.257970555682192,11.160583585116024,11.238118651940466
2031-12-24,0.6205698765232258,0.45453786523442047,0.4645861589679334,0.2864542791947302,0.4841067628159962,0.8150230052575588,0.6045353716260738,0.38968720116974714,11.341062383776821,11.257970159458727,11.16058319910995,11.238118261524882
2031-12-25,0.6205698733499577,0.45453786807668706,0.46458615837944006,0.2864542744307958,0.48410676387975154,0.8150230059313913,0.6045353684422552,0.38968719753250614,11.341061998555775,11.257969766743704,11.160582816521845,11.238117874566317
2031-12-26,0.6205698702047855,0.4545378708937895,0.46458615779615703,0.28645426970904636,0.4841067649340857,0.81502300659926,0.6045353652866305,0.3896871939274722,11.341061616745748,11.25796937750605,11.160582437321441,11.238117491034146
2031-12-29,0.6205698670874618,0.4545378736859455,0.4645861572180373,0.28645426502910526,0.4841067659790854,0.8150230072612125,0.6045353621589437,0.38968719035435745,11.341061238316533,11.257968991714977,11.160582061478735,11.238117110898036
2031-12-30,0.6205698639977434,0.4545378764533776,0.4645861566450382,0.2864542603906039,0.48410676701483224,0.815023007917304,0.6045353590589563,0.389687186812886,11.341060863238202,11.257968609339974,11.160581688964017,11.23811673412793
2031-12-31,0.6205698609353817,0.454537879196306,0.46458615607711284,0.2864542557931748,0.48410676804140795,0.8150230085675855,0.6045353559864155,0.3896871833027698,11.341060491481064,11.257968230350782,11.160581319747799,11.238116360694
2032-01-01,0.620569857900138,0.4545378819149472,0.4645861555142139,0.2864542512364542,0.48410676905889405,0.8150230092121133,0.6045353529410818,0.38968717982373485,11.341060123015733,11.25796785471743,11.160580953800885,11.238115990566717
2032-01-02,0.6205698548917709,0.4545378846095134,0.46458615495630384,0.28645424672008246,0.48410677006737124,0.8150230098509307,0.6045353499227144,0.3896871763755062,11.341059757813053,11.2579674824102,11.160580591094318,11.238115623716801
2032-01-05,0.6205698519100395,0.45453788728022115,0.46458615440333073,0.2864542422437025,0.48410677106691713,0.8150230104840928,0.6045353469310728,0.38968717295781047,11.34105939584413,11.25796711339963,11.160580231599402,11.238115260115224
2032-01-06,0.6205698489547126,0.45453788992728184,0.46458615385525537,0.28645423780695917,0.48410677205761266,0.8150230111116459,0.6045353439659213,0.38968716957037713,11.34105903708034,11.257966747656555,11.160579875287713,11.238114899733247
2032-01-07,0.6205698460255531,0.45453789255090293,0.4645861533120316,0.2864542334095012,0.48410677303953686,0.8150230117336429,0.6045353410270262,0.3896871662129385,11.341058681493283,11.257966385152004,11.160579522131055,11.238114542542329
2032-01-08,0.620569843122332,0.4545378951512916,0.46458615277361914,0.2864542290509821,0.48410677401276603,0.8150230123501333,0.6045353381141518,0.3896871628852303,11.341058329054853,11.257966025857334,11.160579172101498,11.238114188514231
2032-01-09,0.6205698402448161,0.45453789772865527,0.46458615223997435,0.2864542247310577,0.48410677497737514,0.815023012961167,0.6045353352270738,0.3896871595869861,11.341057979737155,11.257965669744111,11.160578825171346,11.238113837620958
2032-01-12,0.6205698373927815,0.4545379002831971,0.46458615171105355,0.28645422044938257,0.4841067759334452,0.8150230135667853,0.604535332365557,0.38968715631795,11.341057633512563,11.257965316784162,11.160578481313154,11.238113489834731
2032-01-13,0.6205698345659989,0.4545379028151184,0.4645861511868138,0.28645421620562184,0.48410677688104975,0.8150230141670428,0.6045353295293799,0.3896871530778578,11.341057290353685,11.257964966949565,11.16057814049972,11.238113145128045
2032-01-14,0.6205698317642464,0.4545379053246219,0.46458615066722,0.28645421199943755,0.4841067778202625,0.8150230147619888,0.6045353267183137,0.3896871498664565,11.34105695023338,11.257964620212649,11.160577802704095,11.238112803473635
2032-01-15,0.6205698289873043,0.4545379078119034,0.46458615015222615,0.286454207830497,0.48410677875116037,0.8150230153516629,0.6045353239321407,0.3896871466834923,11.34105661312473,11.257964276545987,11.160577467899541,11.238112464844473
2032-01-16,0.6205698262349497,0.4545379102771615,0.46458614964179196,0.2864542036984729,0.4841067796738139,0.8150230159361153,0.6045353211706368,0.3896871435287083,11.341056279001082,11.25796393592239,11.16057713605959,11.238112129213771
2032-01-19,0.6205698235069681,0.45453791272059013,0.4645861491358798,0.2864541996030356,0.4841067805882969,0.8150230165153948,0.6045353184335885,0.38968714040186175,11.341055947835999,11.257963598314916,11.160576807157977,11.238111796554982
2032-01-20,0.6205698208031414,0.45453791514238184,0.46458614863444403,0.28645419554386325,0.4841067814946861,0.8150230170895454,0.6045353157207727,0.3896871373027017,11.341055619603276,11.257963263696842,11.160576481168686,11.238111466841783
2032-01-21,0.6205698181232553,0.4545379175427296,0.4645861481374491,0.2864541915206331,0.4841067823930455,0.81502301765861,0.6045353130319804,0.3896871342309843,11.341055294276963,11.257962932041726,11.160576158065934,11.238111140048087
2032-01-22,0.620569815467099,0.4545379199218262,0.4645861476448557,0.2864541875330269,0.48410678328345136,0.8150230182226367,0.6045353103669964,0.38968713118646686,11.341054971831317,11.257962603323305,11.160575837824158,11.238110816148065
2032-01-23,0.6205698128344637,0.4545379222798513,0.4645861471566237,0.2864541835807297,0.48410678416597275,0.8150230187816672,0.6045353077256085,0.3896871281689072,11.341054652240828,11.257962277515595,11.160575520418032,11.23811049511607
2032-01-26,0.6205698102251386,0.4545379246169997,0.4645861466727157,0.2864541796634297,0.48410678504068055,0.8150230193357482,0.6045353051076087,0.3896871251780668,11.34105433548022,11.257961954592814,11.160575205822438,11.238110176926721
2032-01-27,0.6205698076389178,0.454537926933455,0.46458614619309124,0.28645417578081633,0.4841067859076431,0.8150230198849262,0.6045353025127933,0.38968712221370666,11.34105402152443,11.257961634529414,11.160574894012498,11.238109861554848
2032-01-28,0.6205698050755988,0.4545379292293958,0.4645861457177147,0.2864541719325817,0.4841067867669297,0.8150230204292388,0.6045352999409503,0.389687119275598,11.341053710348621,11.25796131730008,11.160574584963532,11.238109548975494
2032-01-29,0.6205698025349746,0.45453793150500843,0.46458614524654557,0.2864541681184217,0.4841067876186055,0.8150230209687326,0.6045352973918845,0.38968711636350617,11.341053401928184,11.257961002879716,11.160574278651117,11.238109239163936
2032-01-30,0.6205698000168474,0.4545379337604697,0.4645861447795522,0.2864541643380354,0.48410678846273986,0.815023021503448,0.6045352948653863,0.38968711347719864,11.341053096238719,11.257960691243456,11.160573975051003,11.238108932095669
2032-02-02,0.6205697975210207,0.4545379359959603,0.46458614431669176,0.2864541605911249,0.4841067892994021,0.8150230220334284,0.6045352923612612,0.38968711061644906,11.341052793256035,11.257960382366637,11.160573674139163,11.23810862774639
2032-02-03,0.6205697950472897,0.4545379382116572,0.46458614385792985,0.28645415687738984,0.4841067901286552,0.8150230225587187,0.6045352898793089,0.3896871077810309,11.341052492956186,11.25796007622483,11.160573375891822,11.238108326092052
2032-02-04,0.6205697925954663,0.454537940407735,0.4645861434032294,0.2864541531965377,0.4841067909505647,0.815023023079357,0.6045352874193353,0.3896871049707184,11.341052195315385,11.257959772793813,11.160573080285362,11.238108027108757
2032-02-05,0.6205697901653504,0.4545379425843658,0.46458614295255685,0.286454149548281,0.48410679176519705,0.8150230235953847,0.6045352849811418,0.38968710218529107,11.341051900310113,11.257959472049594,11.160572787296417,11.238107730772875
2032-02-06,0.620569787756753,0.4545379447417235,0.4645861425058728,0.2864541459323287,0.4841067925726146,0.815023024106842,0.6045352825645379,0.38968709942452756,11.341051607917029,11.257959173968372,11.1605724969018,11.238107437060957
2032-02-09,0.6205697853694837,0.4545379468799795,0.46458614206314514,0.28645414234839234,0.48410679337288454,0.8150230246137701,0.6045352801693336,0.3896870966882097,11.34105131811299,11.257958878526566,11.160572209078532,11.238107145949769
2032-02-10,0.6205697830033521,0.4545379489993006,0.46458614162433814,0.28645413879619336,0.4841067941660676,0.8150230251162103,0.6045352777953379,0.3896870939761206,11.341051030875084,11.257958585700816,11.160571923803857,11.238106857416291
2032-02-11,0.6205697806581747,0.45453795109985484,0.4645861411894159,0.2864541352754463,0.4841067949522262,0.815023025614203,0.6045352754423625,0.3896870912880489,11.341050746180578,11.257958295467938,11.16057164105521,11.238106571437678
2032-02-12,0.620569778333758,0.4545379531818131,0.46458614075834465,0.2864541317858737,0.48410679573142534,0.8150230261077848,0.6045352731102231,0.38968708862377804,11.34105046400696,11.257958007804994,11.160571360810215,11.238106287991327
2032-02-13,0.6205697760299275,0.45453795524533136,0.4645861403310907,0.286454128327202,0.4841067965037229,0.815023026596997,0.6045352707987335,0.38968708598309554,11.341050184331904,11.25795772268922,11.160571083046703,11.238106007054808
2032-02-16,0.620569773746494,0.4545379572905819,0.464586139907621,0.2864541248991558,0.48410679726918315,0.8150230270818761,0.6045352685077102,0.3896870833657981,11.34104990713329,11.257957440098059,11.160570807742696,11.238105728605893
2032-02-17,0.6205697714832826,0.45453795931771984,0.4645861394879003,0.2864541215014616,0.4841067980278664,0.8150230275624615,0.6045352662369738,0.38968708077167696,11.34104963238918,11.257957160009157,11.160570534876435,11.238105452622563
2032-02-18,0.6205697692401098,0.45453796132690794,0.46458613907189594,0.28645411813385596,0.4841067987798323,0.8150230280387929,0.6045352639863438,0.3896870782005255,11.341049360077852,11.257956882400363,11.160570264426324,11.238105179082988
2032-02-19,0.6205697670167998,0.4545379633183071,0.46458613865957354,0.2864541147960667,0.4841067995251387,0.8150230285109061,0.6045352617556448,0.3896870756521377,11.34104909017776,11.257956607249703,11.160569996370958,11.238104907965518
2032-02-20,0.6205697648131769,0.4545379652920722,0.4645861382509041,0.28645411148783434,0.484106800263844,0.8150230289788387,0.6045352595446964,0.38968707312631706,11.341048822667545,11.257956334535427,11.160569730689144,11.238104639248709
2032-02-23,0.6205697626290636,0.45453796724835993,0.46458613784585384,0.2864541082088966,0.4841068009960092,0.8150230294426276,0.6045352573533249,0.38968707062286306,11.34104855752606,11.257956064235948,11.160569467359867,11.238104372911316
2032-02-24,0.6205697604642919,0.4545379691873257,0.4645861374443886,0.28645410495898976,0.48410680172169307,0.8150230299023097,0.6045352551813571,0.38968706814157555,11.341048294732323,11.257955796329895,11.160569206362293,11.238104108932248
2032-02-25,0.6205697583186908,0.45453797110912375,0.46458613704647933,0.2864541017378604,0.48410680244095,0.8150230303579228,0.6045352530286234,0.3896870656822587,11.34104803426554,11.257955530796067,11.160568947675767,11.238103847290647
2032-02-26,0.6205697561920863,0.454537973013902,0.464586136652093,0.286454098545254,0.4841068031538387,0.8150230308094984,0.6045352508949484,0.3896870632447211,11.34104777610512,11.257955267613465,11.160568691279837,11.2381035879658
2032-02-27,0.6205697540843127,0.454537974901815,0.46458613626119716,0.2864540953809184,0.4841068038604135,0.8150230312570792,0.6045352487801698,0.389687060828763,11.341047520230624,11.257955006761257,11.160568437154213,11.238103330937191
2032-03-01,0.6205697519952016,0.45453797677301244,0.46458613587376474,0.2864540922446004,0.4841068045607304,0.8150230317006959,0.6045352466841158,0.38968705843419943,11.341047266621834,11.257954748218829,11.160568185278803,11.2381030761845
2032-03-02,0.6205697499245906,0.45453797862763984,0.4645861354897617,0.2864540891360548,0.4841068052548487,0.8150230321403827,0.6045352446066196,0.38968705606084025,11.34104701525866,11.25795449196571,11.160567935633663,11.238102823687568
2032-03-03,0.6205697478723122,0.45453798046584604,0.4645861351091607,0.28645408605503325,0.484106805942822,0.8150230325761773,0.6045352425475198,0.38968705370849305,11.341046766121233,11.257954237981632,11.160567688199066,11.238102573426417
2032-03-04,0.6205697458382063,0.45453798228777575,0.46458613473192956,0.2864540830012935,0.48410680662470285,0.8150230330081133,0.6045352405066545,0.38968705137697773,11.341046519189849,11.257953986246514,11.160567442955431,11.23810232538126
2032-03-05,0.620569743822114,0.4545379840935708,0.464586134358037,0.2864540799745958,0.48410680730054445,0.8150230334362244,0.604535238483861,0.389687049066108,11.341046274444967,11.25795373674043,11.160567199883344,11.238102079532462
2032-03-08,0.6205697418238727,0.4545379858833778,0.46458613398745485,0.2864540769746947,0.48410680797040073,0.8150230338605452,0.6045352364789758,0.3896870467756975,11.341046031867226,11.257953489443656,11.16056695896359,11.23810183586058
2032-03-09,0.6205697398433256,0.45453798765733455,0.4645861336201571,0.28645407400135864,0.48410680863432776,0.815023034281108,0.6045352344918449,0.38968704450557023,11.341045791437438,11.257953244336615,11.160566720177112,11.238101594346348
2032-03-10,0.6205697378803148,0.45453798941558443,0.4645861332561091,0.2864540710543509,0.4841068092923752,0.8150230346979488,0.6045352325223101,0.389687042255543,11.341045553136585,11.257953001399926,11.160566483505017,11.238101354970643
2032-03-11,0.620569735934686,0.45453799115826615,0.46458613289528555,0.28645406813343777,0.4841068099445972,0.815023035111094,0.6045352305702152,0.38968704002544,11.341045316945815,11.257952760614364,11.160566248928582,11.238101117714542
2032-03-12,0.6205697340062847,0.45453799288551666,0.4645861325376567,0.2864540652383892,0.4841068105910411,0.8150230355205846,0.6045352286354035,0.389687037815083,11.341045082846442,11.257952521960888,11.160566016429247,11.238100882559277
2032-03-15,0.6205697320949621,0.4545379945974735,0.464586132183195,0.28645406236897514,0.484106811231763,0.8150230359264498,0.6045352267177234,0.38968703562429846,11.34104485081995,11.257952285420611,11.16056578598862,11.238100649486238
2032-03-16,0.620569730200559,0.45453799629427255,0.4645861318318703,0.2864540595249687,0.48410681186681037,0.8150230363287193,0.6045352248170257,0.3896870334529134,11.341044620847985,11.257952050974838,11.16056555758849,11.238100418476986
2032-03-17,0.6205697283229306,0.45453799797604344,0.4645861314836581,0.286454056706144,0.4841068124962355,0.8150230367274274,0.6045352229331583,0.3896870313007554,11.341044392912343,11.257951818605,11.160565331210764,11.238100189513256
2032-03-18,0.6205697264619314,0.4545379996429243,0.46458613113852854,0.28645405391228057,0.48410681312008763,0.815023037122605,0.6045352210659705,0.38968702916765285,11.34104416699501,11.257951588292734,11.160565106837545,11.238099962576928
2032-03-19,0.6205697246174098,0.4545380012950461,0.4645861307964554,0.2864540511431547,0.4841068137384157,0.8150230375142825,0.604535219215318,0.3896870270534388,11.341043943078107,11.257951360019819,11.160564884451086,11.238099737650057
2032-03-22,0.6205697227892193,0.4545380029325384,0.46458613045741,0.28645404839855065,0.48410681435126734,0.8150230379024934,0.6045352173810509,0.3896870249579451,11.341043721143924,11.257951133768186,11.16056466403379,11.23809951471484
2032-03-23,0.6205697209772172,0.4545380045555312,0.46458613012137007,0.2864540456782472,0.4841068149586921,0.8150230382872664,0.6045352155630257,0.3896870228810066,11.341043501174896,11.257950909519943,11.160564445568228,11.238099293753656
2032-03-24,0.6205697191812618,0.4545380061641535,0.4645861297883022,0.28645404298203275,0.48410681556074014,0.8150230386686316,0.6045352137611004,0.38968702082245804,11.341043283153633,11.25795068725736,11.16056422903711,11.238099074749009
2032-03-25,0.6205697174012071,0.4545380077585321,0.4645861294581857,0.28645404030969024,0.484106816157455,0.8150230390466205,0.6045352119751296,0.38968701878213935,11.341043067062879,11.257950466962832,11.160564014423306,11.238098857683596
2032-03-26,0.6205697156369152,0.4545380093387917,0.4645861291309901,0.286454037661014,0.4841068167488899,0.8150230394212629,0.604535210204973,0.3896870167598863,11.341042852885543,11.257950248618956,11.16056380170985,11.23809864254022
2032-03-29,0.620569713888244,0.4545380109050583,0.46458612880669364,0.2864540350357878,0.484106817335084,0.8150230397925882,0.6045352084504882,0.3896870147555385,11.341042640604691,11.257950032208445,11.160563590879903,11.238098429301884
2032-03-30,0.6205697121550584,0.45453801245745773,0.46458612848526704,0.2864540324338086,0.4841068179160886,0.8150230401606255,0.6045352067115422,0.38968701276894013,11.341042430203517,11.25794981771418,11.160563381916793,11.238098217951695
2032-03-31,0.6205697104372181,0.4545380139961087,0.4645861281666881,0.28645402985486906,0.48410681849194803,0.8150230405254019,0.6045352049879936,0.38968701079993034,11.341042221665381,11.257949605119203,11.160563174803995,11.238098008472953
2032-04-01,0.6205697087345918,0.45453801552113793,0.46458612785092956,0.28645402729876407,0.4841068190627112,0.8150230408869504,0.6045352032797043,0.38968700884835766,11.341042014973786,11.257949394406694,11.160562969525108,11.23809780084909
2032-04-02,0.620569707047039,0.4545380170326636,0.4645861275379696,0.28645402476529397,0.48410681962841784,0.8150230412452973,0.6045352015865426,0.38968700691406516,11.34104181011239,11.257949185559974,11.160562766063917,11.23809759506367
2032-04-05,0.6205697053744299,0.45453801853080456,0.4645861272277761,0.28645402225425726,0.48410682018911577,0.8150230416004707,0.6045351999083749,0.38968700499689873,11.341041607064975,11.257948978562531,11.160562564404296,11.238097391100416
2032-04-06,0.6205697037166316,0.4545380200156791,0.46458612692033097,0.2864540197654527,0.48410682074484945,0.8150230419524989,0.6045351982450657,0.38968700309671045,11.341041405815481,11.25794877339799,11.160562364530328,11.238097188943197
2032-04-07,0.6205697020735119,0.45453802148740463,0.4645861266156094,0.28645401729868886,0.4841068212956612,0.8150230423014103,0.6045351965964842,0.38968700121334715,11.341041206347994,11.25794857005012,11.160562166426171,11.238096988576016
2032-04-08,0.6205697004449424,0.4545380229461001,0.46458612631358326,0.2864540148537653,0.4841068218415978,0.8150230426472317,0.6045351949624993,0.38968699934666023,11.341041008646739,11.257948368502836,11.16056197007618,11.238096789983034
2032-04-09,0.6205696988307925,0.45453802439187885,0.4645861260142351,0.28645401243049234,0.4841068223826985,0.8150230429899925,0.6045351933429844,0.3896869974965014,11.341040812696061,11.257948168740187,11.1605617754648,11.23809659314853
2032-04-12,0.6205696972309349,0.454538025824857,0.4645861257175372,0.2864540100286747,0.4841068229190088,0.8150230433297172,0.6045351917378103,0.3896869956627273,11.341040618480466,11.257947970746377,11.160561582576644,11.238096398056934
2032-04-13,0.620569695645242,0.45453802724514586,0.4645861254234636,0.28645400764812673,0.4841068234505685,0.815023043666431,0.6045351901468491,0.38968699384518773,11.3410404259846,11.257947774505748,11.160561391396461,11.238096204692816
2032-04-14,0.6205696940735924,0.4545380286528571,0.4645861251319963,0.2864540052886568,0.48410682397742344,0.8150230440001669,0.604535188569975,0.3896869920437445,11.341040235193223,11.257947580002773,11.160561201909122,11.238096013040884
2032-04-15,0.6205696925158597,0.45453803004810334,0.46458612484310546,0.2864540029500797,0.484106824499612,0.8150230443309463,0.6045351870070639,0.38968699025825065,11.341040046091237,11.25794738722206,11.160561014099631,11.238095823085962
2032-04-16,0.6205696909719225,0.454538031430997,0.4645861245567797,0.2864540006322081,0.48410682501717683,0.8150230446587984,0.6045351854579922,0.38968698848856703,11.341039858663704,11.257947196148354,11.160560827953136,11.238095634813046
2032-04-19,0.6205696894416518,0.45453803280164395,0.4645861242729872,0.28645399833486324,0.48410682553015966,0.8150230449837463,0.6045351839226355,0.3896869867345537,11.341039672895786,11.257947006766559,11.16056064345492,11.238095448207224
2032-04-20,0.6205696879249338,0.4545380341601557,0.4645861239917035,0.28645399605785965,0.4841068260385997,0.8150230453058156,0.6045351824008751,0.3896869849960718,11.341039488772784,11.257946819061683,11.160560460590375,11.23809526325374
2032-04-21,0.6205696864216448,0.45453803550663685,0.4645861237129127,0.28645399380101744,0.484106826542537,0.8150230456250365,0.6045351808925903,0.38968698327298473,11.341039306280136,11.257946633018872,11.160560279345042,11.238095079937969
2032-04-22,0.6205696849316669,0.45453803684119615,0.4645861234365915,0.2864539915641607,0.4841068270420138,0.815023045941426,0.6045351793976591,0.3896869815651551,11.341039125403405,11.257946448623414,11.160560099704577,11.2380948982454
2032-04-23,0.6205696834548826,0.45453803816393834,0.4645861231627176,0.28645398934710775,0.48410682753706646,0.8150230462550182,0.6045351779159663,0.389686979872446,11.341038946128284,11.257946265860726,11.160559921654777,11.238094718161669
2032-04-26,0.6205696819911752,0.4545380394749666,0.4645861228912676,0.2864539871496885,0.4841068280277364,0.8150230465658314,0.6045351764473936,0.3896869781947266,11.34103876844059,11.257946084716341,11.16055974518156,11.238094539672518
2032-04-27,0.6205696805404282,0.45453804077438753,0.46458612262222165,0.286453984971727,0.48410682851406023,0.8150230468738924,0.6045351749918241,0.3896869765318618,11.34103859232627,11.257945905175944,11.160559570270959,11.238094362763842
2032-04-28,0.6205696791025268,0.4545380420623028,0.4645861223555573,0.2864539828130469,0.48410682899607993,0.8150230471792271,0.6045351735491419,0.38968697488372156,11.34103841777139,11.25794572722532,11.160559396909134,11.238094187421636
2032-04-29,0.6205696776773569,0.45453804333881326,0.4645861220912541,0.28645398067348654,0.48410682947382977,0.8150230474818574,0.6045351721192352,0.3896869732501757,11.341038244762132,11.257945550850392,11.160559225082372,11.23809401363203
2032-04-30,0.6205696762648081,0.4545380446040207,0.4645861218292914,0.28645397855286814,0.4841068299473494,0.8150230477818076,0.6045351707019918,0.3896869716310946,11.341038073284828,11.257945376037217,11.16055905477709,11.238093841381279
2032-05-03,0.6205696748647656,0.45453804585802515,0.46458612156964885,0.2864539764510286,0.4841068304166768,0.8150230480791019,0.6045351692972947,0.3896869700263503,11.341037903325898,11.257945202771957,11.160558885979821,11.238093670655761
2032-05-04,0.6205696734771198,0.4545380471009264,0.4645861213123059,0.286453974367799,0.4841068308818473,0.8150230483737656,0.6045351679050391,0.3896869684358144,11.341037734871911,11.257945031040908,11.16055871867719,11.238093501441965
2032-05-05,0.6205696721017624,0.45453804833282113,0.46458612105723984,0.2864539723030175,0.4841068313429,0.8150230486658177,0.6045351665251094,0.38968696685936216,11.341037567909535,11.257944860830484,11.16055855285598,11.238093333726503
2032-05-06,0.620569670738585,0.4545380495538077,0.4645861208044343,0.28645397025651775,0.4841068317998692,0.8150230489552838,0.6045351651573996,0.3896869652968685,11.341037402425549,11.257944692127227,11.160558388503054,11.238093167496116
2032-05-07,0.6205696693874756,0.45453805076398435,0.46458612055386705,0.28645396822813823,0.48410683225279305,0.8150230492421878,0.6045351638017993,0.3896869637482108,11.341037238406878,11.257944524917784,11.160558225605435,11.238093002737642
2032-05-10,0.6205696680483319,0.45453805196344316,0.464586120305518,0.28645396621772146,0.48410683270170607,0.8150230495265504,0.6045351624582038,0.38968696221326576,11.341037075840546,11.25794435918893,11.160558064150221,11.238092839438062
2032-05-11,0.6205696667210441,0.45453805315228124,0.4645861200593667,0.2864539642251045,0.4841068331466438,0.8150230498083935,0.6045351611265037,0.38968696069191544,11.34103691471369,11.257944194927564,11.160557904124644,11.238092677584445
2032-05-12,0.6205696654055078,0.45453805433059513,0.4645861198153959,0.2864539622501338,0.4841068335876423,0.8150230500877464,0.6045351598065956,0.3896869591840311,11.341036755013562,11.25794403212067,11.160557745516048,11.238092517164002
2032-05-13,0.6205696641016235,0.4545380554984729,0.464586119573586,0.28645396029264864,0.4841068340247366,0.8150230503646225,0.6045351584983748,0.3896869576895023,11.34103659672753,11.25794387075539,11.16055758831188,11.238092358164021
2032-05-14,0.6205696628092825,0.4545380566560109,0.4645861193339166,0.28645395835249654,0.4841068344579599,0.8150230506390455,0.6045351572017386,0.389686956208206,11.341036439843084,11.257943710818946,11.160557432499711,11.238092200571952
2032-05-17,0.6205696615283861,0.45453805780329665,0.4645861190963688,0.28645395642952487,0.48410683488734607,0.8150230509110408,0.6045351559165847,0.38968695474002596,11.341036284347787,11.2579435522987,11.160557278067218,11.238092044375303
2032-05-18,0.62056966025883,0.4545380589404272,0.4645861188609268,0.28645395452358036,0.4841068353129313,0.8150230511806281,0.6045351546428078,0.3896869532848463,11.34103613022936,11.257943395182096,11.160557125002173,11.238091889561739
2032-05-19,0.6205696590005167,0.4545380600674874,0.46458611862756805,0.28645395263451134,0.4841068357347492,0.8150230514478249,0.6045351533803128,0.38968695184255053,11.34103597747561,11.25794323945671,11.16055697329247,11.238091736118989
2032-05-20,0.6205696577533444,0.45453806118456624,0.46458611839627345,0.28645395076217156,0.484106836152829,0.8150230517126598,0.6045351521289947,0.38968695041302853,11.341035826074444,11.257943085110231,11.160556822926113,11.238091584034935
2032-05-21,0.6205696565172178,0.4545380622917556,0.46458611816703066,0.28645394890640913,0.48410683656720876,0.8150230519751448,0.6045351508887599,0.3896869489961623,11.341035676013897,11.257942932130444,11.160556673891206,11.23809143329754
2032-05-24,0.6205696552920317,0.45453806338914127,0.46458611793981597,0.2864539470670794,0.4841068369779192,0.8150230522353098,0.6045351496595031,0.3896869475918427,11.341035527282086,11.257942780505244,11.16055652617596,11.23809128389488
2032-05-25,0.6205696540776983,0.45453806447680856,0.4645861177146132,0.286453945244037,0.48410683738499233,0.8150230524931706,0.6045351484411312,0.38968694619995903,11.341035379867247,11.25794263022264,11.160556379768682,11.238091135815136
2032-05-26,0.6205696528741163,0.45453806555484383,0.46458611749140394,0.286453943437137,0.48410683778846153,0.8150230527487488,0.6045351472335507,0.38968694482039756,11.341035233757728,11.257942481270742,11.160556234657804,11.238090989046588
2032-05-27,0.6205696516811936,0.4545380666233372,0.4645861172701732,0.2864539416462366,0.4841068381883578,0.8150230530020613,0.60453514603666,0.3896869434530536,11.341035088941963,11.25794233363777,11.16055609083183,11.238090843577638
2032-05-28,0.6205696504988316,0.45453806768236626,0.46458611705089903,0.2864539398711929,0.48410683858471365,0.8150230532531315,0.6045351448503675,0.3896869420978158,11.341034945408495,11.25794218731205,11.160555948279404,11.238090699396773
2032-05-31,0.6205696493269394,0.4545380687320193,0.46458611683356804,0.28645393811186676,0.48410683897755913,0.8150230535019801,0.604535143674581,0.38968694075457905,11.341034803145979,11.257942042282,11.160555806989233,11.238090556492583
2032-06-01,0.6205696481654247,0.4545380697723771,0.4645861166181623,0.2864539363681209,0.4841068393669259,0.815023053748623,0.6045351425092061,0.38968693942323723,11.341034662143148,11.257941898536139,11.160555666950136,11.23809041485376
2032-06-02,0.6205696470141934,0.45453807080352376,0.4645861164046605,0.2864539346398154,0.48410683975284585,0.8150230539930841,0.6045351413541487,0.3896869381036823,11.34103452238886,11.257941756063111,11.16055552815105,11.238090274469121
2032-06-03,0.6205696458731588,0.45453807182553946,0.46458611619305235,0.28645393292681165,0.48410684013534944,0.8150230542353802,0.6045351402093182,0.3896869367958129,11.341034383872046,11.257941614851635,11.160555390580988,11.238090135327537
2032-06-04,0.6205696447422266,0.45453807283850517,0.46458611598331545,0.28645393122897567,0.48410684051446357,0.8150230544755303,0.6045351390746264,0.38968693549952366,11.341034246581767,11.257941474890542,11.160555254229065,11.23808999741801
2032-06-07,0.6205696436213065,0.45453807384250255,0.46458611577543724,0.2864539295461733,0.48410684089022255,0.8150230547135529,0.604535137949982,0.3896869342147126,11.341034110507145,11.257941336168766,11.160555119084503,11.238089860729634
2032-06-08,0.6205696425103129,0.45453807483760833,0.46458611556940016,0.2864539278782728,0.4841068412626537,0.8150230549494698,0.6045351368352961,0.38968693294127843,11.34103397563743,11.257941198675333,11.1605549851366,11.238089725251585
2032-06-09,0.620569641409157,0.45453807582390404,0.464586115365187,0.28645392622514065,0.48410684163178686,0.8150230551832967,0.6045351357304791,0.3896869316791202,11.341033841961941,11.257941062399357,11.160554852374768,11.238089590973162
2032-06-10,0.6205696403177527,0.45453807680146335,0.46458611516278137,0.28645392458664776,0.48410684199765236,0.8150230554150522,0.604535134635445,0.3896869304281381,11.341033709470114,11.25794092733007,11.160554720788502,11.238089457883737
2032-06-11,0.6205696392360098,0.4545380777703716,0.4645861149621698,0.28645392296266337,0.48410684236027757,0.8150230556447576,0.6045351335501111,0.38968692918823283,11.341033578151453,11.257940793456779,11.160554590367394,11.238089325972771
2032-06-14,0.6205696381638475,0.4545380787306975,0.4645861147633319,0.28645392135305675,0.4841068427196922,0.8150230558724261,0.6045351324743816,0.38968692795930693,11.341033447995596,11.25794066076889,11.160554461101125,11.238089195229836
2032-06-15,0.6205696371011782,0.4545380796825195,0.46458611456625565,0.2864539197577037,0.48410684307592217,0.8150230560980826,0.60453513140818,0.38968692674126276,11.341033318992206,11.257940529255913,11.160554332979464,11.238089065644592
2032-06-16,0.6205696360479186,0.45453808062591555,0.46458611437092545,0.28645391817647764,0.4841068434290003,0.8150230563217394,0.60453513035142,0.3896869255340028,11.34103319113112,11.257940398907454,11.160554205992295,11.23808893720679
2032-06-17,0.6205696350039831,0.4545380815609571,0.46458611417732454,0.28645391660925223,0.4841068437789542,0.8150230565434134,0.6045351293040169,0.3896869243374328,11.341033064402199,11.25794026971318,11.160554080129543,11.238088809906266
2032-06-18,0.6205696339692953,0.4545380824877172,0.4645861139854369,0.2864539150559029,0.48410684412580496,0.8150230567631266,0.6045351282658876,0.389686923151459,11.341032938795422,11.257940141662893,11.16055395538128,11.238088683732943
2032-06-21,0.6205696329437673,0.454538083406275,0.46458611379525083,0.2864539135163107,0.48410684446958596,0.8150230569808965,0.6045351272369516,0.3896869219759879,11.341032814300865,11.257940014746444,11.160553831737626,11.238088558676855
2032-06-22,0.6205696319273211,0.4545380843166952,0.4645861136067463,0.28645391199034986,0.48410684481032173,0.8150230571967336,0.6045351262171255,0.38968692081092265,11.341032690908667,11.257939888953814,11.160553709188793,11.238088434728098
2032-06-23,0.6205696309198739,0.45453808521905725,0.46458611341991124,0.286453910477901,0.48410684514804125,0.8150230574106614,0.6045351252063301,0.3896869196561754,11.34103256860906,11.257939764275022,11.160553587725094,11.238088311876867
2032-06-24,0.6205696299213475,0.4545380861134271,0.46458611323472965,0.2864539089788446,0.484106845482773,0.8150230576226949,0.6045351242044833,0.389686918511652,11.341032447392392,11.257939640700236,11.160553467336923,11.238088190113452
2032-06-25,0.6205696289316631,0.45453808699987797,0.4645861130511901,0.28645390749306143,0.48410684581453745,0.8150230578328524,0.6045351232115103,0.3896869173772628,11.341032327249058,11.25793951821967,11.16055334801475,11.238088069428217
2032-06-28,0.6205696279507429,0.45453808787847877,0.46458611286927476,0.2864539060204345,0.4841068461433641,0.8150230580411479,0.6045351222273292,0.38968691625291985,11.341032208169553,11.257939396823623,11.160553229749139,11.23808794981161
2032-06-29,0.620569626978508,0.4545380887493012,0.46458611268897104,0.2864539045608463,0.4841068464692816,0.815023058247598,0.604535121251862,0.3896869151385321,11.34103209014446,11.257939276502505,11.160553112530742,11.238087831254173
2032-06-30,0.6205696260148823,0.4545380896124121,0.464586112510262,0.28645390311418334,0.48410684679231275,0.8150230584522222,0.604535120285032,0.38968691403401173,11.34103197316445,11.257939157246797,11.160552996350267,11.238087713746525
2032-07-01,0.6205696250597863,0.4545380904678819,0.46458611233313696,0.28645390168033025,0.48410684711248186,0.8150230586550321,0.6045351193267643,0.38968691293927216,11.341031857220257,11.257939039047063,11.160552881198544,11.238087597279371
2032-07-02,0.6205696241131508,0.4545380913157755,0.46458611215758006,0.28645390025917333,0.48410684742981697,0.8150230588560499,0.6045351183769804,0.3896869118542257,11.34103174230272,11.257938921893954,11.160552767066454,11.238087481843502
2032-07-05,0.6205696231748965,0.45453809215616137,0.46458611198357785,0.2864538988506008,0.48410684774434165,0.8150230590552857,0.6045351174356074,0.3896869107787869,11.341031628402742,11.257938805778188,11.160552653944967,11.23808736742978
2032-07-06,0.6205696222449482,0.45453809298910647,0.46458611181111603,0.2864538974545002,0.4841068480560821,0.8150230592527544,0.6045351165025686,0.3896869097128694,11.34103151551132,11.257938690690608,11.160552541825135,11.23808725402916
2032-07-07,0.6205696213232359,0.45453809381467514,0.4645861116401804,0.2864538960707618,0.4841068483650623,0.8150230594484776,0.604535115577793,0.3896869086563924,11.341031403619509,11.257938576622086,11.160552430698093,11.238087141632672
2032-07-08,0.6205696204096864,0.4545380946329334,0.46458611147075984,0.2864538946992765,0.48410684867130527,0.8150230596424671,0.6045351146612064,0.3896869076092701,11.341031292718462,11.257938463563608,11.16055232055505,11.23808703023141
2032-07-09,0.620569619504226,0.4545380954439472,0.4645861113028387,0.28645389333993443,0.48410684897483824,0.8150230598347408,0.6045351137527336,0.38968690657141786,11.34103118279942,11.25793835150623,11.160552211387284,11.238086919816583
2032-07-12,0.6205696186067807,0.45453809624777886,0.4645861111364045,0.28645389199262894,0.4841068492756816,0.8150230600253077,0.6045351128523079,0.3896869055427585,11.341031073853676,11.257938240441085,11.160552103186173,11.238086810379444
2032-07-13,0.620569617717284,0.45453809704449355,0.46458611097144276,0.286453890657254,0.4841068495738631,0.8150230602141902,0.6045351119598543,0.38968690452320415,11.341030965872612,11.25793813035939,11.160551995943143,11.238086701911339
2032-07-14,0.6205696168356623,0.4545380978341527,0.4645861108079452,0.28645388933370314,0.484106849869402,0.8150230604013999,0.6045351110753021,0.38968690351268104,11.341030858847692,11.257938021252436,11.160551889649723,11.238086594403683
2032-07-15,0.6205696159618491,0.45453809861682104,0.46458611064589206,0.2864538880218722,0.4841068501623269,0.8150230605869528,0.6045351101985822,0.3896869025111032,11.341030752770438,11.25793791311159,11.160551784297498,11.238086487847971
2032-07-16,0.6205696150957705,0.4545380993925586,0.4645861104852754,0.2864538867216577,0.48410685045265656,0.8150230607708617,0.6045351093296258,0.38968690151839397,11.341030647632472,11.257937805928293,11.160551679878138,11.238086382235785
2032-07-19,0.6205696142373652,0.4545381001614255,0.46458611032607966,0.2864538854329535,0.48410685074041604,0.8150230609531417,0.6045351084683664,0.3896869005344752,11.341030543425473,11.257937699694082,11.16055157638338,11.238086277558763
2032-07-20,0.6205696133865563,0.45453810092348707,0.4645861101682944,0.2864538841556628,0.4841068510256242,0.8150230611338083,0.6045351076147295,0.3896868995592688,11.341030440141195,11.257937594400541,11.160551473805034,11.238086173808629
2032-07-21,0.6205696125432816,0.45453810167879793,0.46458611001190653,0.28645388288968127,0.48410685130831,0.8150230613128732,0.6045351067686524,0.3896868985926997,11.341030337771464,11.257937490039337,11.160551372134991,11.238086070977154
2032-07-22,0.6205696117074744,0.45453810242742443,0.46458610985690235,0.2864538816349123,0.4841068515884915,0.8150230614903566,0.6045351059300684,0.38968689763468806,11.341030236308187,11.25793738660223,11.1605512713652,11.238085969056238
2032-07-23,0.6205696108790699,0.4545381031694195,0.46458610970327363,0.2864538803912506,0.48410685186619373,0.8150230616662651,0.6045351050989076,0.3896868966851584,11.341030135743338,11.257937284081015,11.1605511714877,11.23808586803779
2032-07-26,0.6205696100579992,0.45453810390484384,0.46458610955100027,0.2864538791586015,0.48410685214143595,0.8150230618406161,0.6045351042751081,0.38968689574403775,11.341030036068958,11.257937182467598,11.160551072494586,11.238085767913839
2032-07-27,0.6205696092441979,0.4545381046337599,0.4645861094000786,0.2864538779368683,0.4841068524142417,0.8150230620134251,0.6045351034586024,0.3896868948112499,11.341029937277177,11.257937081753942,11.16055097437803,11.238085668676456
2032-07-28,0.6205696084376036,0.45453810535621736,0.46458610925049226,0.286453876725953,0.48410685268463016,0.8150230621847026,0.6045351026493276,0.3896868938867208,11.341029839360154,11.257936981932074,11.16055087713026,11.238085570317788
2032-07-29,0.620569607638151,0.4545381060722786,0.46458610910223175,0.2864538755257584,0.48410685295262523,0.8150230623544611,0.6045351018472177,0.38968689297037823,11.341029742310164,11.257936882994098,11.16055078074359,11.238085472830047
2032-07-30,0.6205696068457793,0.4545381067819992,0.46458610895528485,0.2864538743361935,0.4841068532182481,0.8150230625227223,0.6045351010522122,0.38968689206215157,11.341029646119518,11.257936784932191,11.160550685210396,11.238085376205541
2032-08-02,0.6205696060604197,0.45453810748543766,0.4645861088096367,0.28645387315715976,0.4841068534815197,0.815023062689489,0.6045351002642416,0.38968689116196514,11.341029550780616,11.257936687738589,11.160550590523126,11.238085280436609
2032-08-03,0.6205696052820175,0.4545381081826455,0.4645861086652785,0.28645387198856775,0.4841068537424579,0.8150230628547814,0.6045350994832525,0.3896868902697505,11.341029456285906,11.257936591405604,11.160550496674276,11.23808518551569
2032-08-04,0.6205696045105069,0.4545381088736821,0.46458610852220084,0.28645387083032164,0.48410685400108616,0.8150230630186105,0.604535098709177,0.3896868893854352,11.341029362627921,11.257936495925625,11.160550403656432,11.23808509143527
2032-08-05,0.6205696037458295,0.4545381095585975,0.46458610838038594,0.28645386968233166,0.484106854257425,0.8150230631809859,0.604535097941957,0.3896868885089501,11.341029269799254,11.257936401291087,11.16055031146223,11.238084998187896
2032-08-06,0.6205696029879212,0.45453811023744745,0.46458610823983043,0.2864538685445084,0.4841068545114935,0.8150230633419258,0.6045350971815286,0.38968688764022724,11.341029177792551,11.257936307494512,11.160550220084382,11.2380849057662
2032-08-09,0.6205696022367226,0.4545381109102885,0.46458610810051787,0.28645386741675877,0.4841068547633115,0.8150230635014406,0.6045350964278358,0.3896868867791969,11.341029086600543,11.257936214528485,11.160550129515656,11.238084814162875
2032-08-10,0.6205696014921764,0.4545381115771706,0.46458610796243915,0.2864538662989963,0.48410685501290296,0.8150230636595427,0.6045350956808151,0.3896868859257889,11.341028996216009,11.257936122385637,11.160550039748893,11.238084723370665
2032-08-11,0.6205696007542254,0.4545381122381484,0.4645861078255856,0.28645386519112953,0.4841068552602821,0.8150230638162445,0.6045350949404097,0.38968688507993937,11.3410289066318,11.257936031058687,11.160549950776984,11.238084633382392
2032-08-12,0.6205696000228063,0.4545381128932723,0.46458610768993946,0.2864538640930742,0.48410685550546984,0.8150230639715578,0.6045350942065598,0.38968688424157755,11.34102881784084,11.257935940540404,11.160549862592898,11.238084544190936
2032-08-13,0.6205695992978659,0.454538113542595,0.4645861075554967,0.2864538630047421,0.4841068557484852,0.8150230641254975,0.6045350934792091,0.389686883410641,11.341028729836097,11.257935850823642,11.160549775189656,11.238084455789254
2032-08-16,0.6205695985793426,0.4545381141861703,0.46458610742224293,0.2864538619260456,0.4841068559893522,0.8150230642780735,0.6045350927582972,0.38968688258706213,11.341028642610604,11.257935761901292,11.160549688560339,11.238084368170332
2032-08-17,0.6205695978671819,0.45453811482404566,0.4645861072901723,0.2864538608569007,0.48410685622808625,0.8150230644293,0.6045350920437695,0.38968688177077465,11.341028556157472,11.257935673766323,11.160549602698104,11.238084281327263
2032-08-18,0.620569597161327,0.45453811545627265,0.46458610715926857,0.28645385979722227,0.48410685646470486,0.8150230645791847,0.6045350913355685,0.3896868809617174,11.341028470469857,11.257935586411762,11.160549517596154,11.238084195253153
2032-08-19,0.6205695964617228,0.4545381160829013,0.4645861070295244,0.2864538587469292,0.4841068566992299,0.8150230647277423,0.6045350906336402,0.38968688015981984,11.341028385540973,11.257935499830701,11.160549433247747,11.238084109941202
2032-08-20,0.6205695957683134,0.45453811670398236,0.46458610690092894,0.2864538577059336,0.4841068569316748,0.8150230648749857,0.604535089937927,0.389686879365027,11.341028301364114,11.257935414016291,11.160549349646228,11.238084025384673
2032-08-23,0.6205695950810444,0.45453811731956295,0.4645861067734726,0.28645385667415774,0.48410685716206603,0.8150230650209269,0.6045350892483701,0.3896868785772702,11.34102821793261,11.257935328961736,11.16054926678497,11.238083941576853
2032-08-24,0.620569594399861,0.45453811792969234,0.4645861066471444,0.286453855651517,0.4841068573904146,0.8150230651655739,0.6045350885649234,0.3896868777964897,11.341028135239878,11.257935244660318,11.160549184657432,11.238083858511134
2032-08-25,0.6205695937247084,0.4545381185344204,0.464586106521934,0.28645385463793116,0.48410685761674155,0.8150230653089396,0.6045350878875257,0.38968687702262106,11.34102805327936,11.25793516110536,11.1605491032571,11.23808377618094
2032-08-26,0.6205695930555336,0.4545381191337933,0.46458610639783376,0.28645385363332093,0.4841068578410623,0.8150230654510378,0.6045350872161281,0.38968687625560433,11.341027972044575,11.257935078290258,11.160549022577543,11.238083694579743
2032-08-27,0.6205695923922857,0.4545381197278576,0.4645861062748326,0.28645385263760575,0.4841068580634006,0.8150230655918747,0.6045350865506739,0.3896868754953822,11.341027891529103,11.25793499620846,11.160548942612387,11.238083613701109
2032-08-30,0.620569591734909,0.45453812031666563,0.4645861061529192,0.28645385165070786,0.4841068582837681,0.815023065731468,0.6045350858911132,0.38968687474188896,11.341027811726574,11.257934914853479,11.160548863355295,11.23808353353863
2032-08-31,0.6205695910833537,0.45453812090025575,0.4645861060320857,0.28645385067254914,0.48410685850218393,0.8150230658698223,0.6045350852373925,0.3896868739950686,11.341027732630668,11.25793483421886,11.160548784800001,11.238083454085967
2032-09-01,0.620569590437569,0.4545381214786808,0.46458610591232424,0.2864538497030495,0.4841068587186671,0.815023066006952,0.604535084589462,0.3896868732548611,11.341027654235134,11.25793475429824,11.16054870694029,11.238083375336837
2032-09-02,0.6205695897975005,0.45453812205198263,0.4645861057936195,0.28645384874213625,0.48410685893323246,0.8150230661428706,0.604535083947266,0.3896868725212077,11.341027576533769,11.257934675085293,11.160548629770004,11.238083297285003
2032-09-03,0.6205695891631009,0.45453812262020865,0.4645861056759693,0.28645384778973093,0.4841068591458997,0.8150230662775829,0.6045350833107572,0.38968687179405276,11.341027499520422,11.257934596573753,11.160548553283034,11.238083219924288
2032-09-06,0.620569588534319,0.4545381231834029,0.4645861055593582,0.28645384684575903,0.48410685935668135,0.8150230664111023,0.604535082679886,0.3896868710733345,11.341027423189015,11.25793451875741,11.160548477473334,11.238083143248582
2032-09-07,0.6205695879111053,0.45453812374161184,0.4645861054437819,0.2864538459101462,0.48410685956559846,0.8150230665434405,0.604535082054599,0.389686870358998,11.341027347533489,11.257934441630109,11.160548402334914,11.238083067251818
2032-09-08,0.6205695872934072,0.45453812429487495,0.4645861053292266,0.2864538449828196,0.48410685977266477,0.8150230666746054,0.60453508143485,0.38968686965098603,11.341027272547876,11.257934365185744,11.160548327861814,11.238082991927987
2032-09-09,0.6205695866811809,0.45453812484324163,0.464586105215686,0.28645384406370056,0.4841068599778981,0.8150230668046086,0.604535080820586,0.38968686894924537,11.341027198226238,11.257934289418275,11.160548254048155,11.238082917271125
2032-09-10,0.6205695860743774,0.4545381253867508,0.46458610510315096,0.28645384315272154,0.4841068601813145,0.8150230669334646,0.6045350802117642,0.3896868682537162,11.341027124562688,11.2579342143217,11.160548180888094,11.238082843275318
2032-09-13,0.6205695854729438,0.4545381259254485,0.46458610499161584,0.2864538422498095,0.4841068603829266,0.8150230670611752,0.6045350796083322,0.38968686756434706,11.341027051551421,11.25793413989009,11.160548108375849,11.238082769934731
2032-09-14,0.6205695848768366,0.45453812645937564,0.4645861048810652,0.2864538413548921,0.48410686058275637,0.8150230671877571,0.6045350790102447,0.38968686688108195,11.341026979186632,11.257934066117532,11.160548036505665,11.238082697243549
2032-09-15,0.6205695842860082,0.4545381269885764,0.4645861047714932,0.2864538404678979,0.48410686078081644,0.8150230673132202,0.6045350784174515,0.3896868662038668,11.341026907462624,11.257933992998225,11.16054796527187,11.23808262519603
2032-09-16,0.6205695837004115,0.4545381275130903,0.46458610466289235,0.28645383958875886,0.4841068609771225,0.8150230674375681,0.6045350778299078,0.38968686553264664,11.341026836373704,11.257933920526362,11.160547894668841,11.238082553786468
2032-09-17,0.6205695831199984,0.4545381280329598,0.46458610455525257,0.28645383871740576,0.48410686117168866,0.8150230675608169,0.604535077247567,0.38968686486737225,11.34102676591425,11.257933848696211,11.160547824690969,11.238082483009212
2032-09-20,0.6205695825447259,0.4545381285482253,0.46458610444856585,0.28645383785376555,0.48410686136453507,0.815023067682974,0.6045350766703815,0.38968686420798776,11.341026696078698,11.2579337775021,11.160547755332733,11.23808241285867
2032-09-21,0.620569581974548,0.4545381290589292,0.46458610434282566,0.2864538369977736,0.48410686155567184,0.8150230678040485,0.6045350760983085,0.3896868635544422,11.341026626861526,11.257933706938394,11.160547686588655,11.238082343329292
2032-09-22,0.6205695814094179,0.4545381295651108,0.46458610423801966,0.2864538361493599,0.4841068617451182,0.8150230679240538,0.6045350755312989,0.389686862906685,11.341026558257244,11.257933636999505,11.16054761845327,11.238082274415579
2032-09-23,0.6205695808492915,0.4545381300668107,0.46458610413414253,0.2864538353084626,0.4841068619328851,0.8150230680429933,0.6045350749693124,0.3896868622646605,11.341026490260436,11.257933567679903,11.160547550921212,11.238082206112068
2032-09-24,0.6205695802941268,0.4545381305640672,0.4645861040311845,0.28645383447500705,0.4841068621189887,0.8150230681608818,0.6045350744123004,0.38968686162832233,11.341026422865717,11.257933498974108,11.160547483987129,11.238082138413368
2032-09-27,0.6205695797438773,0.45453813105692037,0.46458610392913885,0.2864538336489334,0.4841068623034469,0.815023068277727,0.604535073860221,0.38968686099761946,11.341026356067756,11.257933430876683,11.160547417645727,11.238082071314121
2032-09-28,0.6205695791984973,0.45453813154541206,0.4645861038279962,0.286453832830175,0.4841068624862686,0.8150230683935366,0.6045350733130311,0.38968686037250005,11.341026289861277,11.25793336338223,11.16054735189176,11.238082004809012
2032-09-29,0.6205695786579497,0.45453813202957544,0.4645861037277488,0.2864538320186648,0.48410686266747427,0.8150230685083173,0.6045350727706846,0.38968685975291706,11.341026224241027,11.257933296485433,11.160547286720014,11.23808193889279
2032-09-30,0.6205695781221864,0.45453813250945446,0.46458610362839153,0.2864538312143427,0.48410686284707427,0.8150230686220873,0.6045350722331416,0.38968685913882023,11.341026159201833,11.257933230180981,11.16054722212535,11.238081873560239
2032-10-01,0.6205695775911684,0.4545381329850825,0.4645861035299118,0.28645383041713984,0.4841068630250852,0.8150230687348472,0.6045350717003579,0.3896868585301591,11.34102609473854,11.257933164463633,11.160547158102657,11.238081808806184
2032-10-04,0.6205695770648525,0.4545381334564973,0.4645861034323047,0.2864538296269976,0.4841068632015184,0.8150230688466069,0.6045350711722933,0.38968685792688945,11.34102603084605,11.257933099328202,11.160547094646866,11.238081744625509
2032-10-05,0.6205695765431964,0.454538133923741,0.46458610333556083,0.28645382884385023,0.4841068633763903,0.8150230689573794,0.6045350706489028,0.3896868573289603,11.341025967519306,11.257933034769513,11.160547031752955,11.238081681013133
2032-10-06,0.6205695760261598,0.454538134386846,0.46458610323967375,0.28645382806763875,0.4841068635497129,0.8150230690671719,0.604535070130147,0.3896868567363263,11.341025904753305,11.257932970782482,11.160546969415947,11.238081617964031
2032-10-07,0.6205695755137013,0.4545381348458488,0.46458610314463633,0.28645382729829993,0.4841068637215008,0.8150230691759897,0.6045350696159846,0.3896868561489406,11.341025842543068,11.257932907362028,11.160546907630918,11.238081555473203
2032-10-08,0.6205695750057798,0.4545381353007907,0.46458610305044257,0.2864538265357748,0.48410686389176916,0.8150230692838472,0.6045350691063759,0.38968685556675514,11.341025780883701,11.257932844503149,11.160546846392982,11.238081493535715
2032-10-11,0.6205695745023563,0.4545381357517028,0.4645861029570808,0.28645382578000095,0.48410686406052716,0.8150230693907472,0.6045350686012795,0.38968685498972394,11.3410257197703,11.257932782200868,11.160546785697282,11.238081432146663
2032-10-12,0.620569574003389,0.45453813619862193,0.4645861028645465,0.2864538250309181,0.48410686422779337,0.8150230694967013,0.6045350681006533,0.3896868544178041,11.341025659198042,11.257932720450253,11.160546725539021,11.238081371301195
2032-10-13,0.6205695735088422,0.45453813664158177,0.46458610277282864,0.28645382428846833,0.48410686439357464,0.8150230696017137,0.6045350676044636,0.3896868538509494,11.34102559916213,11.257932659246421,11.160546665913454,11.238081310994497
2032-10-14,0.6205695730186734,0.4545381370806222,0.4645861026819271,0.28645382355259325,0.48410686455789376,0.8150230697058012,0.6045350671126647,0.3896868532891106,11.34102553965782,11.257932598584526,11.16054660681584,11.23808125122179
2032-10-15,0.6205695725328453,0.4545381375157743,0.4645861025918273,0.2864538228232337,0.4841068647207545,0.815023069808964,0.6045350666252218,0.3896868527322474,11.341025480680402,11.25793253845978,11.160546548241534,11.238081191978361
2032-10-18,0.6205695720513206,0.45453813794707243,0.46458610250252746,0.2864538221003332,0.4841068648821729,0.8150230699112158,0.6045350661420955,0.38968685218031657,11.341025422225215,11.257932478867426,11.160546490185874,11.238081133259511
2032-10-19,0.6205695715740558,0.4545381383745528,0.4645861024140176,0.2864538213838335,0.48410686504216127,0.8150230700125615,0.6045350656632471,0.3896868516332728,11.341025364287626,11.257932419802732,11.160546432644281,11.238081075060599
2032-10-20,0.6205695711010215,0.4545381387982469,0.4645861023262916,0.28645382067367764,0.48410686520073587,0.815023070113009,0.6045350651886371,0.38968685109107276,11.34102530686306,11.257932361261044,11.160546375612206,11.23808101737702
2032-10-21,0.6205695706321723,0.45453813921819075,0.4645861022393413,0.2864538199698116,0.48410686535790504,0.8150230702125676,0.6045350647182304,0.3896868505536723,11.341025249946968,11.257932303237723,11.160546319085134,11.23808096020421
2032-10-22,0.6205695701674745,0.4545381396344151,0.4645861021531603,0.28645381927217756,0.4841068655136813,0.815023070311246,0.6045350642519909,0.38968685002103004,11.341025193534861,11.257932245728187,11.16054626305859,11.238080903537654
2032-10-25,0.6205695697068955,0.4545381400469535,0.4645861020677444,0.2864538185807186,0.4841068656680797,0.8150230704090488,0.6045350637898763,0.38968684949310756,11.341025137622255,11.25793218872787,11.16054620752814,11.238080847372862
2032-10-26,0.6205695692503898,0.45453814045583935,0.4645861019830845,0.2864538178953835,0.48410686582110973,0.8150230705059854,0.6045350633318559,0.38968684896985845,11.341025082204737,11.25793213223228,11.160546152489394,11.238080791705382
2032-10-27,0.6205695687979293,0.45453814086110406,0.46458610189917277,0.2864538172161169,0.48410686597278674,0.8150230706020631,0.6045350628778899,0.38968684845124213,11.341025027277933,11.257932076236946,11.160546097938008,11.238080736530831
2032-10-28,0.6205695683494741,0.454538141262781,0.4645861018160067,0.2864538165428656,0.48410686612311893,0.8150230706972912,0.6045350624279455,0.38968684793721686,11.341024972837483,11.25793202073743,11.160546043869655,11.238080681844835
2032-10-29,0.6205695679049905,0.45453814166090156,0.46458610173357595,0.28645381587557556,0.4841068662721211,0.8150230707916756,0.6045350619819833,0.3896868474277439,11.341024918879087,11.257931965729346,11.160545990280061,11.238080627643063
2032-11-01,0.6205695674644414,0.45453814205549636,0.4645861016518747,0.2864538152141941,0.48410686641980133,0.8150230708852233,0.6045350615399708,0.3896868469227834,11.341024865398479,11.257931911208336,11.160545937164985,11.238080573921232
2032-11-02,0.6205695670277958,0.45453814244659757,0.46458610157089725,0.28645381455866753,0.4841068665661763,0.8150230709779468,0.6045350611018708,0.38968684642229273,11.341024812391433,11.2579318571701,11.160545884520232,11.238080520675092
2032-11-03,0.6205695665950131,0.454538142834235,0.4645861014906364,0.28645381390894864,0.48410686671125547,0.815023071069846,0.6045350606676534,0.3896868459262325,11.341024759853738,11.257931803610353,11.160545832341628,11.238080467900433
2032-11-04,0.6205695661660655,0.4545381432184405,0.4645861014110861,0.2864538132649811,0.4841068668550481,0.81502307116093,0.604535060237277,0.3896868454345665,11.34102470778125,11.257931750524866,11.160545780625048,11.238080415593073
2032-11-05,0.6205695657409159,0.454538143599243,0.4645861013322407,0.28645381262671654,0.48410686699756944,0.8150230712512118,0.6045350598107145,0.3896868449472538,11.341024656169848,11.257931697909433,11.16054572936641,11.238080363748876
2032-11-08,0.6205695653195298,0.4545381439766739,0.46458610125409167,0.2864538119941008,0.4841068671388276,0.8150230713406896,0.604535059387928,0.38968684446425544,11.341024605015457,11.257931645759891,11.160545678561633,11.238080312363758
2032-11-09,0.6205695649018741,0.45453814435076556,0.4645861011766369,0.2864538113670876,0.4841068672788359,0.8150230714293775,0.6045350589688848,0.38968684398553627,11.341024554314012,11.25793159407212,11.160545628206739,11.238080261433627
2032-11-10,0.620569564487917,0.45453814472154086,0.4645861010998662,0.2864538107456288,0.48410686741760417,0.8150230715172815,0.6045350585535524,0.3896868435110535,11.34102450406152,11.257931542842028,11.160545578297715,11.238080210954475
2032-11-11,0.6205695640776274,0.45453814508903506,0.464586101023775,0.2864538101296743,0.4841068675551416,0.8150230716044047,0.6045350581418978,0.38968684304077034,11.341024454253995,11.257931492065568,11.160545528830617,11.238080160922296
2032-11-12,0.6205695636709698,0.45453814545327487,0.46458610094836245,0.28645380951916793,0.48410686769146316,0.8150230716907583,0.6045350577338886,0.3896868425746563,11.341024404887502,11.257931441738709,11.160545479801542,11.238080111333131
2032-11-15,0.6205695632679114,0.45453814581429014,0.4645861008736117,0.2864538089140715,0.48410686782657864,0.8150230717763446,0.6045350573294898,0.3896868421126669,11.341024355958133,11.257931391857484,11.160545431206598,11.23808006218307
2032-11-16,0.6205695628684234,0.45453814617210775,0.46458610079952634,0.28645380831433304,0.4841068679604954,0.8150230718611755,0.6045350569286753,0.3896868416547699,11.341024307462028,11.257931342417946,11.160545383041955,11.23808001346822
2032-11-17,0.6205695624724716,0.45453814652675506,0.46458610072609613,0.2864538077199028,0.48410686809322834,0.8150230719452527,0.6045350565314083,0.38968684120092734,11.341024259395336,11.257931293416176,11.16054533530379,11.238079965184728
2032-11-18,0.6205695620800278,0.4545381468782659,0.4645861006533164,0.28645380713073804,0.48410686822478566,0.8150230720285894,0.6045350561376586,0.38968684075110105,11.341024211754252,11.257931244848299,11.160545287988327,11.238079917328761
2032-11-19,0.620569561691059,0.4545381472266621,0.4645861005811785,0.2864538065467878,0.4841068683551774,0.8150230721111841,0.6045350557473953,0.3896868403052588,11.341024164535028,11.257931196710485,11.160545241091842,11.238079869896557
2032-11-22,0.6205695613055326,0.4545381475719743,0.46458610050968185,0.2864538059680099,0.4841068684844147,0.8150230721930494,0.6045350553605877,0.38968683986336466,11.34102411773391,11.25793114899891,11.160545194610606,11.238079822884348
2032-11-23,0.6205695609234199,0.454538147914229,0.464586100438819,0.28645380539435666,0.4841068686125071,0.8150230722741891,0.6045350549772067,0.38968683942538257,11.341024071347203,11.25793110170981,11.160545148540944,11.238079776288407
2032-11-24,0.6205695605446928,0.45453814825345173,0.4645861003685806,0.28645380482578486,0.48410686873946607,0.8150230723546129,0.6045350545972197,0.38968683899127937,11.341024025371228,11.257931054839434,11.160545102879217,11.238079730105074
2032-11-25,0.6205695601693166,0.4545381485896713,0.4645861002989667,0.28645380426224676,0.4841068688653007,0.8150230724343217,0.6045350542205957,0.3896868385610218,11.341023979802372,11.257931008384087,11.160545057621812,11.238079684330673
2032-11-26,0.6205695597972672,0.4545381489229132,0.46458610022996805,0.28645380370369683,0.4841068689900216,0.8150230725133251,0.6045350538473089,0.3896868381345706,11.341023934637004,11.257930962340088,11.160545012765146,11.238079638961588
2032-11-29,0.6205695594285106,0.45453814925320474,0.4645861001615815,0.2864538031500946,0.484106869113638,0.8150230725916315,0.6045350534773266,0.38968683771189794,11.341023889871565,11.257930916703794,11.160544968305672,11.238079593994238
2032-11-30,0.6205695590630176,0.45453814958057426,0.4645861000937994,0.2864538026013938,0.48410686923615837,0.8150230726692418,0.6045350531106186,0.3896868372929673,11.341023845502509,11.257930871471592,11.16054492423987,11.238079549425054
2032-12-01,0.6205695587007625,0.45453814990504227,0.46458610002661843,0.28645380205754845,0.48410686935759506,0.8150230727461635,0.6045350527471605,0.3896868368777466,11.341023801526331,11.257930826639916,11.160544880564256,11.238079505250521
2032-12-02,0.6205695583417151,0.45453815022663746,0.46458609996003386,0.2864538015185214,0.48410686947795795,0.8150230728224065,0.6045350523869194,0.3896868364662013,11.341023757939546,11.257930782205205,11.160544837275387,11.238079461467144
2032-12-03,0.6205695579858466,0.4545381505453856,0.4645860998940338,0.2864538009842679,0.4841068695972521,0.8150230728979748,0.604535052029869,0.3896868360583002,11.341023714738714,11.257930738163953,11.160544794369821,11.238079418071445
2032-12-06,0.6205695576331296,0.45453815086131066,0.4645860998286203,0.28645380045474556,0.4841068697154907,0.8150230729728745,0.6045350516759804,0.38968683565401113,11.341023671920404,11.257930694512671,11.160544751844178,11.238079375060009
2032-12-07,0.6205695572835358,0.4545381511744388,0.4645860997637893,0.28645379992991055,0.48410686983268375,0.8150230730471086,0.6045350513252228,0.3896868352533023,11.341023629481242,11.257930651247909,11.16054470969508,11.238079332429429
2032-12-08,0.6205695569370369,0.454538151484794,0.46458609969952913,0.28645379940972354,0.48410686994883745,0.8150230731206874,0.6045350509775732,0.3896868348561437,11.341023587417864,11.257930608366243,11.160544667919199,11.238079290176326
2032-12-09,0.6205695565936086,0.45453815179240165,0.4645860996358381,0.2864537988941425,0.4841068700639628,0.8150230731936132,0.604535050633002,0.3896868344624991,11.341023545726944,11.25793056586428,11.16054462651323,11.23807924829736
2032-12-10,0.620569556253218,0.4545381520972852,0.4645860995727132,0.28645379838312457,0.48410687017806947,0.8150230732658922,0.6045350502914797,0.38968683407234,11.34102350440519,11.257930523738663,11.160544585473906,11.238079206789228
2032-12-13,0.6205695559158424,0.4545381523994695,0.464586099510145,0.28645379787663416,0.4841068702911656,0.8150230733375339,0.6045350499529839,0.38968683368563556,11.341023463449323,11.257930481986053,11.160544544797965,11.238079165648633
2032-12-14,0.6205695555814557,0.45453815269897757,0.46458609944813267,0.2864537973746279,0.4841068704032602,0.8150230734085411,0.6045350496174849,0.38968683330235654,11.341023422856113,11.257930440603149,11.160544504482203,11.238079124872325
2032-12-15,0.6205695552500271,0.4545381529958338,0.46458609938666606,0.286453796877067,0.4841068705143631,0.8150230734789172,0.6045350492849555,0.3896868329224718,11.341023382622335,11.25793039958668,11.160544464523422,11.23807908445707
2032-12-16,0.620569554921536,0.4545381532900593,0.4645860993257481,0.2864537963839101,0.48410687062448077,0.8150230735486717,0.6045350489553712,0.38968683254594977,11.341023342744817,11.257930358933399,11.160544424918468,11.238079044399695
2032-12-17,0.6205695545959535,0.45453815358168304,0.46458609926536754,0.28645379589512365,0.48410687073362496,0.8150230736178102,0.6045350486287074,0.3896868321727613,11.341023303220412,11.257930318640089,11.1605443856642,11.238079004697008
2032-12-20,0.6205695542732526,0.4545381538707214,0.46458609920551996,0.2864537954106625,0.4841068708418024,0.8150230736863329,0.6045350483049329,0.38968683180287855,11.34102326404597,11.257930278703562,11.16054434675751,11.238078965345881
2032-12-21,0.6205695539534097,0.4545381541572012,0.4645860991462052,0.2864537949304912,0.4841068709490205,0.8150230737542509,0.6045350479840268,0.38968683143626975,11.341023225218414,11.257930239120666,11.16054430819534,11.238078926343189
2032-12-22,0.6205695536363984,0.45453815444114715,0.4645860990874152,0.28645379445457136,0.4841068710552896,0.8150230738215667,0.6045350476659612,0.3896868310729094,11.341023186734663,11.257930199888266,11.160544269974617,11.238078887685859
2032-12-23,0.6205695533221938,0.4545381547225759,0.46458609902914294,0.2864537939828689,0.4841068711606187,0.8150230738882874,0.6045350473507136,0.38968683071276217,11.341023148591672,11.257930161003255,11.160544232092333,11.23807884937083
2032-12-24,0.6205695530107729,0.4545381550015134,0.4645860989713881,0.28645379351533956,0.4841068712650139,0.8150230739544173,0.6045350470382564,0.3896868303558084,11.341023110786436,11.257930122462557,11.160544194545484,11.238078811395072
2032-12-27,0.6205695527021091,0.45453815527798047,0.4645860989141464,0.2864537930519518,0.48410687136848596,0.8150230740199604,0.604535046728565,0.38968683000201426,11.341023073315943,11.257930084263123,11.160544157331103,11.238078773755566
2032-12-28,0.6205695523961768,0.45453815555200183,0.4645860988574111,0.28645379259266596,0.48410687147104237,0.8150230740849241,0.6045350464216174,0.3896868296513513,11.341023036177244,11.257930046401944,11.160544120446243,11.238078736449356
2032-12-29,0.620569552092954,0.45453815582359447,0.4645860988011776,0.28645379213744804,0.4841068715726888,0.815023074149311,0.604535046117389,0.3896868293037958,11.341022999367398,11.257930008876006,11.160544083887988,11.238078699473478
2032-12-30,0.6205695517924182,0.4545381560927826,0.4645860987454409,0.28645379168626056,0.4841068716734358,0.8150230742131298,0.604535045815851,0.38968682895931417,11.34102296288349,11.257929971682348,11.16054404765344,11.238078662825005
2032-12-31,0.6205695514945411,0.4545381563595876,0.46458609869019796,0.2864537912390675,0.4841068717732915,0.8150230742763823,0.6045350455169841,0.38968682861788734,11.341022926722635,11.257929934818034,11.160544011739734,11.238078626501052
2033-01-03,0.6205695511993,0.4545381566240316,0.46458609863544575,0.2864537907958346,0.4841068718722615,0.8150230743390786,0.6045350452207644,0.3896868282794798,11.34102289088197,11.257929898280137,11.160543976144044,11.23807859049874
2033-01-04,0.6205695509066784,0.4545381568861321,0.46458609858117705,0.28645379035652807,0.48410687197035607,0.8150230744012166,0.60453504492717,0.38968682794406845,11.341022855358673,11.257929862065776,11.160543940863542,11.238078554815209
2033-01-05,0.6205695506166449,0.45453815714591234,0.46458609852738975,0.28645378992110937,0.48410687206758324,0.8150230744628023,0.60453504463617,0.38968682761163004,11.341022820149918,11.257929826172083,11.160543905895434,11.23807851944765
2033-01-06,0.620569550329181,0.4545381574033916,0.4645860984740775,0.2864537894895466,0.4841068721639469,0.8150230745238445,0.6045350443477489,0.38968682728213405,11.341022785252926,11.257929790596217,11.160543871236964,11.23807848439326
2033-01-07,0.6205695500442607,0.4545381576585915,0.46458609842123944,0.2864537890618052,0.4841068722594585,0.8150230745843456,0.6045350440618835,0.38968682695555673,11.341022750664939,11.257929755335358,11.16054383688537,11.238078449649255
2033-01-10,0.6205695497618637,0.4545381579115302,0.4645860983688675,0.2864537886378523,0.48410687235412503,0.815023074644313,0.6045350437785493,0.38968682663187,11.341022716383218,11.257929720386727,11.160543802837966,11.238078415212911
2033-01-11,0.6205695494819681,0.4545381581622293,0.46458609831695874,0.2864537882176522,0.48410687244795386,0.8150230747037474,0.6045350434977221,0.3896868263110493,11.34102268240505,11.257929685747559,11.160543769092033,11.238078381081488
2033-01-12,0.6205695492045498,0.4545381584107119,0.4645860982655115,0.2864537878011722,0.48410687254095097,0.815023074762656,0.6045350432193816,0.389686825993069,11.341022648727748,11.257929651415111,11.16054373564491,11.238078347252285
2033-01-13,0.6205695489295879,0.454538158656991,0.4645860982145189,0.28645378738838256,0.4841068726331229,0.815023074821042,0.6045350429435067,0.3896868256779044,11.34102261534865,11.257929617386667,11.160543702493955,11.238078313722628
2033-01-14,0.6205695486570633,0.45453815890109095,0.46458609816397767,0.28645378697924695,0.4841068727244813,0.8150230748789139,0.6045350426700736,0.38968682536553184,11.341022582265115,11.257929583659534,11.160543669636542,11.238078280489868
2033-01-17,0.6205695483869469,0.4545381591430323,0.46458609811388435,0.2864537865737344,0.48410687281502895,0.815023074936272,0.6045350423990623,0.3896868250559253,11.341022549474518,11.257929550231033,11.160543637070067,11.238078247551371
2033-01-18,0.6205695481192266,0.4545381593828246,0.4645860980642343,0.28645378617181033,0.4841068729047767,0.8150230749931211,0.6045350421304513,0.3896868247490593,11.341022516974277,11.25792951709855,11.160543604791965,11.238078214904549
2033-01-19,0.6205695478538766,0.4545381596204975,0.4645860980150252,0.2864537857734465,0.48410687299372845,0.8150230750494687,0.6045350418642187,0.3896868244449096,11.341022484761819,11.257929484259435,11.16054357279967,11.238078182546788
2033-01-20,0.6205695475908728,0.4545381598560666,0.4645860979662499,0.2864537853786115,0.4841068730818931,0.8150230751053152,0.6045350416003421,0.38968682414345396,11.341022452834586,11.257929451711098,11.160543541090655,11.23807815047555
2033-01-21,0.6205695473301998,0.45453816008954967,0.4645860979179061,0.2864537849872704,0.48410687316927614,0.8150230751606681,0.6045350413388022,0.3896868238446693,11.341022421190061,11.25792941945097,11.16054350966242,11.238078118688293
2033-01-24,0.6205695470718358,0.4545381603209646,0.46458609786999167,0.28645378459939713,0.48410687325588686,0.8150230752155303,0.6045350410795796,0.38968682354852835,11.341022389825744,11.257929387476496,11.160543478512475,11.238078087182503
2033-01-25,0.6205695468157582,0.4545381605503287,0.46458609782250176,0.2864537842149556,0.4841068733417286,0.8150230752699076,0.6045350408226517,0.3896868232550094,11.341022358739142,11.257929355785153,11.160543447638348,11.238078055955699
2033-01-26,0.6205695465619503,0.4545381607776629,0.4645860977754315,0.28645378383391934,0.48410687342681,0.8150230753238027,0.6045350405679987,0.38968682296408963,11.341022327927808,11.257929324374421,11.160543417037598,11.238078025005382
2033-01-27,0.6205695463103891,0.45453816100298355,0.4645860977287793,0.28645378345625866,0.48410687351114134,0.8150230753772231,0.6045350403156001,0.3896868226757474,11.341022297389296,11.257929293241821,11.160543386707815,11.238077994329132
2033-01-28,0.6205695460610539,0.45453816122631086,0.4645860976825403,0.2864537830819395,0.48410687359472415,0.8150230754301678,0.6045350400654365,0.3896868223899564,11.341022267121192,11.257929262384888,11.160543356646592,11.238077963924505
2033-01-31,0.620569545813928,0.454538161447659,0.46458609763670716,0.2864537827109361,0.4841068736775661,0.8150230754826445,0.6045350398174897,0.38968682210669714,11.341022237121107,11.257929231801185,11.160543326851553,11.238077933789098
2033-02-01,0.6205695455689884,0.45453816166705,0.4645860975912846,0.28645378234321733,0.4841068737596754,0.8150230755346553,0.6045350395717355,0.38968682182594483,11.341022207386661,11.257929201488302,11.160543297320336,11.238077903920539
2033-02-02,0.6205695453262178,0.4545381618844961,0.4645860975462587,0.286453781978755,0.48410687384105744,0.8150230755862056,0.6045350393281592,0.38968682154767953,11.341022177915502,11.257929171443823,11.160543268050615,11.238077874316463
2033-02-03,0.6205695450855989,0.45453816210001696,0.46458609750163804,0.2864537816175186,0.4841068739217199,0.8150230756373021,0.6045350390867404,0.38968682127187837,11.34102214870531,11.257929141665374,11.160543239040061,11.238077844974507
2033-02-04,0.6205695448471101,0.4545381623136302,0.4645860974574094,0.286453781259484,0.48410687400166685,0.8150230756879445,0.6045350388474584,0.38968682099851826,11.341022119753754,11.257929112150606,11.160543210286392,11.238077815892371
2033-02-07,0.6205695446107329,0.4545381625253512,0.46458609741357265,0.28645378090461715,0.4841068740809066,0.8150230757381401,0.604535038610295,0.3896868207275796,11.341022091058562,11.257929082897187,11.160543181787327,11.23807778706775
2033-02-08,0.6205695443764475,0.4545381627351982,0.4645860973701235,0.2864537805528932,0.48410687415944376,0.8150230757878894,0.6045350383752318,0.38968682045904096,11.34102206261746,11.257929053902798,11.16054315354062,11.238077758498367
2033-02-09,0.6205695441442374,0.45453816294318555,0.46458609732705847,0.28645378020428247,0.4841068742372852,0.8150230758371984,0.6045350381422511,0.38968682019287965,11.341022034428192,11.257929025165142,11.160543125544015,11.23807773018195
2033-02-10,0.6205695439140838,0.45453816314933204,0.4645860972843763,0.28645377985875997,0.48410687431443844,0.8150230758860684,0.6045350379113309,0.38968681992907267,11.341022006488533,11.257928996681951,11.16054309779532,11.238077702116264
2033-02-11,0.6205695436859682,0.45453816335365427,0.46458609724207145,0.2864537795162972,0.48410687439090794,0.8150230759345094,0.6045350376824576,0.38968681966760416,11.341021978796267,11.25792896845097,11.160543070292333,11.238077674299102
2033-02-14,0.6205695434598719,0.4545381635561655,0.46458609720014027,0.28645377917686454,0.4841068744667021,0.8150230759825201,0.6045350374556091,0.38968681940844957,11.34102195134921,11.257928940469968,11.160543043032872,11.238077646728248
2033-02-15,0.6205695432357767,0.45453816375688316,0.4645860971585827,0.2864537788404396,0.484106874541823,0.8150230760301052,0.6045350372307707,0.3896868191515916,11.34102192414519,11.257928912736725,11.160543016014786,11.238077619401519
2033-02-16,0.6205695430136678,0.4545381639558247,0.4645860971173895,0.28645377850699394,0.48410687461627855,0.8150230760772684,0.6045350370079231,0.3896868188970071,11.341021897182056,11.257928885249058,11.16054298923594,11.238077592316767
2033-02-17,0.6205695427935263,0.4545381641530064,0.46458609707656395,0.2864537781765,0.4841068746900763,0.8150230761240176,0.6045350367870479,0.3896868186446747,11.341021870457666,11.257928858004782,11.160542962694207,11.238077565471842
2033-02-18,0.620569542575333,0.45453816434844024,0.46458609703609766,0.2864537778489327,0.4841068747632206,0.8150230761703502,0.6045350365681288,0.38968681839457814,11.34102184396992,11.257928831001749,11.1605429363875,11.238077538864625
2033-02-21,0.62056954235907,0.454538164542144,0.46458609699599307,0.2864537775242662,0.4841068748357149,0.8150230762162723,0.6045350363511482,0.38968681814669853,11.341021817716706,11.25792880423781,11.160542910313724,11.238077512492989
2033-02-22,0.620569542144725,0.4545381647341307,0.4645860969562402,0.286453777202474,0.4841068749075692,0.815023076261788,0.60453503613609,0.3896868179010105,11.341021791695958,11.257928777710868,11.160542884470827,11.238077486354888
2033-02-23,0.6205695419322752,0.4545381649244196,0.46458609691684233,0.2864537768835316,0.4841068749787867,0.8150230763068992,0.604535035922934,0.38968681765749863,11.341021765905623,11.257928751418811,11.160542858856767,11.238077460448219
2033-02-24,0.6205695417217083,0.4545381651130226,0.46458609687779223,0.28645377656741094,0.4841068750493756,0.8150230763516128,0.6045350357116676,0.389686817416145,11.341021740343644,11.25792872535956,11.160542833469506,11.238077434770947
2033-02-25,0.6205695415130055,0.4545381652999575,0.4645860968390876,0.2864537762540909,0.4841068751193369,0.8150230763959313,0.6045350355022694,0.38968681717692616,11.341021715008022,11.257928699531066,11.160542808307037,11.238077409321047
2033-02-28,0.6205695413061496,0.45453816548523607,0.46458609680072466,0.2864537759435468,0.4841068751886794,0.8150230764398562,0.6045350352947283,0.3896868169398278,11.341021689896722,11.25792867393126,11.160542783367378,11.238077384096483
2033-03-01,0.6205695411011255,0.45453816566887334,0.464586096762704,0.28645377563575203,0.4841068752574087,0.8150230764833932,0.6045350350890231,0.38968681670482674,11.34102166500779,11.25792864855814,11.16054275864856,11.238077359095291
2033-03-02,0.6205695408979169,0.454538165850885,0.46458609672501683,0.28645377533068206,0.4841068753255291,0.815023076526544,0.60453503488514,0.3896868164719072,11.341021640339234,11.257928623409693,11.160542734148615,11.238077334315472
2033-03-03,0.6205695406965104,0.4545381660312835,0.46458609668766426,0.2864537750283121,0.48410687539304653,0.8150230765693111,0.6045350346830609,0.3896868162410501,11.341021615889114,11.257928598483929,11.1605427098656,11.238077309755072
2033-03-04,0.6205695404968831,0.4545381662100877,0.4645860966506447,0.28645377472862127,0.4841068754599645,0.815023076611703,0.6045350344827733,0.38968681601223665,11.341021591655492,11.257928573778871,11.160542685797612,11.23807728541214
2033-03-07,0.620569540299027,0.45453816638730526,0.46458609661394956,0.2864537744315848,0.4841068755262905,0.8150230766537163,0.6045350342842568,0.38968681578545,11.341021567636451,11.257928549292577,11.160542661942744,11.238077261284769
2033-03-08,0.6205695401029206,0.45453816656295576,0.4645860965775813,0.28645377413717693,0.4841068755920308,0.8150230766953588,0.6045350340874996,0.38968681556067025,11.341021543830092,11.257928525023082,11.160542638299095,11.238077237371025
2033-03-09,0.6205695399085539,0.45453816673705016,0.4645860965415365,0.28645377384537546,0.4841068756571881,0.815023076736631,0.6045350338924848,0.38968681533788446,11.341021520234534,11.257928500968504,11.160542614864811,11.238077213669042
2033-03-10,0.6205695397159035,0.45453816690960364,0.46458609650580746,0.2864537735561605,0.4841068757217676,0.815023076777539,0.6045350336991957,0.3896868151170671,11.341021496847905,11.257928477126915,11.16054259163802,11.238077190176925
2033-03-11,0.6205695395249623,0.45453816708062933,0.4645860964703977,0.2864537732695034,0.48410687578577627,0.8150230768180864,0.6045350335076216,0.38968681489820794,11.34102147366835,11.257928453496438,11.160542568616906,11.238077166892822
2033-03-14,0.6205695393357109,0.4545381672501401,0.46458609643529986,0.2864537729853869,0.4841068758492169,0.8150230768582741,0.604535033317739,0.3896868146812849,11.341021450694054,11.257928430075205,11.160542545799629,11.238077143814898
2033-03-15,0.6205695391481344,0.4545381674181507,0.4645860964005145,0.286453772703785,0.4841068759120992,0.8150230768981049,0.6045350331295405,0.38968681446628517,11.341021427923188,11.25792840686136,11.1605425231844,11.238077120941323
2033-03-16,0.6205695389622201,0.45453816758467036,0.46458609636603443,0.2864537724246775,0.4841068759744202,0.8150230769375826,0.6045350329430063,0.3896868142531859,11.341021405353946,11.25792838385306,11.160542500769413,11.238077098270287
2033-03-17,0.6205695387779521,0.4545381677497179,0.46458609633186054,0.28645377214804085,0.4841068760361924,0.8150230769767117,0.6045350327581254,0.3896868140419746,11.34102138298455,11.257928361048501,11.160542478552909,11.238077075799996
2033-03-18,0.6205695385953143,0.454538167913305,0.4645860962979902,0.2864537718738525,0.48410687609741576,0.8150230770154945,0.604535032574882,0.3896868138326343,11.341021360813228,11.257928338445865,11.160542456533124,11.238077053528672
2033-03-21,0.6205695384142945,0.45453816807544334,0.46458609626442093,0.2864537716020922,0.48410687615809833,0.8150230770539336,0.60453503239326,0.3896868136251463,11.341021338838223,11.257928316043362,11.160542434708317,11.238077031454548
2033-03-22,0.6205695382348773,0.45453816823614496,0.46458609623114744,0.2864537713327408,0.484106876218243,0.8150230770920326,0.6045350322132469,0.3896868134194979,11.341021317057807,11.257928293839234,11.160542413076767,11.238077009575886
2033-03-23,0.6205695380570513,0.4545381683954233,0.4645860961981664,0.28645377106577175,0.4841068762778539,0.8150230771297933,0.6045350320348276,0.38968681321566817,11.341021295470245,11.257928271831716,11.160542391636755,11.238076987890961
2033-03-24,0.6205695378807954,0.4545381685532929,0.4645860961654804,0.28645377080116713,0.4841068763369397,0.8150230771672203,0.6045350318579893,0.389686813013645,11.341021274073833,11.25792825001906,11.160542370386585,11.23807696639804
2033-03-25,0.6205695377061027,0.4545381687097634,0.46458609613308266,0.28645377053890586,0.48410687639550076,0.8150230772043145,0.6045350316827144,0.38968681281341,11.341021252866883,11.25792822839956,11.160542349324585,11.23807694509544
2033-03-28,0.620569537532958,0.45453816886484955,0.46458609610097285,0.2864537702789663,0.48410687645354367,0.8150230772410841,0.6045350315089929,0.38968681261494686,11.341021231847714,11.25792820697149,11.160542328449074,11.238076923981462
2033-03-29,0.6205695373613445,0.4545381690185614,0.46458609606914675,0.28645377002133104,0.4841068765110721,0.815023077277524,0.60453503133681,0.3896868124182418,11.341021211014667,11.257928185733162,11.160542307758416,11.238076903054449
2033-03-30,0.6205695371912521,0.4545381691709115,0.4645860960376004,0.28645376976597514,0.4841068765680915,0.8150230773136435,0.6045350311661496,0.38968681222328033,11.341021190366085,11.257928164682891,11.160542287250966,11.238076882312734
2033-03-31,0.6205695370226627,0.45453816932191354,0.464586096006338,0.28645376951288043,0.4841068766246062,0.8150230773494406,0.6045350309970038,0.38968681203004335,11.341021169900344,11.25792814381901,11.160542266925104,11.238076861754678
2033-04-01,0.6205695368555701,0.45453816947157794,0.46458609597535094,0.2864537692620254,0.48410687668062047,0.8150230773849234,0.6045350308293524,0.38968681183851733,11.34102114961582,11.257928123139875,11.160542246779217,11.238076841378659
2033-04-04,0.6205695366899551,0.45453816961991916,0.4645860959446358,0.2864537690133939,0.48410687673613695,0.8150230774200925,0.6045350306631888,0.3896868116486875,11.341021129510905,11.257928102643845,11.160542226811723,11.238076821183064
2033-04-05,0.6205695365258054,0.4545381697669454,0.4645860959141924,0.28645376876696294,0.4841068767911646,0.8150230774549476,0.6045350304984927,0.3896868114605369,11.34102110958401,11.257928082329308,11.16054220702103,11.238076801166295
2033-04-06,0.6205695363631123,0.4545381699126695,0.46458609588402,0.2864537685227144,0.4841068768457045,0.815023077489497,0.6045350303352578,0.3896868112740563,11.341021089833573,11.257928062194644,11.160542187405587,11.238076781326772
2033-04-07,0.6205695362018564,0.454538170057103,0.46458609585411526,0.2864537682806258,0.4841068768997613,0.8150230775237373,0.6045350301734675,0.38968681108922415,11.34102107025801,11.257928042238266,11.16054216796382,11.238076761662912
2033-04-08,0.6205695360420289,0.45453817020025833,0.46458609582447496,0.28645376804068456,0.48410687695333937,0.8150230775576747,0.6045350300131104,0.38968681090602825,11.34102105085579,11.257928022458598,11.160542148694207,11.23807674217318
2033-04-11,0.6205695358836201,0.45453817034214694,0.4645860957950987,0.2864537678028659,0.48410687700644,0.8150230775913135,0.6045350298541727,0.3896868107244561,11.341021031625361,11.25792800285407,11.160542129595228,11.238076722856022
2033-04-12,0.6205695357266113,0.4545381704827767,0.4645860957659785,0.2864537675671557,0.4841068770590744,0.8150230776246544,0.6045350296966427,0.3896868105444908,11.34102101256523,11.257927983423146,11.160542110665357,11.23807670370991
2033-04-13,0.6205695355709921,0.4545381706221627,0.4645860957371204,0.2864537673335295,0.4841068771112409,0.8150230776576994,0.604535029540506,0.3896868103661201,11.34102099367386,11.257927964164269,11.160542091903105,11.23807668473333
2033-04-14,0.6205695354167513,0.4545381707603132,0.46458609570851533,0.2864537671019749,0.48410687716294487,0.8150230776904508,0.6045350293857538,0.38968681018932677,11.341020974949766,11.257927945075918,11.16054207330699,11.23807666592478
2033-04-15,0.6205695352638781,0.45453817089724236,0.46458609568016435,0.28645376687246893,0.4841068772141928,0.8150230777229133,0.6045350292323711,0.3896868100141018,11.341020956391468,11.257927926156595,11.160542054875542,11.238076647282782
2033-04-18,0.6205695351123575,0.4545381710329575,0.46458609565206394,0.28645376664499483,0.48410687726498525,0.8150230777550892,0.6045350290803465,0.38968680984042586,11.3410209379975,11.257927907404797,11.160542036607293,11.238076628805846
2033-04-19,0.6205695349621763,0.4545381711674719,0.46458609562421216,0.2864537664195333,0.48410687731532964,0.815023077786979,0.6045350289296673,0.3896868096682886,11.341020919766407,11.257927888819037,11.160542018500804,11.238076610492525
2033-04-20,0.6205695348133283,0.454538171300795,0.4645860955966087,0.2864537661960725,0.4841068773652273,0.8150230778185864,0.6045350287803237,0.3896868094976756,11.34102090169674,11.257927870397854,11.160542000554642,11.238076592341347
2033-04-21,0.6205695346657978,0.4545381714329361,0.46458609556924757,0.2864537659745875,0.48410687741468367,0.8150230778499148,0.6045350286323029,0.38968680932857336,11.341020883787076,11.257927852139776,11.160541982767386,11.238076574350913
2033-04-22,0.6205695345195716,0.45453817156390924,0.46458609554212965,0.2864537657550643,0.48410687746370096,0.8150230778809652,0.6045350284855897,0.3896868091609686,11.341020866035993,11.257927834043372,11.160541965137636,11.238076556519761
2033-04-25,0.6205695343746416,0.454538171693723,0.46458609551525193,0.28645376553748425,0.48410687751228487,0.8150230779117413,0.6045350283401794,0.3896868089948458,11.341020848442101,11.257927816107216,11.160541947663988,11.238076538846506
2033-04-26,0.6205695342309936,0.45453817182238604,0.4645860954886125,0.28645376532183253,0.4841068775604391,0.8150230779422446,0.6045350281960542,0.3896868088301984,11.341020831003997,11.257927798329868,11.16054193034507,11.23807652132975
2033-04-27,0.620569534088618,0.45453817194990964,0.4645860954622095,0.2864537651080887,0.48410687760816673,0.8150230779724764,0.6045350280532066,0.38968680866700617,11.341020813720293,11.257927780709933,11.1605419131795,11.238076503968092
2033-04-28,0.6205695339475056,0.4545381720763054,0.4645860954360377,0.2864537648962377,0.4841068776554719,0.8150230780024422,0.6045350279116225,0.3896868085052592,11.341020796589637,11.25792776324602,11.160541896165931,11.238076486760162
2033-04-29,0.6205695338076405,0.454538172201581,0.4645860954100992,0.2864537646862635,0.4841068777023593,0.8150230780321414,0.6045350277712921,0.3896868083449433,11.341020779610663,11.257927745936747,11.160541879303006,11.238076469704609
2033-05-02,0.6205695336690147,0.4545381723257467,0.4645860953843909,0.28645376447814774,0.48410687774882816,0.8150230780615793,0.6045350276322053,0.38968680818604967,11.341020762782033,11.257927728780738,11.160541862589398,11.238076452800076
2033-05-03,0.6205695335316137,0.4545381724488142,0.46458609535891,0.2864537642718749,0.48410687779488815,0.8150230780907552,0.6045350274943493,0.3896868080285611,11.34102074610242,11.25792771177664,11.160541846023785,11.238076436045233
2033-05-04,0.6205695333954333,0.45453817257078977,0.4645860953336556,0.28645376406742956,0.4841068778405401,0.815023078119673,0.6045350273577141,0.3896868078724675,11.341020729570493,11.257927694923119,11.160541829604867,11.238076419438743
2033-05-05,0.6205695332604554,0.45453817269168756,0.4645860953086219,0.28645376386479404,0.48410687788578605,0.8150230781483345,0.6045350272222908,0.389686807717755,11.341020713184957,11.257927678218815,11.160541813331314,11.238076402979296
2033-05-06,0.6205695331266762,0.45453817281151343,0.4645860952838125,0.2864537636639509,0.4841068779306334,0.8150230781767424,0.6045350270880635,0.3896868075644132,11.341020696944513,11.257927661662425,11.160541797201873,11.238076386665599
2033-05-09,0.6205695329940781,0.45453817293027976,0.46458609525922057,0.28645376346489015,0.48410687797508145,0.8150230782048995,0.6045350269550268,0.38968680741242906,11.341020680847869,11.257927645252652,11.160541781215246,11.238076370496353
2033-05-10,0.6205695328626568,0.4545381730479935,0.46458609523484884,0.2864537632675886,0.48410687801913904,0.8150230782328061,0.6045350268231683,0.38968680726179045,11.341020664893758,11.25792762898817,11.160541765370178,11.238076354470278
2033-05-11,0.620569532732397,0.45453817316466594,0.46458609521069166,0.2864537630720352,0.48410687806280506,0.8150230782604657,0.6045350266924757,0.38968680711248843,11.34102064908091,11.257927612867702,11.160541749665407,11.238076338586106
2033-05-12,0.6205695326032927,0.45453817328030344,0.4645860951867471,0.2864537628782122,0.4841068781060836,0.8150230782878811,0.6045350265629419,0.38968680696450486,11.341020633408089,11.25792759688999,11.160541734099708,11.238076322842595
2033-05-13,0.6205695324753278,0.45453817339491764,0.46458609516301785,0.2864537626861072,0.48410687814897957,0.8150230783150534,0.6045350264345545,0.38968680681783324,11.34102061787404,11.257927581053744,11.160541718671837,11.238076307238485
2033-05-16,0.6205695323485007,0.45453817350851694,0.46458609513949567,0.2864537624957032,0.48410687819149467,0.8150230783419841,0.6045350263073015,0.38968680667246164,11.341020602477546,11.257927565357724,11.160541703380568,11.238076291772536
2033-05-17,0.6205695322227949,0.4545381736211126,0.46458609511618476,0.28645376230698294,0.48410687823363524,0.8150230783686772,0.6045350261811796,0.38968680652837545,11.341020587217375,11.257927549800694,11.160541688224702,11.238076276443536
2033-05-18,0.6205695320982019,0.4545381737327079,0.4645860950930786,0.2864537621199354,0.48410687827540244,0.8150230783951357,0.6045350260561723,0.389686806385565,11.34102057209233,11.257927534381405,11.160541673203035,11.238076261250276
2033-05-19,0.6205695319747131,0.4545381738433173,0.46458609507017623,0.28645376193454436,0.4841068783167978,0.8150230784213582,0.6045350259322715,0.3896868062440181,11.34102055710122,11.257927519098669,11.160541658314385,11.238076246191547
2033-05-20,0.620569531852317,0.45453817395294477,0.4645860950474767,0.28645376175079457,0.4841068783578286,0.8150230784473491,0.6045350258094682,0.3896868061037269,11.341020542242848,11.257927503951242,11.160541643557568,11.238076231266154
2033-05-23,0.6205695317310036,0.45453817406160335,0.46458609502498005,0.28645376156867053,0.48410687839849453,0.8150230784731085,0.6045350256877539,0.3896868059646777,11.341020527516038,11.257927488937943,11.160541628931416,11.238076216472923
2033-05-24,0.6205695316107644,0.4545381741693016,0.4645860950026811,0.2864537613881606,0.48410687843880273,0.8150230784986404,0.6045350255671154,0.38968680582685716,11.341020512919634,11.257927474057585,11.160541614434782,11.238076201810685
2033-05-25,0.6205695314915909,0.4545381742760445,0.4645860949805812,0.2864537612092491,0.4841068784787509,0.8150230785239484,0.6045350254475449,0.3896868056902593,11.341020498452473,11.257927459308986,11.160541600066505,11.238076187278272
2033-05-26,0.6205695313734728,0.4545381743818414,0.46458609495867453,0.2864537610319225,0.48410687851834855,0.8150230785490304,0.6045350253290337,0.3896868055548715,11.341020484113411,11.257927444690973,11.160541585825449,11.238076172874536
2033-05-27,0.6205695312564008,0.4545381744867017,0.464586094936963,0.2864537608561632,0.48410687855759404,0.8150230785738896,0.6045350252115711,0.3896868054206818,11.34102046990133,11.257927430202415,11.160541571710501,11.23807615859835
2033-05-30,0.6205695311403643,0.45453817459063506,0.46458609491544256,0.2864537606819639,0.4841068785964907,0.81502307859853,0.6045350250951519,0.3896868052876774,11.341020455815089,11.257927415842142,11.160541557720538,11.238076144448568
2033-05-31,0.6205695310253566,0.45453817469364505,0.46458609489411395,0.2864537605093068,0.48410687863504476,0.815023078622952,0.6045350249797606,0.38968680515585563,11.341020441853571,11.25792740160902,11.160541543854446,11.238076130424076
2033-06-01,0.6205695309113668,0.45453817479574504,0.46458609487297436,0.28645376033817505,0.48410687867325636,0.8150230786471563,0.604535024865391,0.38968680502519776,11.341020428015684,11.257927387501933,11.160541530111137,11.238076116523773
2033-06-02,0.6205695307983855,0.4545381748969411,0.46458609485202146,0.2864537601685623,0.48410687871112945,0.815023078671147,0.6045350247520344,0.3896868048956999,11.341020414300324,11.25792737351976,11.16054151648952,11.238076102746552
2033-06-03,0.6205695306864059,0.45453817499724025,0.46458609483125624,0.2864537600004481,0.484106878748668,0.8150230786949274,0.6045350246396828,0.3896868047673455,11.341020400706412,11.257927359661394,11.160541502988515,11.238076089091324
2033-06-06,0.6205695305754158,0.4545381750966543,0.4645860948106727,0.28645375983382365,0.4841068787858763,0.8150230787184954,0.6045350245283264,0.38968680464012806,11.341020387232872,11.257927345925742,11.160541489607066,11.238076075557009
2033-06-07,0.6205695304654126,0.45453817519518314,0.4645860947902707,0.2864537596686765,0.48410687882275294,0.8150230787418533,0.6045350244179537,0.3896868045140384,11.341020373878628,11.257927332311713,11.160541476344095,11.23807606214254
2033-06-08,0.6205695303563785,0.4545381752928439,0.4645860947700517,0.28645375950498925,0.4841068788593018,0.8150230787650071,0.6045350243085602,0.38968680438906506,11.341020360642636,11.257927318818227,11.160541463198575,11.238076048846844
2033-06-09,0.6205695302483125,0.4545381753896367,0.46458609475001,0.2864537593427544,0.4841068788955279,0.8150230787879532,0.604535024200132,0.38968680426519914,11.341020347523845,11.257927305444229,11.160541450169443,11.23807603566888
2033-06-10,0.6205695301412031,0.4545381754855754,0.4645860947301462,0.28645375918195165,0.48410687893143417,0.8150230788106984,0.6045350240926674,0.38968680414242757,11.341020334521216,11.257927292188649,11.160541437255688,11.238076022607599
2033-06-13,0.620569530035042,0.4545381755806608,0.46458609471045687,0.2864537590225757,0.48410687896702315,0.8150230788332421,0.6045350239861533,0.389686804020744,11.341020321633728,11.257927279050453,11.160541424456282,11.238076009661985
2033-06-14,0.6205695299298228,0.45453817567490573,0.4645860946909463,0.2864537588646092,0.48410687900229465,0.8150230788555839,0.6045350238805832,0.38968680390013843,11.34102030886034,11.25792726602858,11.160541411770202,11.23807599683099
2033-06-15,0.620569529825532,0.45453817576831795,0.46458609467160317,0.28645375870804374,0.48410687903725547,0.8150230788777308,0.604535023775947,0.38968680378060155,11.341020296200066,11.257927253122016,11.160541399196463,11.238075984113612
2033-06-16,0.6205695297221672,0.45453817586090217,0.46458609465243406,0.28645375855286365,0.4841068790719065,0.8150230788996794,0.6045350236722365,0.38968680366212266,11.341020283651899,11.257927240329735,11.16054138673406,11.238075971508843
2033-06-17,0.6205695296197149,0.45453817595266655,0.464586094633433,0.28645375839905746,0.48410687910624994,0.815023078921435,0.6045350235694471,0.3896868035446931,11.341020271214836,11.257927227650729,11.160541374382005,11.238075959015687
2033-06-20,0.6205695295181705,0.4545381760436184,0.4645860946146012,0.28645375824661423,0.4841068791402901,0.8150230789429974,0.6045350234675649,0.3896868034283017,11.341020258887903,11.257927215083988,11.160541362139321,11.238075946633144
2033-06-21,0.6205695294175291,0.45453817613376435,0.4645860945959369,0.28645375809551854,0.48410687917402706,0.8150230789643669,0.6045350233665869,0.38968680331294153,11.341020246670118,11.257927202628524,11.160541350005046,11.238075934360257
2033-06-22,0.6205695293177724,0.4545381762231125,0.46458609457743727,0.28645375794576317,0.4841068792074682,0.8150230789855504,0.6045350232665014,0.3896868031986029,11.341020234560519,11.257927190283343,11.16054133797821,11.238075922196035
2033-06-23,0.6205695292189048,0.4545381763116686,0.4645860945591014,0.28645375779733245,0.48410687924061024,0.8150230790065448,0.604535023167304,0.38968680308527803,11.341020222558152,11.257927178047483,11.160541326057873,11.238075910139534
2033-06-24,0.620569529120909,0.45453817639944066,0.4645860945409278,0.2864537576502161,0.48410687927346013,0.8150230790273526,0.6045350230689837,0.3896868029729547,11.341020210662053,11.257927165919964,11.160541314243089,11.238075898189779
2033-06-27,0.620569529023784,0.4545381764864375,0.46458609452291644,0.2864537575044019,0.4841068793060203,0.815023079047979,0.6045350229715333,0.3896868028616279,11.341020198871293,11.257927153899837,11.160541302532923,11.238075886345841
2033-06-28,0.6205695289275158,0.45453817657266277,0.46458609450506266,0.2864537573598814,0.48410687933829144,0.8150230790684214,0.6045350228749464,0.3896868027512848,11.341020187184943,11.25792714198614,11.160541290926442,11.238075874606778
2033-06-29,0.620569528832102,0.4545381766581237,0.46458609448736843,0.2864537572166385,0.4841068793702756,0.8150230790886819,0.6045350227792152,0.38968680264192007,11.34102017560207,11.257927130177935,11.160541279422736,11.238075862971654
2033-06-30,0.6205695287375316,0.45453817674282987,0.4645860944698292,0.28645375707466486,0.48410687940197805,0.8150230791087626,0.6045350226843312,0.389686802533521,11.341020164121757,11.257927118474285,11.16054126802089,11.23807585143956
2033-07-01,0.6205695286438,0.4545381768267833,0.4645860944524467,0.286453756933948,0.48410687943339986,0.8150230791286646,0.6045350225902884,0.3896868024260866,11.3410201527431,11.257927106874272,11.16054125672,11.238075840009579
2033-07-04,0.6205695285508972,0.4545381769099964,0.46458609443521753,0.2864537567944768,0.4841068794645416,0.8150230791483944,0.6045350224970776,0.38968680231959957,11.341020141465195,11.257927095376974,11.160541245519179,11.238075828680813
2033-07-05,0.6205695284588191,0.45453817699247,0.46458609441814075,0.28645375665624045,0.4841068794954096,0.8150230791679471,0.6045350224046913,0.3896868022140583,11.341020130287152,11.257927083981473,11.160541234417542,11.238075817452351
2033-07-06,0.6205695283675545,0.45453817707421407,0.46458609440121557,0.28645375651922744,0.4841068795260026,0.8150230791873267,0.6045350223131232,0.38968680210945134,11.341020119208087,11.257927072686883,11.160541223414201,11.238075806323312
2033-07-07,0.6205695282770982,0.45453817715523503,0.4645860943844396,0.28645375638343035,0.4841068795563248,0.815023079206535,0.604535022222368,0.3896868020057673,11.341020108227127,11.257927061492303,11.160541212508294,11.238075795292826
2033-07-08,0.6205695281874433,0.4545381772355374,0.46458609436781195,0.2864537562488331,0.4841068795863796,0.815023079225572,0.6045350221324148,0.3896868019030039,11.341020097343407,11.25792705039685,11.160541201698956,11.238075784360012
2033-07-11,0.6205695280985816,0.4545381773151306,0.4645860943513348,0.2864537561154275,0.48410687961617016,0.8150230792444442,0.6045350220432568,0.38968680180115206,11.341020086556046,11.257927039399636,11.160541190985331,11.23807577352399
2033-07-12,0.6205695280105084,0.45453817739401803,0.4645860943349993,0.2864537559832053,0.4841068796456938,0.8150230792631444,0.604535021954891,0.38968680170019904,11.341020075864213,11.257927028499804,11.160541180366568,11.238075762783938
2033-07-13,0.6205695279232138,0.45453817747220654,0.4645860943188108,0.2864537558521517,0.4841068796749576,0.8150230792816813,0.6045350218673053,0.3896868016001424,11.341020065267044,11.25792701769649,11.160541169841839,11.238075752138979
2033-07-14,0.6205695278366923,0.45453817754970355,0.46458609430276543,0.28645375572225984,0.4841068797039608,0.8150230793000549,0.604535021780496,0.38968680150096907,11.341020054763716,11.257927006988828,11.160541159410302,11.238075741588272
2033-07-15,0.6205695277509375,0.45453817762651255,0.4645860942868614,0.28645375559351866,0.4841068797327074,0.8150230793182643,0.6045350216944558,0.3896868014026752,11.341020044353394,11.257926996375986,11.160541149071127,11.238075731130985
2033-07-18,0.6205695276659395,0.45453817770264326,0.46458609427109926,0.2864537554659159,0.48410687976120015,0.815023079336313,0.6045350216091774,0.3896868013052534,11.341020034035248,11.257926985857116,11.160541138823506,11.238075720766304
2033-07-19,0.6205695275816965,0.45453817777809835,0.4645860942554748,0.2864537553394439,0.48410687978944056,0.8150230793542002,0.6045350215246537,0.389686801208691,11.341020023808468,11.257926975431383,11.160541128666626,11.238075710493394
2033-07-20,0.6205695274981997,0.45453817785288714,0.4645860942399909,0.2864537552140917,0.4841068798174315,0.8150230793719324,0.6045350214408792,0.389686801112985,11.341020013672242,11.257926965097974,11.160541118599678,11.238075700311454
2033-07-21,0.6205695274154419,0.454538177927012,0.4645860942246422,0.28645375508984855,0.484106879845175,0.8150230793895056,0.604535021357844,0.3896868010181272,11.341020003625772,11.25792695485606,11.160541108621876,11.238075690219668
2033-07-22,0.620569527333416,0.4545381780004829,0.46458609420943126,0.28645375496670916,0.4841068798726701,0.8150230794069236,0.6045350212755479,0.38968680092410807,11.341019993668253,11.257926944704833,11.160541098732418,11.23807568021724
2033-07-25,0.6205695272521159,0.4545381780733019,0.46458609419435537,0.2864537548446553,0.48410687989992496,0.8150230794241875,0.6045350211939783,0.38968680083092366,11.341019983798915,11.257926934643493,11.160541088930534,11.238075670303383
2033-07-26,0.6205695271715381,0.4545381781454748,0.46458609417940966,0.2864537547236856,0.48410687992693546,0.8150230794412976,0.6045350211131325,0.3896868007385612,11.34101997401696,11.257926924671255,11.160541079215436,11.238075660477305
2033-07-27,0.6205695270916712,0.45453817821700937,0.4645860941645998,0.28645375460378497,0.4841068799537088,0.8150230794582571,0.6045350210330005,0.3896868006470188,11.34101996432162,11.257926914787294,11.160541069586364,11.238075650738237
2033-07-28,0.6205695270125129,0.4545381782879109,0.4645860941499186,0.28645375448494753,0.4841068799802447,0.815023079475065,0.6045350209535784,0.3896868005562861,11.341019954712134,11.257926904990871,11.16054106004255,11.238075641085409
2033-07-29,0.6205695269340563,0.4545381783581859,0.4645860941353682,0.2864537543671617,0.4841068800065459,0.8150230794917267,0.6045350208748609,0.3896868004663561,11.341019945187735,11.257926895281189,11.160541050583259,11.238075631518049
2033-08-01,0.6205695268562927,0.45453817842783806,0.4645860941209476,0.2864537542504183,0.48410688003261326,0.8150230795082384,0.6045350207968407,0.38968680037722486,11.341019935747674,11.257926885657483,11.16054104120772,11.238075622035407
2033-08-02,0.6205695267792197,0.454538178496872,0.46458609410665425,0.28645375413470936,0.4841068800584494,0.8150230795246052,0.6045350207195096,0.38968680028888186,11.341019926391201,11.257926876118988,11.160541031915196,11.23807561263673
2033-08-03,0.6205695267028268,0.4545381785652959,0.4645860940924844,0.28645375402002526,0.4841068800840591,0.8150230795408265,0.6045350206428632,0.3896868002013199,11.341019917117576,11.257926866664961,11.160541022704955,11.23807560332128
2033-08-04,0.6205695266271118,0.45453817863311236,0.4645860940784455,0.2864537539063544,0.4841068801094411,0.8150230795569049,0.604535020566897,0.38968680011453244,11.341019907926066,11.257926857294636,11.160541013576264,11.238075594088315
2033-08-05,0.6205695265520674,0.4545381787003294,0.4645860940645279,0.28645375379369115,0.4841068801345978,0.8150230795728409,0.6045350204916015,0.389686800028517,11.341019898815947,11.257926848007296,11.160541004528413,11.238075584937103
2033-08-08,0.6205695264776867,0.4545381787669519,0.4645860940507334,0.2864537536820273,0.48410688015953207,0.8150230795886348,0.6045350204169737,0.38968679994326155,11.341019889786491,11.25792683880218,11.160540995560673,11.238075575866917
2033-08-09,0.6205695264039652,0.4545381788329836,0.4645860940370617,0.28645375357135067,0.4841068801842453,0.8150230796042894,0.6045350203430067,0.38968679985876126,11.34101988083699,11.257926829678578,11.16054098667234,11.23807556687705
2033-08-10,0.620569526330897,0.4545381788984306,0.46458609402351003,0.28645375346165497,0.48410688020873927,0.8150230796198054,0.6045350202696954,0.38968679977500653,11.341019871966735,11.257926820635767,11.160540977862706,11.238075557966786
2033-08-11,0.6205695262584743,0.4545381789632996,0.46458609401007844,0.28645375335292944,0.4841068802330165,0.8150230796351847,0.6045350201970331,0.38968679969199777,11.341019863175026,11.257926811673025,11.160540969131093,11.238075549135422
2033-08-12,0.6205695261866928,0.45453817902759186,0.46458609399676687,0.2864537532451675,0.48410688025707915,0.815023079650427,0.6045350201250119,0.3896867996097207,11.341019854461157,11.257926802789639,11.160540960476782,11.238075540382251
2033-08-15,0.6205695261155475,0.4545381790913152,0.4645860939835738,0.2864537531383585,0.4841068802809288,0.8150230796655316,0.604535020053632,0.38968679952817487,11.341019845824446,11.257926793984913,11.160540951899106,11.23807553170659
2033-08-16,0.6205695260450355,0.4545381791544754,0.4645860939704948,0.28645375303249676,0.48410688030456706,0.8150230796805067,0.6045350199828826,0.38968679944734785,11.341019837264222,11.257926785258162,11.160540943397383,11.238075523107746
2033-08-17,0.6205695259751425,0.45453817921707496,0.46458609395753325,0.2864537529275731,0.4841068803279961,0.8150230796953494,0.6045350199127588,0.38968679936723716,11.341019828779787,11.257926776608674,11.160540934970944,11.23807551458505
2033-08-18,0.6205695259058683,0.45453817927912266,0.46458609394468864,0.28645375282357655,0.4841068803512172,0.8150230797100573,0.6045350198432572,0.3896867992878376,11.341019820370478,11.257926768035771,11.160540926619113,11.238075506137813
2033-08-19,0.6205695258372124,0.4545381793406187,0.4645860939319547,0.28645375272050333,0.4841068803742328,0.8150230797246377,0.6045350197743714,0.38968679920914046,11.341019812035643,11.25792675953879,11.160540918341235,11.238075497765372
2033-08-22,0.6205695257691609,0.4545381794015702,0.4645860939193347,0.28645375261834,0.484106880397046,0.8150230797390868,0.6045350197060936,0.3896867991311408,11.341019803774602,11.257926751117031,11.16054091013666,11.238075489467073
2033-08-23,0.6205695257017124,0.4545381794619843,0.464586093906825,0.28645375251708144,0.48410688041965677,0.8150230797534086,0.6045350196384202,0.3896867990538313,11.341019795586703,11.257926742769863,11.160540902004733,11.238075481242253
2033-08-24,0.6205695256348631,0.45453817952186093,0.464586093894429,0.2864537524167222,0.48410688044206607,0.8150230797676062,0.6045350195713483,0.38968679897720576,11.341019787471312,11.257926734496593,11.160540893944804,11.238075473090253
2033-08-25,0.6205695255686023,0.45453817958120857,0.46458609388214084,0.28645375231724873,0.48410688046427824,0.8150230797816752,0.6045350195048687,0.38968679890125896,11.341019779427786,11.257926726296589,11.160540885956257,11.238075465010445
2033-08-26,0.6205695255029311,0.45453817964003085,0.46458609386996175,0.28645375221865765,0.48410688048629247,0.8150230797956222,0.6045350194389799,0.3896867988259841,11.341019771455482,11.257926718169193,11.160540878038445,11.238075457002184
2033-08-29,0.6205695254378408,0.45453817969833055,0.4645860938578898,0.2864537521209367,0.48410688050811185,0.8150230798094426,0.6045350193736723,0.3896867987513767,11.341019763553762,11.257926710113752,11.160540870190724,11.238075449064814
2033-08-30,0.6205695253733261,0.45453817975611627,0.46458609384592486,0.28645375202408563,0.48410688052973894,0.8150230798231415,0.6045350193089435,0.38968679867742995,11.341019755722016,11.257926702129653,11.16054086241251,11.23807544119775
2033-08-31,0.6205695253093831,0.4545381798133903,0.4645860938340672,0.2864537519280889,0.4841068805511739,0.8150230798367202,0.6045350192447881,0.3896867986041382,11.34101974795962,11.257926694216243,11.160540854703163,11.23807543340034
2033-09-01,0.620569525246006,0.45453817987015577,0.464586093822314,0.2864537518329437,0.48410688057241913,0.8150230798501791,0.604535019181201,0.38968679853149424,11.34101974026595,11.257926686372903,11.160540847062077,11.238075425671967
2033-09-02,0.620569525183192,0.4545381799264189,0.46458609381066374,0.28645375173864085,0.4841068805934758,0.8150230798635177,0.6045350191181758,0.3896867984594951,11.341019732640403,11.257926678599022,11.160540839488657,11.238075418012027
2033-09-05,0.6205695251209307,0.4545381799821842,0.46458609379911786,0.2864537516451728,0.48410688061434726,0.8150230798767379,0.6045350190557093,0.38968679838813136,11.341019725082383,11.25792667089397,11.160540831982297,11.23807541041992
2033-09-06,0.6205695250592236,0.45453818003745594,0.46458609378767457,0.28645375155253155,0.4841068806350335,0.8150230798898416,0.6045350189937957,0.38968679831740133,11.341019717591285,11.257926663257143,11.160540824542403,11.238075402895037
2033-09-07,0.6205695249980626,0.4545381800922374,0.4645860937763318,0.2864537514607111,0.4841068806555356,0.8150230799028287,0.6045350189324308,0.38968679824729624,11.341019710166524,11.257926655687937,11.16054081716838,11.23807539543678
2033-09-08,0.6205695249374417,0.45453818014653335,0.4645860937650891,0.2864537513697043,0.48410688067585783,0.8150230799157011,0.6045350188716088,0.3896867981778153,11.341019702807506,11.25792664818576,11.160540809859658,11.23807538804457
2033-09-09,0.6205695248773586,0.4545381802003505,0.4645860937539468,0.28645375127950473,0.48410688069599944,0.815023079928459,0.6045350188113271,0.3896867981089451,11.341019695513646,11.25792664075001,11.160540802615655,11.238075380717817
2033-09-12,0.6205695248178057,0.4545381802536908,0.46458609374290216,0.28645375119010097,0.4841068807159623,0.8150230799411045,0.6045350187515757,0.3896867980406861,11.34101968828437,11.257926633380093,11.160540795435796,11.238075373455933
2033-09-13,0.6205695247587837,0.4545381803065559,0.4645860937319566,0.2864537511014913,0.4841068807357471,0.8150230799536387,0.6045350186923583,0.3896867979730318,11.341019681119112,11.257926626075449,11.16054078831951,11.238075366258354
2033-09-14,0.6205695247002807,0.45453818035895766,0.4645860937211077,0.28645375101366305,0.48410688075535946,0.81502307996606,0.6045350186336619,0.389686797905978,11.341019674017298,11.257926618835473,11.160540781266237,11.238075359124505
2033-09-15,0.620569524642297,0.45453818041089133,0.46458609371035353,0.2864537509266143,0.4841068807747969,0.8150230799783729,0.6045350185754862,0.3896867978395165,11.34101966697837,11.257926611659613,11.160540774275415,11.238075352053823
2033-09-16,0.6205695245848278,0.4545381804623677,0.4645860936996967,0.2864537508403353,0.48410688079406183,0.8150230799905759,0.604535018517825,0.38968679777364396,11.34101966000177,11.25792660454729,11.160540767346498,11.238075345045756
2033-09-19,0.620569524527868,0.45453818051338635,0.4645860936891326,0.286453750754822,0.48410688081315767,0.8150230800026736,0.6045350184606741,0.38968679770835396,11.341019653086942,11.257926597497946,11.160540760478938,11.238075338099748
2033-09-20,0.62056952447141,0.4545381805639529,0.4645860936786613,0.2864537506700654,0.4841068808320824,0.8150230800146608,0.6045350184040287,0.3896867976436427,11.341019646233338,11.257926590511014,11.160540753672173,11.23807533121523
2033-09-21,0.6205695244154541,0.4545381806140734,0.4645860936682847,0.2864537505860593,0.4841068808508407,0.8150230800265423,0.6045350183478871,0.389686797579505,11.341019639440432,11.257926583585958,11.160540746925692,11.238075324391684
2033-09-22,0.6205695243599924,0.4545381806637512,0.46458609365800024,0.2864537505027975,0.484106880869433,0.8150230800383205,0.6045350182922401,0.3896867975159342,11.34101963270767,11.257926576722225,11.160540740238948,11.238075317628551
2033-09-23,0.6205695243050253,0.45453818071298413,0.464586093647804,0.2864537504202713,0.4841068808878587,0.8150230800499929,0.6045350182370873,0.3896867974529271,11.341019626034527,11.25792656991926,11.16054073361142,11.238075310925312
2033-09-26,0.6205695242505387,0.4545381807617861,0.4645860936376994,0.2864537503384789,0.4841068809061237,0.8150230800615605,0.6045350181824232,0.38968679739047657,11.341019619420464,11.257926563176532,11.160540727042568,11.238075304281415
2033-09-27,0.6205695241965383,0.45453818081015585,0.4645860936276853,0.2864537502574081,0.48410688092422693,0.8150230800730285,0.6045350181282413,0.3896867973285804,11.341019612864976,11.257926556493512,11.16054072053188,11.238075297696357
2033-09-28,0.6205695241430139,0.45453818085809494,0.4645860936177586,0.286453750177055,0.4841068809421686,0.815023080084393,0.6045350180745412,0.3896867972672308,11.341019606367537,11.257926549869675,11.16054071407885,11.23807529116961
2033-09-29,0.620569524089966,0.45453818090561143,0.46458609360792086,0.2864537500974143,0.48410688095995213,0.8150230800956587,0.6045350180213171,0.38968679720642524,11.341019599927623,11.25792654330448,11.160540707682953,11.238075284700653
2033-09-30,0.620569524037387,0.45453818095270593,0.4645860935981704,0.2864537500184785,0.48410688097757704,0.8150230801068239,0.6045350179685629,0.38968679714615834,11.341019593544734,11.25792653679742,11.160540701343683,11.238075278288973
2033-10-03,0.6205695239852727,0.45453818099938337,0.4645860935885063,0.28645374994024153,0.4841068809950462,0.8150230801178907,0.6045350179162753,0.38968679708642506,11.341019587218366,11.257926530347982,11.16054069506056,11.238075271934068
2033-10-04,0.6205695239336211,0.45453818104564736,0.4645860935789269,0.2864537498626971,0.4841068810123629,0.815023080128858,0.6045350178644516,0.38968679702722014,11.341019580948018,11.25792652395565,11.160540688833066,11.23807526563544
2033-10-05,0.6205695238824259,0.45453818109150274,0.46458609356943287,0.28645374978584015,0.48410688102952515,0.8150230801397305,0.6045350178130854,0.3896867969685425,11.341019574733183,11.257926517619913,11.160540682660715,11.238075259392575
2033-10-06,0.6205695238316836,0.4545381811369509,0.4645860935600223,0.28645374970966336,0.48410688104653277,0.8150230801505041,0.6045350177621758,0.3896867969103803,11.341019568573387,11.257926511340285,11.16054067654302,11.238075253204995
2033-10-07,0.6205695237813924,0.4545381811819971,0.4645860935506957,0.28645374963416337,0.4841068810633924,0.8150230801611854,0.6045350177117178,0.3896867968527346,11.34101956246813,11.257926505116265,11.160540670479493,11.2380752470722
2033-10-10,0.6205695237315436,0.4545381812266456,0.4645860935414512,0.2864537495593281,0.4841068810801029,0.8150230801717686,0.604535017661703,0.3896867967955991,11.341019556416937,11.257926498947349,11.160540664469657,11.238075240993707
2033-10-11,0.6205695236821408,0.4545381812708962,0.4645860935322893,0.28645374948515806,0.48410688109666505,0.8150230801822602,0.6045350176121345,0.3896867967389707,11.341019550419324,11.257926492833057,11.160540658513035,11.238075234969049
2033-10-12,0.6205695236331732,0.4545381813147573,0.4645860935232079,0.28645374941164337,0.4841068811130803,0.815023080192658,0.6045350175630038,0.3896867966828416,11.341019544474817,11.257926486772908,11.160540652609154,11.238075228997722
2033-10-13,0.6205695235846377,0.4545381813582285,0.46458609351420543,0.28645374933877893,0.48410688112935096,0.8150230802029632,0.604535017514306,0.38968679662721206,11.341019538582948,11.257926480766422,11.160540646757559,11.23807522307928
2033-10-14,0.6205695235365327,0.4545381814013168,0.4645860935052853,0.28645374926656203,0.48410688114547584,0.8150230802131803,0.6045350174660441,0.38968679657207367,11.341019532743251,11.257926474813118,11.160540640957777,11.238075217213247
2033-10-17,0.6205695234888527,0.4545381814440216,0.46458609349644303,0.28645374919498306,0.4841068811614603,0.8150230802233043,0.6045350174182061,0.38968679651742383,11.341019526955256,11.257926468912526,11.16054063520934,11.238075211399146
2033-10-18,0.6205695234415975,0.45453818148634845,0.46458609348767904,0.28645374912403765,0.48410688117730016,0.8150230802333374,0.6045350173707912,0.3896867964632584,11.341019521218518,11.257926463064193,11.16054062951181,11.238075205636534
2033-10-19,0.6205695233947583,0.4545381815283013,0.4645860934789924,0.2864537490537212,0.48410688119300216,0.815023080243285,0.6045350173237999,0.3896867964095714,11.341019515532574,11.257926457267635,11.16054062386473,11.238075199924944
2033-10-20,0.6205695233483364,0.45453818156988157,0.4645860934703848,0.2864537489840279,0.4841068812085642,0.8150230802531425,0.6045350172772201,0.38968679635636067,11.341019509896977,11.257926451522406,11.160540618267655,11.238075194263928
2033-10-21,0.620569523302323,0.45453818161109405,0.4645860934618506,0.28645374891494996,0.48410688122398826,0.8150230802629125,0.6045350172310562,0.38968679630361985,11.341019504311287,11.257926445828048,11.160540612720139,11.238075188653042
2033-10-24,0.6205695232567178,0.45453818165194393,0.46458609345339263,0.2864537488464842,0.4841068812392765,0.8150230802725975,0.6045350171852975,0.38968679625134656,11.341019498775054,11.257926440184118,11.160540607221748,11.238075183091834
2033-10-25,0.6205695232115185,0.4545381816924293,0.4645860934450111,0.28645374877862667,0.4841068812544285,0.815023080282196,0.6045350171399468,0.38968679619953767,11.34101949328784,11.257926434590159,11.16054060177204,11.238075177579871
2033-10-26,0.620569523166715,0.45453818173255817,0.4645860934367013,0.28645374871136764,0.4841068812694458,0.8150230802917092,0.6045350170949986,0.3896867961481864,11.341019487849218,11.25792642904573,11.160540596370586,11.238075172116716
2033-10-27,0.6205695231223124,0.454538181772329,0.4645860934284659,0.28645374864470613,0.4841068812843324,0.8150230803011382,0.6045350170504455,0.38968679609729046,11.341019482458753,11.257926423550401,11.16054059101696,11.238075166701943
2033-10-28,0.6205695230783008,0.4545381818117485,0.4645860934203053,0.28645374857863243,0.4841068812990862,0.8150230803104831,0.6045350170062891,0.38968679604684325,11.341019477116008,11.257926418103725,11.160540585710747,11.238075161335109
2033-10-31,0.6205695230346812,0.45453818185082046,0.46458609341221613,0.2864537485131466,0.48410688131370916,0.8150230803197464,0.604535016962524,0.3896867959968446,11.341019471820589,11.257926412705281,11.160540580451514,11.238075156015798
2033-11-01,0.6205695229914452,0.454538181889546,0.46458609340419665,0.2864537484482388,0.484106881328202,0.8150230803289281,0.604535016919144,0.3896867959472882,11.341019466572044,11.257926407354637,11.160540575238848,11.238075150743581
2033-11-02,0.6205695229485921,0.4545381819279283,0.4645860933962496,0.28645374838390586,0.4841068813425683,0.8150230803380265,0.6045350168761493,0.38968679589816957,11.341019461369987,11.25792640205138,11.160540570072335,11.23807514551806
2033-11-03,0.6205695229061199,0.4545381819659706,0.4645860933883732,0.28645374832014264,0.48410688135680413,0.8150230803470458,0.6045350168335346,0.38968679584948973,11.341019456213987,11.257926396795076,11.160540564951576,11.238075140338802
2033-11-04,0.6205695228640222,0.454538182003677,0.46458609338056633,0.2864537482569451,0.4841068813709165,0.8150230803559845,0.6045350167912992,0.3896867958012353,11.341019451103634,11.257926391585313,11.160540559876159,11.238075135205406
2033-11-07,0.6205695228223002,0.45453818204104646,0.4645860933728287,0.2864537481943051,0.48410688138490393,0.8150230803648446,0.6045350167494367,0.3896867957534127,11.341019446038539,11.257926386421683,11.16054055484568,11.238075130117457
2033-11-08,0.6205695227809453,0.45453818207808744,0.4645860933651582,0.28645374813222085,0.4841068813987659,0.8150230803736263,0.6045350167079442,0.3896867957060096,11.34101944101829,11.257926381303776,11.160540549859748,11.238075125074566
2033-11-09,0.6205695227399584,0.4545381821148,0.46458609335755796,0.28645374807068746,0.48410688141250524,0.8150230803823296,0.6045350166668214,0.3896867956590307,11.341019436042496,11.257926376231186,11.160540544917962,11.23807512007633
2033-11-10,0.6205695226993317,0.45453818215118735,0.4645860933500243,0.28645374800969653,0.4841068814261248,0.8150230803909561,0.6045350166260587,0.38968679561246516,11.341019431110766,11.257926371203506,11.160540540019932,11.238075115122351
2033-11-11,0.6205695226590651,0.4545381821872536,0.4645860933425557,0.28645374794924844,0.48410688143962277,0.815023080399506,0.6045350165856606,0.3896867955663122,11.3410194262227,11.257926366220353,11.160540535165282,11.23807511021224
2033-11-14,0.6205695226191561,0.4545381822230019,0.4645860933351553,0.2864537478893333,0.4841068814530015,0.815023080407982,0.60453501654562,0.3896867955205677,11.341019421377924,11.257926361281314,11.16054053035361,11.238075105345604
2033-11-15,0.6205695225796023,0.45453818225843134,0.4645860933278192,0.28645374782995076,0.48410688146626213,0.8150230804163808,0.6045350165059308,0.3896867954752274,11.341019416576033,11.257926356386022,11.160540525584546,11.238075100522064
2033-11-16,0.6205695225403949,0.45453818229354603,0.46458609332054857,0.28645374777109234,0.48410688147940406,0.8150230804247063,0.6045350164665956,0.3896867954302894,11.341019411816667,11.257926351534065,11.160540520857712,11.23807509574123
2033-11-17,0.6205695225015381,0.4545381823283515,0.46458609331334144,0.28645374771275656,0.48410688149242964,0.8150230804329579,0.6045350164276082,0.38968679538574885,11.341019407099449,11.25792634672508,11.160540516172727,11.238075091002734
2033-11-18,0.6205695224630235,0.4545381823628486,0.4645860933062001,0.2864537476549356,0.4841068815053401,0.8150230804411341,0.604535016388967,0.38968679534160494,11.341019402423996,11.257926341958672,11.160540511529236,11.238075086306187
2033-11-21,0.6205695224248513,0.4545381823970385,0.46458609329911993,0.2864537475976275,0.48410688151813897,0.8150230804492404,0.6045350163506659,0.3896867952978505,11.341019397789944,11.25792633723447,11.160540506926854,11.238075081651234
2033-11-22,0.6205695223870145,0.45453818243092775,0.46458609329210354,0.28645374754082714,0.48410688153082193,0.8150230804572764,0.6045350163127037,0.38968679525448346,11.34101939319693,11.257926332552104,11.16054050236523,11.238075077037506
2033-11-23,0.6205695223495147,0.4545381824645162,0.46458609328514944,0.28645374748452795,0.4841068815433919,0.8150230804652391,0.6045350162750808,0.38968679521149946,11.341019388644577,11.257926327911195,11.160540497844,11.238075072464627
2033-11-24,0.6205695223123475,0.454538182497807,0.4645860932782554,0.28645374742873003,0.48410688155585074,0.815023080473132,0.6045350162377886,0.3896867951688974,11.341019384132533,11.25792632331138,11.160540493362797,11.238075067932225
2033-11-25,0.6205695222755088,0.4545381825308033,0.4645860932714242,0.286453747373424,0.4841068815681995,0.8150230804809542,0.6045350162008288,0.3896867951266713,11.341019379660448,11.257926318752292,11.160540488921276,11.238075063439974
2033-11-28,0.6205695222389962,0.45453818256350764,0.46458609326465306,0.28645374731860995,0.4841068815804398,0.8150230804887079,0.6045350161641931,0.38968679508482124,11.341019375227964,11.257926314233575,11.160540484519084,11.238075058987494
2033-11-29,0.620569522202807,0.45453818259592177,0.46458609325794087,0.2864537472642774,0.4841068815925723,0.8150230804963918,0.6045350161278834,0.3896867950433391,11.341019370834717,11.257926309754868,11.16054048015587,11.238075054574438
2033-11-30,0.6205695221669374,0.4545381826280498,0.46458609325128886,0.2864537472104308,0.4841068816045965,0.8150230805040105,0.6045350160918957,0.3896867950022265,11.341019366480385,11.257926305315822,11.160540475831292,11.238075050200457
2033-12-01,0.6205695221313854,0.45453818265989293,0.4645860932446966,0.2864537471570578,0.48410688161651466,0.815023080511558,0.604535016056225,0.3896867949614766,11.341019362164598,11.257926300916086,11.160540471545009,11.23807504586521
2033-12-02,0.6205695220961462,0.45453818269145363,0.46458609323816036,0.2864537471041574,0.48410688162832616,0.8150230805190392,0.604535016020871,0.38968679492109004,11.341019357887033,11.257926296555304,11.160540467296684,11.238075041568349
2033-12-05,0.6205695220612244,0.45453818272273616,0.464586093231685,0.2864537470517259,0.48410688164003457,0.815023080526456,0.604535015985831,0.3896867948810571,11.341019353647336,11.257926292233131,11.160540463085965,11.238075037309533
2033-12-06,0.6205695220266088,0.4545381827537409,0.4645860932252647,0.28645374699976006,0.48410688165163773,0.8150230805338059,0.6045350159511014,0.3896867948413812,11.341019349445194,11.257926287949232,11.160540458912537,11.238075033088434
2033-12-07,0.6205695219923015,0.4545381827844703,0.4645860932189015,0.2864537469482531,0.48410688166313925,0.8150230805410922,0.6045350159166768,0.3896867948020566,11.341019345280252,11.257926283703272,11.160540454776061,11.238075028904703
2033-12-08,0.6205695219582952,0.45453818281492714,0.4645860932125967,0.28645374689720254,0.4841068816745382,0.815023080548315,0.6045350158825588,0.38968679476308016,11.341019341152194,11.257926279494907,11.160540450676223,11.238075024758029
2033-12-09,0.6205695219245904,0.45453818284511693,0.4645860932063456,0.2864537468466034,0.4841068816858368,0.8150230805554709,0.6045350158487429,0.3896867947244465,11.341019337060683,11.257926275323797,11.16054044661267,11.238075020648063
2033-12-12,0.6205695218911856,0.45453818287503844,0.46458609320015076,0.28645374679645286,0.484106881697035,0.8150230805625632,0.6045350158152275,0.3896867946861577,11.3410193330054,11.257926271189627,11.160540442585106,11.238075016574495
2033-12-13,0.6205695218580765,0.4545381829046943,0.4645860931940097,0.2864537467467474,0.4841068817081339,0.8150230805695955,0.6045350157820073,0.38968679464820494,11.341019328986029,11.257926267092069,11.160540438593209,11.238075012536987
2033-12-14,0.6205695218252603,0.45453818293408565,0.464586093187924,0.2864537466974789,0.4841068817191352,0.815023080576563,0.6045350157490819,0.3896867946105922,11.34101932500225,11.257926263030782,11.160540434636658,11.238075008535235
2033-12-15,0.6205695217927345,0.4545381829632195,0.4645860931818905,0.28645374664865053,0.4841068817300372,0.8150230805834702,0.6045350157164493,0.3896867945733091,11.341019321053745,11.257926259005467,11.160540430715141,11.23807500456892
2033-12-16,0.6205695217604961,0.4545381829920957,0.46458609317591304,0.28645374660025263,0.48410688174084504,0.815023080590316,0.6045350156841045,0.3896867945363586,11.341019317140203,11.25792625501579,11.16054042682835,11.23807500063773
2033-12-19,0.6205695217285438,0.4545381830207155,0.46458609316998734,0.28645374655228223,0.48410688175155525,0.8150230805971006,0.6045350156520445,0.38968679449973387,11.341019313261313,11.257926251061443,11.160540422975961,11.238074996741343
2033-12-20,0.6205695216968719,0.4545381830490809,0.4645860931641141,0.2864537465047383,0.4841068817621734,0.8150230806038256,0.6045350156202697,0.38968679446343407,11.341019309416767,11.257926247142105,11.1605404191577,11.238074992879456
2033-12-21,0.6205695216654856,0.45453818307719535,0.46458609315829413,0.2864537464576141,0.48410688177269556,0.8150230806104918,0.6045350155887766,0.3896867944274561,11.341019305606268,11.25792624325748,11.160540415373244,11.238074989051773
2033-12-22,0.6205695216343734,0.45453818310506133,0.46458609315252364,0.28645374641090887,0.48410688178312455,0.8150230806170974,0.6045350155575614,0.3896867943917954,11.341019301829501,11.257926239407244,11.160540411622298,11.238074985257976
2033-12-23,0.6205695216035372,0.45453818313268113,0.4645860931468033,0.28645374636461507,0.4841068817934625,0.8150230806236455,0.604535015526623,0.38968679435645276,11.34101929808618,11.257926235591102,11.160540407904563,11.238074981497777
2033-12-26,0.6205695215729741,0.454538183160055,0.4645860931411355,0.2864537463187333,0.48410688180370565,0.8150230806301338,0.6045350154959582,0.38968679432142045,11.341019294376014,11.257926231808755,11.160540404219747,11.238074977770864
2033-12-27,0.6205695215426839,0.4545381831871865,0.4645860931355196,0.28645374627325554,0.48410688181386097,0.815023080636567,0.6045350154655673,0.38968679428669867,11.3410192906987,11.257926228059901,11.160540400567564,11.238074974076964
2033-12-28,0.620569521512659,0.4545381832140811,0.4645860931299519,0.2864537462281833,0.4841068818239257,0.8150230806429422,0.6045350154354432,0.38968679425228575,11.341019287053939,11.257926224344237,11.160540396947718,11.238074970415761
2033-12-29,0.6205695214828999,0.4545381832407348,0.46458609312443244,0.2864537461835088,0.4841068818339011,0.8150230806492609,0.6045350154055871,0.3896867942181757,11.34101928344145,11.257926220661474,11.160540393359922,11.23807496678698
2033-12-30,0.6205695214534069,0.45453818326715273,0.464586093118962,0.28645374613922914,0.4841068818437879,0.8150230806555228,0.6045350153759934,0.38968679418436913,11.341019279860957,11.257926217011322,11.160540389803893,11.238074963190334
2034-01-02,0.6205695214241722,0.45453818329333734,0.4645860931135405,0.2864537460953421,0.4841068818535892,0.8150230806617317,0.6045350153466628,0.38968679415086205,11.34101927631216,11.257926213393496,11.160540386279365,11.238074959625536
2034-01-03,0.620569521395199,0.4545381833192894,0.4645860931081673,0.28645374605184204,0.48410688186330136,0.815023080667885,0.6045350153175917,0.3896867941176509,11.341019272794789,11.257926209807698,11.160540382786024,11.238074956092305
2034-01-04,0.6205695213664826,0.45453818334500984,0.4645860931028408,0.28645374600872964,0.4841068818729285,0.8150230806739828,0.6045350152887786,0.38968679408473456,11.34101926930857,11.257926206253657,11.160540379323637,11.238074952590354
2034-01-05,0.6205695213380182,0.45453818337050467,0.46458609309756255,0.28645374596599865,0.48410688188246886,0.8150230806800269,0.6045350152602215,0.38968679405210943,11.34101926585321,11.257926202731078,11.160540375891893,11.238074949119406
2034-01-06,0.6205695213098046,0.45453818339577473,0.46458609309233156,0.2864537459236457,0.4841068818919263,0.8150230806860179,0.6045350152319166,0.38968679401977174,11.341019262428448,11.25792619923969,11.160540372490539,11.238074945679209
2034-01-09,0.6205695212818467,0.45453818342081964,0.4645860930871454,0.28645374588166655,0.4841068819013007,0.815023080691956,0.6045350152038618,0.3896867939877216,11.341019259034024,11.257926195779229,11.160540369119314,11.238074942269463
2034-01-10,0.6205695212541309,0.45453818344564323,0.4645860930820061,0.28645374584006095,0.4841068819105909,0.8150230806978412,0.6045350151760529,0.38968679395595685,11.341019255669648,11.257926192349402,11.16054036577793,11.238074938889913
2034-01-11,0.6205695212266618,0.4545381834702463,0.46458609307691245,0.2864537457988223,0.48410688191979845,0.815023080703674,0.6045350151484961,0.3896867939244709,11.34101925233505,11.257926188949945,11.160540362466136,11.238074935540281
2034-01-12,0.6205695211994366,0.45453818349463193,0.4645860930718629,0.2864537457579488,0.48410688192892637,0.8150230807094538,0.6045350151211777,0.38968679389326405,11.341019249029992,11.257926185580587,11.160540359183662,11.238074932220313
2034-01-13,0.6205695211724501,0.45453818351880126,0.46458609306685805,0.286453745717439,0.4841068819379716,0.8150230807151839,0.6045350150941028,0.3896867938623357,11.3410192457542,11.257926182241068,11.160540355930264,11.238074928929743
2034-01-16,0.6205695211457053,0.4545381835427568,0.46458609306189935,0.28645374567728626,0.48410688194693685,0.8150230807208649,0.6045350150672701,0.38968679383167953,11.34101924250741,11.257926178931118,11.160540352705661,11.238074925668306
2034-01-17,0.6205695211191982,0.4545381835665002,0.46458609305698245,0.2864537456374898,0.48410688195582374,0.8150230807264924,0.6045350150406712,0.3896867938012954,11.341019239289375,11.257926175650471,11.160540349509619,11.238074922435754
2034-01-18,0.6205695210929231,0.45453818359003295,0.464586093052109,0.2864537455980455,0.48410688196463164,0.8150230807320723,0.6045350150143111,0.38968679377117965,11.341019236099827,11.25792617239888,11.160540346341872,11.238074919231828
2034-01-19,0.6205695210668815,0.45453818361335785,0.46458609304727905,0.28645374555895015,0.4841068819733614,0.8150230807376022,0.6045350149881837,0.38968679374132975,11.341019232938526,11.25792616917608,11.160540343202186,11.238074916056267
2034-01-20,0.6205695210410704,0.45453818363647736,0.46458609304249276,0.2864537455202015,0.48410688198201257,0.8150230807430823,0.6045350149622858,0.38968679371174636,11.341019229805221,11.257926165981818,11.160540340090286,11.238074912908823
2034-01-23,0.6205695210154896,0.4545381836593917,0.4645860930377478,0.28645374548179664,0.48410688199058893,0.8150230807485149,0.6045350149366187,0.38968679368242415,11.341019226699652,11.257926162815838,11.160540337005948,11.238074909789251
2034-01-24,0.6205695209901338,0.45453818368210186,0.4645860930330462,0.2864537454437316,0.48410688199908813,0.8150230807539002,0.6045350149111804,0.38968679365336084,11.341019223621588,11.257926159677886,11.160540333948918,11.238074906697303
2034-01-25,0.6205695209650013,0.45453818370461185,0.4645860930283859,0.2864537454060024,0.48410688200751445,0.8150230807592358,0.6045350148859644,0.3896867936245553,11.341019220570779,11.257926156567732,11.160540330918963,11.238074903632732
2034-01-26,0.6205695209400921,0.4545381837269222,0.46458609302376624,0.28645374536860846,0.4841068820158634,0.8150230807645248,0.604535014860974,0.3896867935960045,11.341019217546979,11.257926153485112,11.16054032791583,11.238074900595292
2034-01-27,0.6205695209154061,0.4545381837490328,0.4645860930191879,0.2864537453315449,0.4841068820241376,0.8150230807697676,0.6045350148362036,0.38968679356770686,11.341019214549958,11.257926150429789,11.160540324939294,11.238074897584752
2034-01-30,0.6205695208909351,0.4545381837709527,0.4645860930146513,0.2864537452948087,0.4841068820323433,0.815023080774963,0.6045350148116515,0.3896867935396565,11.341019211579471,11.257926147401518,11.160540321989114,11.23807489460087
2034-01-31,0.6205695208666823,0.4545381837926742,0.464586093010152,0.2864537452583997,0.48410688204047236,0.8150230807801123,0.6045350147873211,0.3896867935118602,11.341019208635293,11.257926144400058,11.160540319065056,11.23807489164341
2034-02-01,0.6205695208426448,0.45453818381420563,0.4645860930056933,0.2864537452223115,0.48410688204852936,0.8150230807852171,0.6045350147632012,0.3896867934843081,11.341019205717178,11.257926141425182,11.16054031616689,11.23807488871214
2034-02-02,0.6205695208188209,0.4545381838355457,0.4645860930012759,0.28645374518654293,0.4841068820565184,0.815023080790278,0.6045350147392965,0.38968679345699914,11.341019202824908,11.257926138476641,11.160540313294378,11.23807488580682
2034-02-03,0.6205695207952061,0.4545381838566961,0.4645860929968964,0.28645374515109345,0.4841068820644341,0.8150230807952908,0.604535014715605,0.38968679342993223,11.341019199958245,11.25792613555421,11.160540310447312,11.238074882927226
2034-02-06,0.6205695207718009,0.4545381838776611,0.4645860929925553,0.28645374511595456,0.4841068820722795,0.8150230808002603,0.6045350146921226,0.3896867934031031,11.34101919711697,11.257926132657659,11.160540307625459,11.238074880073134
2034-02-07,0.6205695207486022,0.4545381838984391,0.46458609298825343,0.28645374508112864,0.48410688208005564,0.8150230808051879,0.6045350146688466,0.38968679337651396,11.341019194300843,11.257926129786755,11.160540304828576,11.23807487724431
2034-02-08,0.6205695207256102,0.454538183919031,0.46458609298399,0.28645374504661003,0.4841068820877632,0.8150230808100684,0.6045350146457775,0.38968679335016027,11.341019191509664,11.257926126941276,11.160540302056475,11.23807487444054
2034-02-09,0.6205695207028219,0.4545381839394461,0.4645860929797633,0.2864537450123974,0.4841068820954021,0.8150230808149094,0.6045350146229123,0.38968679332403916,11.341019188743187,11.25792612412098,11.160540299308913,11.238074871661588
2034-02-10,0.6205695206802346,0.4545381839596759,0.46458609297557396,0.2864537449784883,0.4841068821029727,0.8150230808197061,0.6045350146002504,0.38968679329815054,11.341019186001224,11.25792612132567,11.160540296585683,11.238074868907253
2034-02-13,0.6205695206578468,0.4545381839797284,0.46458609297142384,0.2864537449448795,0.48410688211047936,0.8150230808244603,0.6045350145777899,0.38968679327249006,11.341019183283526,11.257926118555105,11.160540293886564,11.238074866177296
2034-02-14,0.6205695206356603,0.4545381839996012,0.4645860929673083,0.2864537449115677,0.4841068821179164,0.8150230808291714,0.6045350145555259,0.3896867932470571,11.341019180589896,11.257926115809079,11.160540291211344,11.238074863471523
2034-02-15,0.6205695206136668,0.4545381840192997,0.4645860929632302,0.28645374487855113,0.48410688212528974,0.8150230808338406,0.6045350145334614,0.389686793221848,11.34101917792012,11.257926113087361,11.160540288559815,11.238074860789697
2034-02-16,0.620569520591868,0.4545381840388251,0.46458609295918746,0.28645374484582736,0.48410688213259545,0.8150230808384684,0.6045350145115923,0.3896867931968636,11.341019175273983,11.257926110389745,11.160540285931758,11.238074858131627
2034-02-17,0.6205695205702629,0.4545381840581756,0.46458609295518055,0.2864537448133928,0.48410688213983966,0.8150230808430563,0.6045350144899142,0.3896867931721005,11.34101917265127,11.25792610771602,11.160540283326984,11.238074855497084
2034-02-20,0.6205695205488506,0.45453818407735386,0.46458609295120884,0.2864537447812457,0.4841068821470178,0.8150230808476039,0.6045350144684299,0.38968679314755583,11.341019170051787,11.257926105065962,11.160540280745261,11.238074852885882
2034-02-21,0.6205695205276252,0.45453818409636587,0.46458609294727427,0.2864537447493823,0.4841068821541318,0.8150230808521102,0.6045350144471364,0.3896867931232289,11.341019167475325,11.257926102439374,11.160540278186406,11.238074850297792
2034-02-22,0.6205695205065909,0.4545381841152065,0.4645860929433719,0.28645374471780416,0.4841068821611835,0.8150230808565786,0.6045350144260302,0.38968679309911874,11.341019164921674,11.257926099836045,11.160540275650211,11.238074847732623
2034-02-23,0.6205695204857427,0.45453818413388014,0.46458609293950526,0.28645374468650214,0.4841068821681721,0.815023080861004,0.6045350144051111,0.38968679307522075,11.341019162390632,11.257926097255769,11.160540273136476,11.238074845190168
2034-02-24,0.6205695204650765,0.45453818415239033,0.4645860929356731,0.2864537446554788,0.48410688217510056,0.8150230808653929,0.6045350143843777,0.3896867930515329,11.341019159881998,11.257926094698334,11.160540270644985,11.238074842670219
2034-02-27,0.6205695204445961,0.4545381841707351,0.4645860929318739,0.2864537446247297,0.4841068821819661,0.8150230808697426,0.6045350143638272,0.38968679302805753,11.34101915739559,11.257926092163547,11.160540268175565,11.23807484017259
2034-02-28,0.6205695204242934,0.4545381841889187,0.4645860929281114,0.2864537445942526,0.48410688218877196,0.8150230808740524,0.6045350143434604,0.3896867930047884,11.341019154931185,11.257926089651212,11.160540265728011,11.238074837697079
2034-03-01,0.6205695204041715,0.4545381842069416,0.4645860929243789,0.2864537445640473,0.48410688219551823,0.8150230808783256,0.6045350143232733,0.3896867929817252,11.341019152488608,11.257926087161113,11.160540263302128,11.238074835243482
2034-03-02,0.6205695203842302,0.4545381842248032,0.4645860929206798,0.2864537445341066,0.4841068822022022,0.8150230808825607,0.6045350143032638,0.3896867929588661,11.34101915006766,11.257926084693064,11.160540260897722,11.238074832811611
2034-03-03,0.620569520364465,0.4545381842425079,0.46458609291701475,0.2864537445044333,0.48410688220882936,0.8150230808867579,0.6045350142834305,0.38968679293621095,11.341019147668149,11.257926082246875,11.160540258514615,11.238074830401276
2034-03-06,0.6205695203448736,0.4545381842600544,0.4645860929133815,0.28645374447502125,0.48410688221539466,0.8150230808909195,0.6045350142637754,0.38968679291375347,11.34101914528988,11.257926079822338,11.160540256152602,11.238074828012282
2034-03-07,0.6205695203254558,0.4545381842774461,0.4645860929097797,0.28645374444586996,0.48410688222190423,0.8150230808950422,0.6045350142442926,0.38968679289149855,11.341019142932671,11.257926077419281,11.160540253811506,11.238074825644444
2034-03-08,0.6205695203062109,0.4545381842946846,0.4645860929062114,0.28645374441697785,0.4841068822283557,0.8150230808991277,0.6045350142249842,0.38968679286943936,11.341019140596343,11.2579260750375,11.160540251491144,11.238074823297575
2034-03-09,0.620569520287136,0.45453818431177034,0.46458609290267266,0.28645374438834065,0.4841068822347505,0.8150230809031778,0.6045350142058452,0.38968679284757435,11.341019138280691,11.257926072676797,11.16054024919132,11.238074820971477
2034-03-10,0.620569520268228,0.45453818432870535,0.4645860928991678,0.28645374435995735,0.48410688224108817,0.8150230809071924,0.6045350141868775,0.38968679282590296,11.341019135985547,11.257926070337003,11.160540246911857,11.238074818665986
2034-03-13,0.620569520249489,0.454538184345488,0.4645860928956908,0.2864537443318265,0.4841068822473708,0.8150230809111743,0.6045350141680762,0.38968679280442403,11.341019133710732,11.25792606801794,11.160540244652593,11.238074816380905
2034-03-14,0.6205695202309192,0.45453818436212434,0.4645860928922471,0.28645374430394205,0.4841068822535963,0.8150230809151161,0.6045350141494399,0.389686792783136,11.341019131456047,11.257926065719392,11.160540242413328,11.238074814116056
2034-03-15,0.6205695202125099,0.4545381843786131,0.4645860928888347,0.286453744276305,0.4841068822597675,0.8150230809190272,0.6045350141309708,0.38968679276203827,11.341019129221344,11.25792606344121,11.16054024019389,11.238074811871272
2034-03-16,0.6205695201942623,0.4545381843949557,0.4645860928854486,0.2864537442489149,0.4841068822658822,0.8150230809229005,0.6045350141126649,0.3896867927411243,11.341019127006419,11.257926061183198,11.160540237994104,11.238074809646356
2034-03-17,0.6205695201761798,0.4545381844111522,0.46458609288209396,0.2864537442217655,0.4841068822719453,0.8150230809267388,0.6045350140945205,0.38968679272039464,11.341019124811103,11.257926058945182,11.160540235813794,11.238074807441139
2034-03-20,0.6205695201582544,0.4545381844272067,0.46458609287877145,0.28645374419485675,0.4841068822779535,0.8150230809305473,0.6045350140765365,0.3896867926998509,11.341019122635231,11.257926056726975,11.160540233652792,11.238074805255447
2034-03-21,0.6205695201404904,0.45453818444312094,0.4645860928754756,0.2864537441681877,0.48410688228390975,0.8150230809343182,0.6045350140587109,0.38968679267948797,11.341019120478618,11.257926054528419,11.160540231510925,11.238074803089116
2034-03-22,0.6205695201228829,0.4545381844588908,0.46458609287221253,0.28645374414175273,0.4841068822898115,0.8150230809380582,0.6045350140410463,0.389686792659305,11.341019118341114,11.25792605234932,11.160540229388024,11.238074800941968
2034-03-23,0.6205695201054295,0.4545381844745221,0.46458609286897734,0.2864537441155509,0.48410688229566223,0.8150230809417635,0.604535014023536,0.3896867926393022,11.341019116222526,11.25792605018952,11.160540227283914,11.23807479881382
2034-03-24,0.6205695200881334,0.4545381844900148,0.46458609286576846,0.28645374408958485,0.484106882301461,0.815023080945436,0.6045350140061819,0.389686792619477,11.341019114122709,11.257926048048853,11.160540225198453,11.23807479670453
2034-03-27,0.6205695200709886,0.45453818450537026,0.4645860928625889,0.2864537440638465,0.48410688230720705,0.8150230809490753,0.6045350139889798,0.38968679259982625,11.341019112041472,11.257926045927134,11.160540223131443,11.238074794613913
2034-03-28,0.6205695200539971,0.45453818452059147,0.4645860928594372,0.2864537440383367,0.4841068823129048,0.8150230809526853,0.6045350139719317,0.3896867925803475,11.341019109978673,11.257926043824195,11.160540221082739,11.23807479254181
2034-03-29,0.6205695200371546,0.45453818453567585,0.4645860928563119,0.2864537440130519,0.48410688231854926,0.815023080956262,0.6045350139550327,0.38968679256104366,11.34101910793413,11.257926041739887,11.160540219052173,11.23807479048804
2034-03-30,0.6205695200204611,0.4545381845506276,0.464586092853218,0.28645374398799117,0.4841068823241453,0.8150230809598054,0.6045350139382849,0.38968679254191024,11.341019105907707,11.257926039674034,11.160540217039594,11.23807478845247
2034-03-31,0.6205695200039167,0.4545381845654469,0.4645860928501502,0.28645374396315393,0.4841068823296921,0.8150230809633194,0.6045350139216854,0.38968679252294613,11.341019103899214,11.257926037626474,11.160540215044835,11.238074786434924
2034-04-03,0.6205695199875187,0.45453818458013584,0.46458609284710783,0.286453743938536,0.4841068823351894,0.8150230809668023,0.6045350139052323,0.38968679250415,11.341019101908511,11.257926035597043,11.160540213067739,11.23807478443524
2034-04-04,0.6205695199712644,0.45453818459469353,0.4645860928440943,0.2864537439141333,0.48410688234063826,0.8150230809702533,0.6045350138889252,0.38968679248551913,11.341019099935428,11.257926033585576,11.16054021110814,11.238074782453259
2034-04-05,0.6205695199551557,0.45453818460912176,0.4645860928411055,0.28645374388994965,0.4841068823460378,0.815023080973674,0.6045350138727617,0.3896867924670559,11.341019097979826,11.25792603159193,11.160540209165898,11.238074780488835
2034-04-06,0.6205695199391885,0.4545381846234233,0.4645860928381451,0.28645374386597805,0.48410688235139077,0.815023080977064,0.6045350138567434,0.38968679244875537,11.341019096041528,11.257926029615929,11.160540207240857,11.238074778541808
2034-04-07,0.6205695199233647,0.4545381846375973,0.4645860928352096,0.2864537438422213,0.4841068823566945,0.815023080980425,0.6045350138408647,0.3896867924306155,11.341019094120407,11.25792602765743,11.160540205332866,11.238074776612013
2034-04-10,0.6205695199076773,0.4545381846516473,0.4645860928323007,0.28645374381867256,0.48410688236195204,0.815023080983755,0.6045350138251274,0.38968679241263493,11.34101909221629,11.257926025716273,11.160540203441759,11.238074774699303
2034-04-11,0.6205695198921304,0.454538184665572,0.46458609282941676,0.2864537437953351,0.4841068823671645,0.8150230809870561,0.6045350138095285,0.3896867923948171,11.341019090329029,11.2579260237923,11.160540201567404,11.238074772803536
2034-04-12,0.6205695198767232,0.4545381846793732,0.4645860928265599,0.2864537437721997,0.48410688237233035,0.8150230809903274,0.6045350137940684,0.3896867923771551,11.341019088458488,11.257926021885368,11.160540199709642,11.238074770924552
2034-04-13,0.6205695198614511,0.45453818469305096,0.46458609282372887,0.2864537437492733,0.48410688237744903,0.8150230809935731,0.6045350137787449,0.38968679235965076,11.341019086604504,11.25792601999532,11.16054019786833,11.23807476906221
2034-04-14,0.6205695198463141,0.45453818470660945,0.4645860928209213,0.2864537437265504,0.48410688238252375,0.8150230809967839,0.6045350137635598,0.3896867923423,11.341019084766941,11.25792601812201,11.160540196043325,11.238074767216355
2034-04-17,0.6205695198313114,0.4545381847200477,0.4645860928181393,0.2864537437040256,0.48410688238755367,0.8150230809999717,0.6045350137485053,0.38968679232510467,11.34101908294565,11.257926016265285,11.160540194234489,11.23807476538685
2034-04-18,0.6205695198164405,0.45453818473336727,0.46458609281538216,0.286453743681702,0.48410688239253924,0.8150230810031295,0.6045350137335853,0.38968679230805964,11.341019081140482,11.257926014424998,11.160540192441651,11.238074763573538
2034-04-19,0.6205695198017017,0.4545381847465683,0.4645860928126484,0.28645374365957604,0.484106882397479,0.8150230810062586,0.6045350137187986,0.38968679229116565,11.341019079351293,11.257926012601006,11.160540190664696,11.238074761776284
2034-04-20,0.6205695197870944,0.4545381847596526,0.4645860928099392,0.2864537436376434,0.484106882402377,0.8150230810093605,0.6045350137041435,0.3896867922744223,11.341019077577958,11.257926010793168,11.160540188903473,11.238074759994946
2034-04-21,0.6205695197726177,0.4545381847726204,0.46458609280725344,0.2864537436159095,0.48410688240723,0.8150230810124369,0.6045350136896146,0.3896867922578267,11.341019075820318,11.25792600900134,11.160540187157855,11.238074758229388
2034-04-24,0.6205695197582664,0.454538184785475,0.46458609280459273,0.2864537435943652,0.48410688241204003,0.8150230810154817,0.6045350136752183,0.38968679224137764,11.34101907407824,11.25792600722537,11.160540185427683,11.238074756479444
2034-04-25,0.6205695197440414,0.45453818479821484,0.4645860928019544,0.2864537435730113,0.484106882416808,0.8150230810185032,0.6045350136609475,0.38968679222507413,11.341019072351592,11.257926005465132,11.160540183712836,11.238074754745007
2034-04-26,0.6205695197299446,0.4545381848108412,0.4645860927993395,0.2864537435518484,0.484106882421534,0.8150230810214955,0.6045350136468024,0.3896867922089164,11.341019070640233,11.257926003720486,11.160540182013172,11.23807475302593
2034-04-27,0.6205695197159715,0.4545381848233573,0.4645860927967477,0.28645374353087194,0.4841068824262178,0.8150230810244637,0.6045350136327836,0.38968679219290026,11.341019068944028,11.257926001991281,11.160540180328566,11.238074751322072
2034-04-28,0.6205695197021237,0.4545381848357596,0.46458609279418095,0.2864537435100798,0.4841068824308612,0.8150230810274061,0.6045350136188868,0.3896867921770269,11.341019067262842,11.257926000277386,11.160540178658865,11.2380747496333
2034-05-01,0.6205695196883971,0.45453818484805697,0.4645860927916356,0.2864537434894733,0.484106882435462,0.8150230810303193,0.6045350136051171,0.3896867921612937,11.341019065596539,11.257925998578674,11.16054017700395,11.238074747959486
2034-05-02,0.6205695196747912,0.454538184860241,0.4645860927891117,0.2864537434690495,0.4841068824400232,0.8150230810332084,0.6045350135914681,0.3896867921457014,11.341019063944994,11.257925996894992,11.160540175363689,11.238074746300496
2034-05-03,0.6205695196613079,0.45453818487231856,0.46458609278661034,0.2864537434488051,0.4841068824445429,0.8150230810360701,0.6045350135779378,0.3896867921302436,11.341019062308073,11.257925995226229,11.16054017373796,11.238074744656187
2034-05-04,0.620569519647945,0.4545381848842891,0.4645860927841324,0.28645374342874136,0.4841068824490224,0.8150230810389092,0.6045350135645294,0.38968679211492413,11.341019060685642,11.257925993572243,11.16054017212662,11.238074743026443
2034-05-05,0.6205695196346961,0.45453818489615444,0.4645860927816778,0.28645374340885515,0.48410688245346334,0.8150230810417222,0.6045350135512383,0.3896867920997415,11.34101905907758,11.257925991932895,11.160540170529552,11.238074741411124
2034-05-08,0.6205695196215673,0.4545381849079135,0.4645860927792416,0.2864537433891438,0.48410688245786426,0.8150230810445087,0.6045350135380657,0.3896867920846939,11.34101905748376,11.257925990308063,11.160540168946627,11.238074739810113
2034-05-09,0.6205695196085557,0.4545381849195674,0.46458609277682794,0.28645374336960716,0.4841068824622256,0.8150230810472731,0.604535013525009,0.389686792069777,11.34101905590405,11.257925988697624,11.160540167377713,11.238074738223279
2034-05-10,0.6205695195956585,0.45453818493112164,0.4645860927744372,0.2864537433502452,0.48410688246655154,0.8150230810500121,0.60453501351207,0.3896867920549938,11.341019054338327,11.25792598710144,11.160540165822692,11.238074736650495
2034-05-11,0.620569519582872,0.45453818494257225,0.4645860927720649,0.2864537433310543,0.4841068824708364,0.8150230810527259,0.6045350134992427,0.3896867920403409,11.341019052786464,11.257925985519396,11.160540164281432,11.238074735091637
2034-05-12,0.6205695195702035,0.4545381849539202,0.46458609276971713,0.28645374331203316,0.48410688247508316,0.815023081055418,0.6045350134865305,0.3896867920258182,11.34101905124835,11.257925983951356,11.160540162753836,11.238074733546583
2034-05-15,0.6205695195576459,0.45453818496516873,0.4645860927673864,0.28645374329318096,0.48410688247929323,0.8150230810580846,0.6045350134739305,0.38968679201142525,11.341019049723851,11.257925982397204,11.160540161239755,11.238074732015207
2034-05-16,0.6205695195451975,0.45453818497631643,0.4645860927650794,0.2864537432744924,0.48410688248346473,0.815023081060727,0.6045350134614416,0.3896867919971582,11.341019048212853,11.257925980856808,11.160540159739085,11.238074730497395
2034-05-17,0.6205695195328624,0.454538184987367,0.4645860927627905,0.28645374325597217,0.48410688248760103,0.8150230810633458,0.604535013449065,0.38968679198301787,11.34101904671523,11.257925979330054,11.160540158251703,11.23807472899302
2034-05-18,0.6205695195206347,0.4545381849983177,0.46458609276052276,0.28645374323761685,0.4841068824917011,0.8150230810659421,0.6045350134367974,0.38968679196900213,11.34101904523088,11.25792597781682,11.160540156777484,11.238074727501967
2034-05-19,0.6205695195085156,0.4545381850091732,0.46458609275827567,0.286453743219421,0.4841068824957622,0.8150230810685157,0.6045350134246367,0.3896867919551112,11.341019043759662,11.257925976316981,11.160540155316326,11.238074726024117
2034-05-22,0.6205695194965007,0.45453818501993304,0.46458609275604745,0.28645374320139,0.48410688249978956,0.815023081071068,0.6045350134125849,0.38968679194134237,11.341019042301477,11.257925974830432,11.160540153868112,11.238074724559352
2034-05-23,0.6205695194845979,0.45453818503059523,0.46458609275383944,0.2864537431835158,0.4841068825037815,0.815023081073594,0.6045350134006392,0.3896867919276989,11.341019040856203,11.25792597335704,11.16054015243271,11.238074723107557
2034-05-24,0.620569519472798,0.4545381850411663,0.46458609275165075,0.28645374316580163,0.4841068825077367,0.8150230810761019,0.604535013388801,0.3896867919141704,11.341019039423724,11.257925971896695,11.160540151010027,11.23807472166862
2034-05-25,0.6205695194611036,0.45453818505164123,0.4645860927494828,0.28645374314824223,0.4841068825116557,0.8150230810785829,0.6045350133770663,0.38968679190076433,11.34101903800393,11.257925970449271,11.160540149599933,11.238074720242418
2034-05-26,0.6205695194495096,0.45453818506202387,0.46458609274733154,0.2864537431308403,0.484106882515543,0.8150230810810456,0.6045350133654357,0.3896867918874794,11.34101903659671,11.257925969014684,11.160540148202333,11.238074718828857
2034-05-29,0.6205695194380214,0.4545381850723139,0.4645860927452025,0.28645374311359095,0.48410688251939477,0.8150230810834845,0.6045350133539076,0.3896867918743094,11.341019035201946,11.257925967592785,11.160540146817102,11.238074717427802
2034-05-30,0.6205695194266307,0.4545381850825132,0.46458609274309015,0.28645374309649424,0.4841068825232113,0.8150230810859026,0.6045350133424819,0.38968679186125815,11.341019033819531,11.257925966183485,11.160540145444138,11.238074716039153
2034-05-31,0.6205695194153465,0.45453818509262434,0.464586092740997,0.28645374307954924,0.48410688252699385,0.8150230810883013,0.604535013331159,0.3896867918483201,11.341019032449362,11.25792596478665,11.160540144083333,11.238074714662801
2034-06-01,0.6205695194041609,0.4545381851026441,0.4645860927389221,0.28645374306275756,0.4841068825307445,0.8150230810906758,0.604535013319935,0.3896867918354974,11.341019031091324,11.257925963402203,11.160540142734575,11.238074713298642
2034-06-02,0.6205695193930729,0.4545381851125757,0.4645860927368658,0.2864537430461101,0.48410688253446144,0.8150230810930322,0.6045350133088101,0.3896867918227872,11.341019029745315,11.257925962030003,11.160540141397764,11.238074711946556
2034-06-05,0.6205695193820826,0.45453818512241795,0.46458609273482676,0.2864537430296114,0.48410688253814593,0.8150230810953635,0.604535013297784,0.38968679181019245,11.341019028411221,11.257925960669958,11.16054014007279,11.238074710606442
2034-06-06,0.6205695193711902,0.4545381851321744,0.4645860927328067,0.28645374301326004,0.4841068825417968,0.8150230810976773,0.604535013286856,0.38968679179770693,11.341019027088938,11.257925959321952,11.160540138759544,11.2380747092782
2034-06-07,0.620569519360394,0.45453818514184363,0.46458609273080603,0.28645374299705334,0.4841068825454161,0.8150230810999697,0.604535013276023,0.3896867917853322,11.341019025778369,11.257925957985885,11.160540137457934,11.238074707961708
2034-06-08,0.6205695193496931,0.4545381851514291,0.4645860927288204,0.2864537429809871,0.4841068825490028,0.8150230811022415,0.604535013265286,0.3896867917730683,11.341019024479401,11.257925956661644,11.160540136167844,11.238074706656887
2034-06-09,0.6205695193390874,0.45453818516092825,0.46458609272685536,0.28645374296506626,0.48410688255255935,0.8150230811044932,0.6045350132546454,0.38968679176091175,11.341019023191928,11.257925955349132,11.160540134889176,11.238074705363617
2034-06-12,0.6205695193285757,0.45453818517034233,0.4645860927249044,0.28645374294928533,0.48410688255608314,0.8150230811067247,0.6045350132440981,0.3896867917488634,11.341019021915866,11.257925954048245,11.160540133621833,11.238074704081793
2034-06-13,0.6205695193181584,0.45453818517967537,0.46458609272297235,0.28645374293364445,0.48410688255957524,0.8150230811089386,0.604535013233648,0.3896867917369196,11.341019020651101,11.257925952758875,11.160540132365712,11.238074702811321
2034-06-14,0.6205695193078327,0.4545381851889241,0.4645860927210552,0.28645374291814213,0.48410688256303624,0.8150230811111302,0.6045350132232853,0.38968679172508447,11.341019019397535,11.257925951480917,11.16054013112071,11.238074701552103
2034-06-15,0.6205695192975973,0.45453818519809097,0.4645860927191598,0.2864537429027757,0.48410688256646706,0.8150230811133028,0.6045350132130173,0.389686791713354,11.341019018155063,11.25792595021428,11.160540129886728,11.238074700304027
2034-06-16,0.6205695192874523,0.4545381852071768,0.46458609271727935,0.2864537428875461,0.4841068825698692,0.8150230811154591,0.6045350132028393,0.38968679170172543,11.341019016923594,11.257925948958853,11.160540128663685,11.238074699067006
2034-06-19,0.6205695192773992,0.4545381852161845,0.46458609271541557,0.2864537428724534,0.4841068825732377,0.8150230811175948,0.6045350131927534,0.38968679169020165,11.341019015703031,11.25792594771455,11.160540127451462,11.238074697840942
2034-06-20,0.6205695192674312,0.4545381852251092,0.4645860927135652,0.28645374285749264,0.4841068825765803,0.8150230811197089,0.6045350131827528,0.38968679167877956,11.34101901449328,11.257925946481263,11.160540126249977,11.238074696625734
2034-06-21,0.620569519257554,0.4545381852339567,0.46458609271173373,0.28645374284266356,0.4841068825798913,0.8150230811218069,0.604535013172843,0.38968679166745784,11.341019013294238,11.257925945258895,11.160540125059129,11.238074695421279
2034-06-22,0.6205695192477653,0.45453818524272377,0.46458609270992024,0.28645374282796626,0.4841068825831719,0.8150230811238856,0.6045350131630205,0.3896867916562377,11.341019012105809,11.257925944047345,11.160540123878826,11.238074694227493
2034-06-23,0.6205695192380627,0.45453818525141615,0.4645860927081195,0.2864537428133999,0.4841068825864236,0.8150230811259453,0.604535013153285,0.3896867916451155,11.34101901092791,11.25792594284653,11.160540122708978,11.238074693044277
2034-06-26,0.6205695192284449,0.45453818526002915,0.46458609270633483,0.2864537427989629,0.48410688258964873,0.8150230811279882,0.6045350131436353,0.38968679163409237,11.341019009760439,11.257925941656351,11.160540121549483,11.238074691871539
2034-06-27,0.6205695192189126,0.4545381852685658,0.46458609270456813,0.28645374278465224,0.4841068825928435,0.8150230811300113,0.604535013134072,0.38968679162316716,11.34101900860331,11.257925940476705,11.160540120400256,11.238074690709187
2034-06-28,0.6205695192094671,0.45453818527702783,0.4645860927028155,0.28645374277046837,0.48410688259601076,0.8150230811320204,0.6045350131245938,0.38968679161233727,11.34101900745642,11.257925939307505,11.16054011926121,11.238074689557129
2034-06-29,0.6205695192001035,0.45453818528541656,0.46458609270107837,0.2864537427564102,0.48410688259915124,0.8150230811340071,0.6045350131151975,0.38968679160160546,11.34101900631968,11.257925938148661,11.160540118132246,11.238074688415269
2034-06-30,0.6205695191908208,0.45453818529373013,0.4645860926993581,0.286453742742477,0.48410688260226126,0.8150230811359787,0.6045350131058868,0.38968679159096625,11.341019005193013,11.25792593700007,11.16054011701328,11.238074687283516
2034-07-03,0.620569519181622,0.45453818530196904,0.464586092697652,0.28645374272866736,0.4841068826053443,0.8150230811379312,0.6045350130966569,0.3896867915804224,11.341019004076326,11.257925935861657,11.160540115904222,11.238074686161784
2034-07-04,0.6205695191725049,0.454538185310134,0.4645860926959624,0.2864537427149789,0.4841068826084004,0.8150230811398663,0.6045350130875101,0.38968679156997177,11.341019002969519,11.257925934733326,11.160540114804991,11.238074685049995
2034-07-05,0.6205695191634673,0.45453818531822787,0.46458609269428575,0.2864537427014149,0.4841068826114301,0.8150230811417859,0.6045350130784438,0.38968679155961317,11.341019001872514,11.257925933614978,11.160540113715477,11.238074683948042
2034-07-06,0.6205695191545133,0.45453818532625,0.4645860926926242,0.28645374268796897,0.4841068826144329,0.8150230811436882,0.6045350130694572,0.3896867915493473,11.341019000785233,11.257925932506541,11.16054011263562,11.238074682855848
2034-07-07,0.6205695191456333,0.454538185334201,0.46458609269097795,0.2864537426746412,0.48410688261740686,0.8150230811455728,0.6045350130605499,0.38968679153917346,11.341018999707565,11.25792593140791,11.160540111565322,11.238074681773329
2034-07-10,0.6205695191368369,0.4545381853420817,0.4645860926893469,0.28645374266143137,0.4841068826203577,0.815023081147441,0.6045350130517231,0.38968679152908886,11.341018998639452,11.257925930319017,11.160540110504511,11.238074680700393
2034-07-11,0.6205695191281154,0.4545381853498944,0.4645860926877282,0.2864537426483394,0.4841068826232813,0.8150230811492954,0.6045350130429724,0.38968679151909175,11.341018997580786,11.257925929239757,11.160540109453084,11.238074679636957
2034-07-12,0.6205695191194714,0.4545381853576367,0.46458609268612505,0.2864537426353634,0.4841068826261802,0.8150230811511285,0.6045350130342999,0.3896867915091849,11.341018996531503,11.257925928170058,11.160540108410967,11.23807467858293
2034-07-13,0.6205695191109055,0.45453818536530927,0.464586092684537,0.28645374262250267,0.48410688262905094,0.8150230811529493,0.6045350130257043,0.38968679149936564,11.341018995491506,11.257925927109833,11.160540107378079,11.238074677538247
2034-07-14,0.6205695191024131,0.4545381853729135,0.4645860926829619,0.2864537426097529,0.4841068826318973,0.815023081154749,0.6045350130171846,0.38968679148963253,11.341018994460715,11.257925926058984,11.160540106354325,11.238074676502809
2034-07-17,0.6205695190939953,0.45453818538045243,0.4645860926814023,0.28645374259712064,0.48410688263471824,0.8150230811565369,0.6045350130087417,0.38968679147998714,11.341018993439063,11.25792592501746,11.16054010533966,11.23807467547654
2034-07-18,0.6205695190856552,0.45453818538792523,0.4645860926798531,0.28645374258459694,0.4841068826375149,0.8150230811583085,0.6045350130003726,0.3896867914704249,11.341018992426443,11.257925923985143,11.160540104333965,11.238074674459362
2034-07-19,0.6205695190773893,0.45453818539533053,0.4645860926783213,0.28645374257218553,0.484106882640286,0.8150230811600642,0.604535012992076,0.3896867914609488,11.341018991422798,11.257925922961972,11.160540103337178,11.238074673451187
2034-07-20,0.6205695190691956,0.45453818540266844,0.46458609267680057,0.28645374255988415,0.4841068826430335,0.8150230811618042,0.604535012983855,0.3896867914515572,11.341018990428035,11.257925921947855,11.160540102349215,11.238074672451933
2034-07-21,0.620569519061072,0.45453818540994323,0.4645860926752955,0.28645374254769085,0.4841068826457553,0.8150230811635301,0.6045350129757078,0.3896867914422472,11.341018989442084,11.25792592094273,11.160540101370003,11.238074671461543
2034-07-24,0.620569519053023,0.4545381854171528,0.4645860926738015,0.28645374253560557,0.4841068826484549,0.8150230811652371,0.6045350129676311,0.38968679143301904,11.341018988464864,11.257925919946494,11.160540100399462,11.238074670479916
2034-07-25,0.620569519045042,0.45453818542430086,0.4645860926723229,0.2864537425236264,0.4841068826511288,0.8150230811669319,0.604535012959625,0.3896867914238747,11.341018987496291,11.257925918959081,11.16054009943751,11.238074669506974
2034-07-26,0.6205695190371372,0.4545381854313818,0.464586092670856,0.2864537425117545,0.4841068826537804,0.8150230811686121,0.60453501295169,0.38968679141481094,11.3410189865363,11.257925917980417,11.16054009848408,11.23807466854265
2034-07-27,0.6205695190292979,0.4545381854384045,0.46458609266940265,0.2864537424999895,0.4841068826564079,0.8150230811702772,0.6045350129438258,0.3896867914058271,11.341018985584814,11.257925917010414,11.160540097539096,11.23807466758687
2034-07-28,0.6205695190215299,0.4545381854453616,0.4645860926679622,0.286453742488325,0.4841068826590115,0.815023081171926,0.6045350129360327,0.38968679139692225,11.341018984641744,11.257925916049002,11.160540096602475,11.238074666639553
2034-07-31,0.6205695190138314,0.45453818545225666,0.4645860926665327,0.2864537424767648,0.4841068826615926,0.8150230811735599,0.6045350129283077,0.3896867913880973,11.341018983707025,11.257925915096099,11.160540095674143,11.238074665700616
2034-08-01,0.6205695190061976,0.45453818545909525,0.46458609266511913,0.28645374246530964,0.48410688266415125,0.8150230811751829,0.6045350129206503,0.38968679137934925,11.34101898278059,11.257925914151643,11.160540094754042,11.238074664770002
2034-08-02,0.6205695189986355,0.45453818546586944,0.4645860926637161,0.2864537424539535,0.4841068826666869,0.8150230811767895,0.6045350129130609,0.3896867913706802,11.34101898186236,11.25792591321554,11.160540093842084,11.238074663847625
2034-08-03,0.6205695189911369,0.45453818547258507,0.46458609266232626,0.286453742442699,0.4841068826692001,0.8150230811783813,0.6045350129055388,0.38968679136208645,11.341018980952247,11.257925912287732,11.160540092938199,11.23807466293341
2034-08-04,0.6205695189837064,0.4545381854792392,0.46458609266094963,0.2864537424315427,0.48410688267169,0.8150230811799568,0.6045350128980849,0.38968679135356915,11.341018980050201,11.25792591136814,11.16054009204232,11.2380746620273
2034-08-07,0.6205695189763414,0.45453818548583613,0.4645860926595817,0.2864537424204873,0.484106882674159,0.8150230811815207,0.6045350128906947,0.3896867913451276,11.341018979156146,11.257925910456686,11.160540091154369,11.238074661129202
2034-08-08,0.6205695189690426,0.45453818549237335,0.4645860926582274,0.28645374240952537,0.4841068826766056,0.8150230811830705,0.6045350128833706,0.38968679133676143,11.341018978269998,11.257925909553308,11.16054009027428,11.23807466023907
2034-08-09,0.6205695189618068,0.4545381854988548,0.4645860926568857,0.28645374239866667,0.48410688267903257,0.815023081184609,0.6045350128761118,0.3896867913284669,11.341018977391705,11.257925908657924,11.160540089401985,11.23807465935681
2034-08-10,0.6205695189546371,0.45453818550527814,0.46458609265555717,0.2864537423878994,0.4841068826814362,0.8150230811861304,0.6045350128689181,0.3896867913202476,11.341018976521188,11.25792590777047,11.160540088537417,11.23807465848236
2034-08-11,0.6205695189475294,0.4545381855116435,0.4645860926542379,0.28645374237723065,0.4841068826838181,0.8150230811876401,0.6045350128617849,0.38968679131210165,11.341018975658368,11.25792590689087,11.160540087680504,11.238074657615657
2034-08-14,0.6205695189404846,0.4545381855179533,0.46458609265293216,0.2864537423666552,0.48410688268617896,0.8150230811891351,0.604535012854719,0.3896867913040266,11.34101897480321,11.257925906019068,11.160540086831185,11.238074656756634
2034-08-15,0.6205695189335033,0.45453818552420683,0.464586092651637,0.28645374235617316,0.4841068826885203,0.8150230811906192,0.6045350128477119,0.38968679129602396,11.341018973955602,11.257925905154977,11.160540085989375,11.238074655905207
2034-08-16,0.620569518926582,0.45453818553040537,0.46458609265035405,0.28645374234578386,0.48410688269083996,0.8150230811920877,0.6045350128407692,0.3896867912880908,11.341018973115515,11.257925904298544,11.160540085155022,11.238074655061324
2034-08-17,0.6205695189197229,0.4545381855365497,0.46458609264908174,0.28645374233548637,0.48410688269313973,0.8150230811935452,0.6045350128338861,0.3896867912802307,11.34101897228286,11.25792590344969,11.16054008432806,11.238074654224922
2034-08-18,0.6205695189129249,0.45453818554263814,0.4645860926478208,0.2864537423252811,0.48410688269541896,0.8150230811949868,0.6045350128270678,0.38968679127243827,11.34101897145758,11.257925902608354,11.160540083508419,11.238074653395918
2034-08-21,0.6205695189061881,0.4545381855486722,0.46458609264657225,0.28645374231516446,0.4841068826976755,0.8150230811964193,0.6045350128203073,0.3896867912647151,11.341018970639606,11.257925901774469,11.160540082696036,11.238074652574248
2034-08-22,0.6205695188995085,0.4545381855546559,0.46458609264533235,0.2864537423051408,0.4841068826999144,0.8150230811978378,0.6045350128136052,0.38968679125706057,11.341018969828871,11.257925900947958,11.160540081890842,11.238074651759858
2034-08-23,0.6205695188928887,0.45453818556058473,0.46458609264410566,0.2864537422952013,0.4841068827021351,0.8150230811992419,0.6045350128069642,0.3896867912494711,11.34101896902532,11.257925900128779,11.160540081092787,11.238074650952687
2034-08-24,0.6205695188863283,0.45453818556646064,0.46458609264288697,0.28645374228535264,0.4841068827043341,0.8150230812006357,0.60453501280038,0.3896867912419518,11.341018968228882,11.257925899316852,11.160540080301795,11.238074650152658
2034-08-25,0.6205695188798245,0.4545381855722858,0.4645860926416824,0.28645374227558984,0.4841068827065137,0.8150230812020164,0.604535012793858,0.3896867912344986,11.341018967439505,11.257925898512115,11.1605400795178,11.238074649359712
2034-08-28,0.6205695188733802,0.45453818557805775,0.46458609264048856,0.2864537422659145,0.4841068827086745,0.8150230812033851,0.6045350127873903,0.3896867912271123,11.341018966657105,11.257925897714495,11.16054007874076,11.238074648573786
2034-08-29,0.6205695188669931,0.45453818558377945,0.46458609263930295,0.28645374225632547,0.4841068827108167,0.8150230812047429,0.604535012780981,0.3896867912197896,11.341018965881634,11.257925896923936,11.16054007797059,11.23807464779482
2034-08-30,0.6205695188606608,0.45453818558945047,0.4645860926381283,0.28645374224681935,0.4841068827129379,0.8150230812060862,0.6045350127746296,0.3896867912125332,11.34101896511304,11.257925896140387,11.160540077207243,11.238074647022756
2034-08-31,0.6205695188543863,0.45453818559507114,0.46458609263696626,0.2864537422373981,0.4841068827150423,0.8150230812074176,0.6045350127683333,0.3896867912053393,11.341018964351246,11.257925895363774,11.160540076450655,11.238074646257525
2034-09-01,0.6205695188481659,0.45453818560064163,0.4645860926358112,0.2864537422280614,0.4841068827171259,0.8150230812087395,0.6045350127620939,0.38968679119821065,11.341018963596191,11.257925894594035,11.160540075700764,11.238074645499069
2034-09-04,0.6205695188420043,0.4545381856061628,0.46458609263466744,0.28645374221880626,0.48410688271919444,0.8150230812100498,0.6045350127559084,0.38968679119114585,11.34101896284783,11.257925893831112,11.160540074957515,11.238074644747329
2034-09-05,0.6205695188358917,0.45453818561163617,0.4645860926335362,0.28645374220963177,0.48410688272124175,0.8150230812113458,0.6045350127497777,0.38968679118414296,11.34101896210609,11.257925893074944,11.160540074220842,11.238074644002248
2034-09-06,0.620569518829835,0.4545381856170612,0.46458609263240974,0.28645374220054076,0.48410688272327024,0.815023081212631,0.6045350127437012,0.3896867911772001,11.341018961370919,11.257925892325476,11.160540073490706,11.238074643263763
2034-09-07,0.6205695188238323,0.4545381856224364,0.46458609263129824,0.28645374219153036,0.4841068827252813,0.8150230812139044,0.6045350127376807,0.3896867911703183,11.34101896064226,11.257925891582643,11.160540072767022,11.238074642531812
2034-09-08,0.6205695188178831,0.4545381856277657,0.464586092630195,0.28645374218259845,0.48410688272727875,0.8150230812151701,0.6045350127317107,0.3896867911635002,11.341018959920051,11.257925890846385,11.160540072049749,11.238074641806348
2034-09-11,0.6205695188119883,0.4545381856330468,0.46458609262910167,0.28645374217374564,0.48410688272925567,0.8150230812164209,0.6045350127257936,0.38968679115674315,11.34101895920424,11.257925890116647,11.160540071338833,11.238074641087309
2034-09-12,0.6205695188061426,0.4545381856382812,0.4645860926280181,0.28645374216497244,0.4841068827312133,0.8150230812176644,0.60453501271993,0.3896867911500439,11.34101895849477,11.257925889393375,11.16054007063421,11.238074640374641
2034-09-13,0.6205695188003498,0.4545381856434696,0.46458609262694406,0.2864537421562763,0.48410688273315494,0.8150230812188919,0.6045350127141185,0.38968679114340377,11.341018957791572,11.257925888676496,11.160540069935818,11.238074639668271
2034-09-14,0.6205695187946092,0.45453818564861287,0.46458609262587797,0.2864537421476563,0.48410688273507985,0.81502308122011,0.6045350127083565,0.3896867911368234,11.34101895709461,11.257925887965971,11.160540069243615,11.238074638968161
2034-09-15,0.62056951878892,0.4545381856537093,0.46458609262482453,0.2864537421391143,0.48410688273698843,0.8150230812213205,0.604535012702648,0.3896867911303013,11.341018956403815,11.257925887261736,11.160540068557545,11.23807463827425
2034-09-18,0.6205695187832778,0.45453818565876253,0.46458609262377815,0.2864537421306474,0.4841068827388796,0.8150230812225169,0.6045350126969892,0.38968679112383653,11.341018955719134,11.257925886563745,11.160540067877553,11.238074637586486
2034-09-19,0.6205695187776895,0.4545381856637694,0.46458609262273987,0.2864537421222532,0.4841068827407543,0.815023081223705,0.6045350126913809,0.3896867911174279,11.341018955040516,11.257925885871922,11.160540067203572,11.238074636904809
2034-09-20,0.620569518772148,0.45453818566873017,0.46458609262171247,0.28645374211393654,0.48410688274261027,0.815023081224882,0.6045350126858224,0.38968679111107657,11.341018954367915,11.257925885186236,11.160540066535567,11.238074636229172
2034-09-21,0.6205695187666589,0.45453818567364934,0.46458609262069495,0.286453742105692,0.48410688274445224,0.8150230812260484,0.6045350126803118,0.3896867911047836,11.341018953701262,11.257925884506614,11.16054006587347,11.238074635559514
2034-09-22,0.6205695187612139,0.454538185678524,0.46458609261968503,0.2864537420975205,0.4841068827462756,0.8150230812272037,0.6045350126748515,0.3896867910985442,11.341018953040521,11.257925883833014,11.16054006521724,11.238074634895792
2034-09-25,0.6205695187558176,0.4545381856833557,0.4645860926186849,0.286453742089422,0.48410688274808356,0.8150230812283489,0.6045350126694367,0.38968679109236054,11.341018952385628,11.257925883165377,11.160540064566817,11.238074634237936
2034-09-26,0.6205695187504716,0.4545381856881475,0.46458609261769357,0.286453742081394,0.4841068827498757,0.8150230812294834,0.6045350126640742,0.38968679108623144,11.341018951736526,11.257925882503654,11.160540063922154,11.23807463358591
2034-09-27,0.6205695187451723,0.454538185692892,0.46458609261671185,0.2864537420734383,0.4841068827516535,0.815023081230611,0.6045350126587555,0.38968679108015825,11.341018951093176,11.25792588184779,11.160540063283204,11.238074632939664
2034-09-28,0.6205695187399198,0.4545381856975975,0.46458609261573547,0.2864537420655515,0.48410688275341446,0.8150230812317248,0.6045350126534857,0.3896867910741368,11.341018950455517,11.257925881197728,11.16054006264991,11.238074632299126
2034-09-29,0.6205695187347133,0.4545381857022617,0.46458609261477124,0.28645374205773655,0.4841068827551599,0.8150230812328304,0.6045350126482633,0.38968679106817056,11.34101894982351,11.257925880553428,11.160540062022214,11.23807463166428
2034-10-02,0.6205695187295537,0.45453818570688315,0.46458609261381417,0.28645374204999047,0.48410688275688807,0.8150230812339274,0.6045350126430854,0.389686791062255,11.34101894919711,11.257925879914838,11.160540061400097,11.238074631035037
2034-10-03,0.6205695187244391,0.4545381857114633,0.4645860926128656,0.2864537420423131,0.4841068827586043,0.8150230812350114,0.6045350126379535,0.38968679105639337,11.34101894857624,11.257925879281881,11.160540060783466,11.23807463041137
2034-10-04,0.620569518719371,0.45453818571600335,0.46458609261192574,0.2864537420347014,0.4841068827603032,0.815023081236089,0.6045350126328677,0.3896867910505833,11.34101894796087,11.257925878654554,11.16054006017231,11.238074629793228
2034-10-05,0.620569518714345,0.45453818572050436,0.4645860926109935,0.28645374202716,0.484106882761985,0.8150230812371554,0.6045350126278273,0.38968679104482457,11.341018947350955,11.257925878032767,11.160540059566566,11.238074629180563
2034-10-06,0.6205695187093662,0.4545381857249633,0.46458609261006956,0.2864537420196826,0.4841068827636559,0.8150230812382129,0.6045350126228322,0.3896867910391163,11.34101894674644,11.257925877416492,11.16054005896618,11.238074628573322
2034-10-09,0.6205695187044291,0.4545381857293853,0.46458609260915434,0.28645374201227436,0.48410688276531,0.8150230812392611,0.6045350126178792,0.38968679103345916,11.341018946147274,11.25792587680567,11.160540058371103,11.238074627971445
2034-10-10,0.6205695186995385,0.45453818573376686,0.46458609260824835,0.28645374200492907,0.48410688276694974,0.8150230812403,0.6045350126129722,0.38968679102785103,11.341018945553412,11.25792587620026,11.160540057781308,11.238074627374916
2034-10-11,0.6205695186946889,0.45453818573811083,0.46458609260734884,0.28645374199764945,0.48410688276857555,0.8150230812413286,0.6045350126081048,0.3896867910222955,11.341018944964814,11.257925875600208,11.160540057196735,11.23807462678366
2034-10-12,0.6205695186898839,0.45453818574241456,0.4645860926064573,0.28645374199043666,0.4841068827701873,0.8150230812423501,0.6045350126032848,0.38968679101678527,11.341018944381425,11.257925875005471,11.160540056617336,11.238074626197639
2034-10-13,0.6205695186851202,0.4545381857466811,0.46458609260557326,0.2864537419832865,0.4841068827717835,0.8150230812433621,0.604535012598506,0.3896867910113255,11.341018943803205,11.257925874415998,11.160540056043057,11.238074625616804
2034-10-16,0.6205695186803979,0.45453818575090893,0.4645860926046972,0.28645374197619894,0.4841068827733656,0.8150230812443636,0.6045350125937697,0.38968679100591513,11.341018943230099,11.257925873831748,11.16054005547387,11.238074625041119
2034-10-17,0.6205695186757219,0.45453818575509874,0.46458609260383155,0.28645374196917334,0.4841068827749345,0.8150230812453574,0.6045350125890752,0.38968679100055165,11.341018942662066,11.257925873252667,11.160540054909726,11.238074624470526
2034-10-18,0.6205695186710831,0.4545381857592532,0.46458609260297046,0.28645374196221013,0.4841068827764897,0.8150230812463417,0.6045350125844214,0.38968679099523634,11.341018942099073,11.257925872678717,11.160540054350577,11.238074623904993
2034-10-19,0.6205695186664875,0.4545381857633712,0.4645860926021175,0.2864537419553092,0.48410688277803104,0.8150230812473185,0.604535012579811,0.38968679098996856,11.341018941541062,11.257925872109851,11.16054005379638,11.238074623344462
2034-10-20,0.6205695186619313,0.454538185767453,0.4645860926012745,0.28645374194846984,0.48410688277955816,0.8150230812482853,0.6045350125752385,0.3896867909847452,11.341018940987993,11.257925871546018,11.160540053247091,11.23807462278889
2034-10-23,0.6205695186574154,0.4545381857714963,0.464586092600436,0.2864537419416918,0.4841068827810707,0.8150230812492452,0.6045350125707082,0.38968679097956993,11.341018940439811,11.25792587098718,11.160540052702656,11.238074622238246
2034-10-24,0.62056951865294,0.45453818577550464,0.46458609259960465,0.2864537419349727,0.4841068827825716,0.8150230812501955,0.6045350125662176,0.3896867909744391,11.34101893989649,11.257925870433285,11.160540052163045,11.238074621692473
2034-10-25,0.6205695186485027,0.4545381857794777,0.46458609259878303,0.28645374192831363,0.48410688278405944,0.8150230812511369,0.6045350125617676,0.3896867909693548,11.341018939357983,11.2579258698843,11.160540051628221,11.238074621151531
2034-10-26,0.6205695186441074,0.45453818578341504,0.4645860925979676,0.2864537419217127,0.48410688278553177,0.8150230812520699,0.6045350125573552,0.38968679096431474,11.34101893882424,11.25792586934018,11.160540051098126,11.238074620615388
2034-10-27,0.6205695186397479,0.45453818578731847,0.46458609259715966,0.2864537419151696,0.48410688278699354,0.8150230812529964,0.6045350125529816,0.3896867909593203,11.341018938295223,11.257925868800866,11.16054005057272,11.23807462008398
2034-10-30,0.6205695186354281,0.4545381857911888,0.46458609259635786,0.28645374190868456,0.48410688278844155,0.8150230812539128,0.6045350125486495,0.38968679095436937,11.341018937770896,11.257925868266343,11.160540050051978,11.238074619557292
2034-10-31,0.6205695186311477,0.4545381857950229,0.46458609259556294,0.2864537419022588,0.48410688278987646,0.8150230812548229,0.6045350125443533,0.3896867909494621,11.34101893725121,11.257925867736546,11.160540049535845,11.238074619035258
2034-11-01,0.6205695186269058,0.45453818579882377,0.4645860925947777,0.2864537418958895,0.4841068827912997,0.8150230812557225,0.604535012540097,0.38968679094459807,11.341018936736116,11.257925867211435,11.160540049024274,11.238074618517844
2034-11-02,0.6205695186227005,0.45453818580258964,0.4645860925939968,0.28645374188957323,0.4841068827927088,0.8150230812566167,0.6045350125358756,0.38968679093977915,11.341018936225595,11.257925866690973,11.160540048517237,11.238074618005014
2034-11-03,0.6205695186185314,0.45453818580632177,0.4645860925932235,0.286453741883318,0.48410688279410485,0.8150230812575023,0.6045350125316951,0.3896867909350002,11.34101893571959,11.257925866175126,11.16054004801469,11.238074617496729
2034-11-06,0.6205695186144007,0.45453818581002403,0.46458609259245914,0.28645374187711364,0.48410688279548986,0.8150230812583771,0.6045350125275494,0.38968679093026576,11.341018935218065,11.257925865663847,11.160540047516598,11.23807461699294
2034-11-07,0.620569518610306,0.4545381858136904,0.46458609259169814,0.28645374187096656,0.4841068827968644,0.8150230812592498,0.6045350125234409,0.38968679092557196,11.341018934720976,11.25792586515709,11.160540047022911,11.238074616493618
2034-11-08,0.6205695186062476,0.45453818581732586,0.4645860925909466,0.28645374186487493,0.484106882798224,0.8150230812601096,0.6045350125193701,0.3896867909209208,11.341018934228298,11.25792586465483,11.1605400465336,11.238074615998713
2034-11-09,0.620569518602224,0.45453818582092975,0.4645860925901989,0.2864537418588364,0.48410688279957237,0.8150230812609656,0.6045350125153331,0.38968679091631026,11.341018933739976,11.257925864157002,11.160540046048615,11.23807461550819
2034-11-10,0.6205695185982394,0.45453818582450095,0.46458609258946026,0.28645374185284944,0.48410688280090947,0.8150230812618102,0.604535012511333,0.38968679091173947,11.34101893325598,11.257925863663592,11.160540045567918,11.238074615022011
2034-11-13,0.6205695185942857,0.4545381858280406,0.4645860925887286,0.2864537418469195,0.4841068828022337,0.8150230812626512,0.6045350125073693,0.3896867909072106,11.34101893277627,11.257925863174554,11.1605400450915,11.238074614540135
2034-11-14,0.6205695185903697,0.45453818583154854,0.4645860925880027,0.2864537418410376,0.48410688280354675,0.8150230812634837,0.6045350125034381,0.389686790902721,11.341018932300814,11.25792586268984,11.16054004461928,11.238074614062532
2034-11-15,0.6205695185864877,0.4545381858350248,0.4645860925872809,0.28645374183521016,0.48410688280484715,0.8150230812643046,0.6045350124995453,0.3896867908982719,11.341018931829556,11.257925862209424,11.160540044151249,11.23807461358915
2034-11-16,0.6205695185826391,0.45453818583847244,0.4645860925865669,0.28645374182943417,0.48410688280613806,0.8150230812651222,0.604535012495685,0.3896867908938603,11.34101893136247,11.257925861733247,11.160540043687357,11.238074613119968
2034-11-17,0.6205695185788263,0.4545381858418867,0.4645860925858616,0.2864537418237069,0.48410688280741565,0.815023081265933,0.6045350124918578,0.38968679088949115,11.341018930899532,11.257925861261306,11.160540043227583,11.238074612654934
2034-11-20,0.6205695185750468,0.45453818584527084,0.46458609258516015,0.28645374181803496,0.4841068828086821,0.8150230812667357,0.6045350124880645,0.3896867908851582,11.341018930440688,11.257925860793538,11.16054004277187,11.23807461219402
2034-11-21,0.6205695185712998,0.4545381858486273,0.4645860925844649,0.2864537418124099,0.4841068828099382,0.8150230812675296,0.6045350124843069,0.3896867908808633,11.341018929985902,11.2579258603299,11.160540042320198,11.238074611737181
2034-11-22,0.6205695185675872,0.4545381858519538,0.46458609258377753,0.28645374180683675,0.4841068828111835,0.8150230812683195,0.6045350124805817,0.3896867908766074,11.34101892953515,11.257925859870381,11.160540041872526,11.238074611284395
2034-11-23,0.6205695185639062,0.4545381858552511,0.46458609258309347,0.2864537418013111,0.4841068828124173,0.8150230812691012,0.6045350124768899,0.3896867908723898,11.341018929088387,11.257925859414923,11.160540041428813,11.238074610835621
2034-11-24,0.62056951856026,0.4545381858585163,0.46458609258241773,0.28645374179583466,0.48410688281363967,0.8150230812698751,0.6045350124732302,0.3896867908682095,11.34101892864558,11.257925858963503,11.160540040989035,11.238074610390811
2034-11-27,0.620569518556644,0.4545381858617551,0.4645860925817481,0.28645374179040684,0.4841068828148526,0.8150230812706423,0.6045350124696012,0.38968679086406627,11.341018928206697,11.257925858516078,11.160540040553151,11.23807460994995
2034-11-28,0.6205695185530611,0.45453818586496586,0.46458609258108374,0.28645374178502675,0.4841068828160544,0.8150230812714043,0.6045350124660052,0.3896867908599579,11.34101892777169,11.257925858072614,11.160540040121122,11.23807460951299
2034-11-29,0.6205695185495096,0.45453818586814554,0.4645860925804225,0.2864537417796954,0.48410688281724434,0.8150230812721583,0.604535012462443,0.38968679085588703,11.34101892734054,11.25792585763308,11.160540039692924,11.238074609079886
2034-11-30,0.6205695185459918,0.4545381858712975,0.46458609257977135,0.286453741774412,0.4841068828184236,0.8150230812729051,0.6045350124589108,0.3896867908518505,11.341018926913215,11.257925857197442,11.16054003926851,11.238074608650633
2034-12-01,0.6205695185425006,0.4545381858744238,0.4645860925791241,0.28645374176917376,0.4841068828195934,0.8150230812736474,0.6045350124554093,0.3896867908478527,11.341018926489664,11.257925856765647,11.160540038847854,11.238074608225176
2034-12-04,0.6205695185390424,0.45453818587752126,0.46458609257848227,0.28645374176398164,0.4841068828207524,0.81502308127438,0.6045350124519406,0.3896867908438889,11.341018926069868,11.257925856337685,11.160540038430929,11.238074607803485
2034-12-05,0.6205695185356144,0.45453818588059103,0.46458609257784755,0.28645374175883637,0.4841068828219005,0.8150230812751089,0.6045350124485027,0.3896867908399591,11.341018925653792,11.257925855913513,11.160540038017688,11.238074607385531
2034-12-06,0.6205695185322181,0.4545381858836346,0.46458609257721767,0.2864537417537351,0.4841068828230396,0.8150230812758298,0.6045350124450933,0.3896867908360664,11.341018925241398,11.257925855493099,11.160540037608113,11.238074606971283
2034-12-07,0.6205695185288524,0.4545381858866497,0.4645860925765933,0.2864537417486802,0.484106882824169,0.8150230812765458,0.6045350124417147,0.3896867908322083,11.341018924832648,11.257925855076396,11.160540037202168,11.238074606560685
2034-12-08,0.6205695185255131,0.45453818588964023,0.4645860925759731,0.2864537417436698,0.4841068828252883,0.8150230812772535,0.6045350124383667,0.3896867908283816,11.341018924427528,11.257925854663391,11.160540036799812,11.238074606153736
2034-12-11,0.6205695185222052,0.454538185892602,0.46458609257536054,0.28645374173870447,0.48410688282639597,0.8150230812779552,0.6045350124350479,0.3896867908245915,11.341018924025988,11.257925854254044,11.160540036401017,11.238074605750386
2034-12-12,0.6205695185189277,0.4545381858955387,0.4645860925747537,0.28645374173378385,0.4841068828274955,0.8150230812786525,0.6045350124317592,0.38968679082083396,11.341018923628008,11.25792585384832,11.16054003600576,11.238074605350613
2034-12-13,0.6205695185156773,0.4545381858984494,0.464586092574149,0.28645374172890636,0.48410688282858516,0.8150230812793424,0.6045350124285004,0.38968679081710716,11.341018923233555,11.257925853446192,11.160540035614003,11.238074604954377
2034-12-14,0.620569518512457,0.45453818590133455,0.4645860925735524,0.28645374172407095,0.4841068828296654,0.8150230812800271,0.6045350124252681,0.3896867908134169,11.341018922842583,11.257925853047615,11.1605400352257,11.238074604561646
2034-12-15,0.6205695185092662,0.45453818590419165,0.46458609257295985,0.2864537417192786,0.4841068828307351,0.8150230812807049,0.604535012422066,0.38968679080975815,11.341018922455085,11.257925852652578,11.160540034840853,11.2380746041724
2034-12-18,0.6205695185061016,0.4545381859070273,0.4645860925723746,0.2864537417145286,0.48410688283179454,0.8150230812813755,0.6045350124188901,0.3896867908061325,11.341018922071012,11.257925852261035,11.160540034459396,11.238074603786592
2034-12-19,0.6205695185029655,0.45453818590983475,0.4645860925717932,0.2864537417098215,0.484106882832846,0.8150230812820437,0.6045350124157437,0.3896867908025377,11.341018921690342,11.25792585187296,11.160540034081338,11.23807460340421
2034-12-20,0.6205695184998572,0.45453818591261896,0.46458609257121575,0.28645374170515475,0.4841068828338879,0.8150230812827026,0.6045350124126249,0.38968679079897617,11.34101892131304,11.257925851488318,11.160540033706612,11.238074603025202
2034-12-21,0.6205695184967778,0.45453818591537704,0.4645860925706452,0.28645374170053106,0.48410688283492154,0.8150230812833564,0.6045350124095364,0.38968679079544427,11.341018920939081,11.257925851107089,11.160540033335204,11.238074602649554
2034-12-22,0.620569518493722,0.45453818591811207,0.46458609257007877,0.28645374169594584,0.4841068828359446,0.8150230812840031,0.6045350124064728,0.3896867907919436,11.341018920568434,11.257925850729235,11.160540032967097,11.238074602277239
2034-12-25,0.6205695184906961,0.4545381859208246,0.46458609256951733,0.2864537416914029,0.48410688283695924,0.815023081284647,0.604535012403437,0.38968679078847596,11.34101892020107,11.257925850354715,11.160540032602242,11.238074601908215
2034-12-26,0.6205695184876976,0.45453818592350864,0.46458609256896033,0.2864537416869003,0.48410688283796455,0.8150230812852832,0.6045350124004277,0.38968679078503843,11.341018919836952,11.257925849983517,11.160540032240613,11.23807460154246
2034-12-27,0.620569518484726,0.4545381859261721,0.4645860925684101,0.28645374168243876,0.4841068828389623,0.8150230812859152,0.6045350123974439,0.38968679078163143,11.341018919476067,11.257925849615603,11.160540031882196,11.238074601179935
2034-12-28,0.6205695184817772,0.4545381859288128,0.46458609256786426,0.28645374167801385,0.48410688283994874,0.8150230812865408,0.6045350123944877,0.3896867907782527,11.341018919118378,11.257925849250956,11.16054003152695,11.238074600820632
2034-12-29,0.6205695184788594,0.45453818593142625,0.464586092567321,0.28645374167363047,0.4841068828409285,0.8150230812871607,0.6045350123915583,0.3896867907749055,11.341018918763849,11.25792584888954,11.16054003117484,11.238074600464515
2035-01-01,0.6205695184759636,0.4545381859340205,0.4645860925667843,0.28645374166928395,0.48410688284189834,0.8150230812877767,0.6045350123886525,0.38968679077158896,11.34101891841246,11.257925848531313,11.160540030825853,11.238074600111538
2035-01-02,0.620569518473095,0.454538185936589,0.46458609256625294,0.2864537416649762,0.48410688284285974,0.8150230812883846,0.6045350123857753,0.38968679076829943,11.341018918064181,11.257925848176258,11.16054003047996,11.23807459976169
2035-01-03,0.6205695184702517,0.45453818593913753,0.4645860925657263,0.28645374166070847,0.4841068828438124,0.8150230812889885,0.6045350123829236,0.38968679076504004,11.341018917718992,11.257925847824351,11.160540030137135,11.238074599414942
2035-01-04,0.6205695184674337,0.45453818594166173,0.4645860925652031,0.2864537416564761,0.48410688284475784,0.8150230812895868,0.6045350123800951,0.3896867907618084,11.341018917376855,11.257925847475562,11.160540029797337,11.238074599071268
2035-01-05,0.6205695184646398,0.454538185944164,0.464586092564685,0.2864537416522827,0.4841068828456956,0.8150230812901809,0.6045350123772915,0.38968679075860796,11.341018917037752,11.257925847129858,11.160540029460549,11.238074598730632
2035-01-08,0.6205695184618703,0.45453818594664436,0.4645860925641712,0.28645374164812604,0.48410688284662184,0.8150230812907664,0.6045350123745132,0.3896867907554345,11.34101891670165,11.257925846787224,11.160540029126743,11.238074598393013
2035-01-09,0.6205695184591271,0.4545381859491009,0.4645860925636622,0.2864537416440069,0.48410688284754205,0.8150230812913499,0.6045350123717598,0.3896867907522897,11.341018916368522,11.257925846447616,11.160540028795893,11.238074598058384
2035-01-10,0.6205695184564068,0.4545381859515381,0.46458609256315747,0.28645374163992393,0.48410688284845416,0.815023081291927,0.6045350123690322,0.38968679074917095,11.341018916038347,11.25792584611101,11.16054002846797,11.238074597726717
2035-01-11,0.6205695184537106,0.4545381859539515,0.46458609256265715,0.2864537416358765,0.484106882849358,0.8150230812925008,0.6045350123663259,0.38968679074608154,11.341018915711093,11.257925845777399,11.160540028142956,11.238074597397992
2035-01-12,0.62056951845104,0.4545381859563442,0.46458609256216254,0.28645374163186604,0.4841068828502548,0.8150230812930678,0.6045350123636448,0.38968679074301976,11.341018915386739,11.257925845446728,11.160540027820815,11.23807459707217
2035-01-15,0.620569518448391,0.4545381859587172,0.46458609256167205,0.2864537416278903,0.48410688285114034,0.8150230812936313,0.6045350123609888,0.38968679073998364,11.34101891506526,11.257925845118994,11.160540027501535,11.23807459674924
2035-01-16,0.6205695184457651,0.4545381859610678,0.4645860925611851,0.28645374162394954,0.4841068828520193,0.8150230812941867,0.6045350123583548,0.38968679073697676,11.341018914746616,11.257925844794155,11.16054002718507,11.238074596429161
2035-01-17,0.6205695184431634,0.45453818596339773,0.4645860925607014,0.28645374162004383,0.48410688285289394,0.8150230812947399,0.6045350123557425,0.38968679073399226,11.341018914430803,11.257925844472192,11.160540026871413,11.238074596111922
2035-01-18,0.6205695184405847,0.4545381859657071,0.4645860925602248,0.2864537416161721,0.4841068828537585,0.8150230812952884,0.6045350123531574,0.3896867907310387,11.341018914117784,11.25792584415309,11.160540026560538,11.238074595797494
2035-01-19,0.6205695184380311,0.454538185967996,0.4645860925597488,0.28645374161233567,0.484106882854614,0.8150230812958307,0.6045350123505931,0.3896867907281096,11.341018913807536,11.257925843836805,11.16054002625241,11.23807459548585
2035-01-22,0.6205695184354968,0.4545381859702649,0.46458609255928107,0.28645374160853343,0.484106882855463,0.8150230812963678,0.6045350123480514,0.38968679072520507,11.341018913500035,11.257925843523322,11.16054002594701,11.238074595176952
2035-01-23,0.620569518432986,0.4545381859725146,0.46458609255881594,0.2864537416047642,0.48410688285630515,0.8150230812969024,0.6045350123455341,0.38968679072232654,11.34101891319526,11.257925843212616,11.160540025644318,11.238074594870806
2035-01-24,0.6205695184304976,0.45453818597474394,0.4645860925583529,0.286453741601029,0.48410688285713876,0.8150230812974298,0.6045350123430379,0.3896867907194745,11.341018912893182,11.257925842904662,11.1605400253443,11.238074594567367
2035-01-25,0.6205695184280313,0.45453818597695206,0.46458609255789507,0.28645374159732695,0.48410688285796555,0.8150230812979539,0.6045350123405603,0.3896867907166483,11.341018912593777,11.257925842599432,11.160540025046943,11.238074594266603
2035-01-26,0.6205695184255882,0.45453818597914103,0.46458609255744243,0.28645374159365705,0.48410688285878434,0.8150230812984718,0.604535012338111,0.3896867907138454,11.341018912297022,11.257925842296906,11.160540024752224,11.23807459396852
2035-01-29,0.6205695184231637,0.4545381859813129,0.4645860925569929,0.2864537415900194,0.4841068828595977,0.8150230812989873,0.6045350123356783,0.38968679071106865,11.341018912002902,11.257925841997059,11.160540024460108,11.238074593673065
2035-01-30,0.6205695184207636,0.4545381859834644,0.46458609255654865,0.2864537415864126,0.4841068828604015,0.815023081299497,0.6045350123332688,0.3896867907083158,11.341018911711378,11.257925841699869,11.160540024170576,11.238074593380235
2035-01-31,0.6205695184183829,0.45453818598559426,0.4645860925561067,0.28645374158284054,0.4841068828611994,0.815023081300003,0.6045350123308812,0.38968679070558926,11.341018911422434,11.257925841405306,11.160540023883607,11.238074593089992
2035-02-01,0.6205695184160259,0.4545381859877085,0.4645860925556695,0.2864537415792988,0.48410688286199105,0.8150230813005036,0.6045350123285154,0.3896867907028838,11.341018911136057,11.25792584111336,11.16054002359919,11.23807459280232
2035-02-02,0.6205695184136857,0.45453818598980106,0.4645860925552363,0.2864537415757889,0.48410688286277337,0.8150230813010004,0.6045350123261678,0.3896867907002049,11.341018910852215,11.257925840823988,11.160540023317285,11.238074592517192
2035-02-05,0.6205695184113686,0.4545381859918778,0.464586092554805,0.2864537415723085,0.4841068828635514,0.8150230813014907,0.6045350123238432,0.38968679069754814,11.341018910570885,11.257925840537185,11.160540023037878,11.238074592234591
2035-02-06,0.6205695184090725,0.4545381859939346,0.46458609255437944,0.2864537415688622,0.4841068828643216,0.8150230813019814,0.6045350123215391,0.3896867906949144,11.341018910292041,11.257925840252923,11.16054002276094,11.238074591954494
2035-02-07,0.6205695184067953,0.4545381859959739,0.4645860925539563,0.2864537415654434,0.48410688286508474,0.8150230813024638,0.6045350123192529,0.3896867906923061,11.34101891001567,11.257925839971174,11.160540022486463,11.23807459167688
2035-02-08,0.6205695184045366,0.4545381859979947,0.4645860925535393,0.2864537415620561,0.48410688286584114,0.8150230813029407,0.6045350123169888,0.38968679068971895,11.341018909741743,11.257925839691922,11.160540022214407,11.238074591401716
2035-02-09,0.6205695184023012,0.4545381859999985,0.4645860925531245,0.2864537415586988,0.4841068828665909,0.8150230813034166,0.6045350123147474,0.38968679068715595,11.341018909470248,11.25792583941514,11.160540021944763,11.238074591128994
2035-02-12,0.6205695184000848,0.45453818600198276,0.4645860925527139,0.2864537415553696,0.48410688286733417,0.8150230813038873,0.6045350123125229,0.3896867906846159,11.34101890920115,11.257925839140805,11.160540021677509,11.238074590858686
2035-02-13,0.6205695183978884,0.4545381860039511,0.4645860925523059,0.28645374155207376,0.4841068828680698,0.8150230813043553,0.6045350123103187,0.3896867906820967,11.341018908934439,11.257925838868909,11.160540021412618,11.238074590590767
2035-02-14,0.6205695183957111,0.4545381860059013,0.46458609255190175,0.28645374154880254,0.4841068828688023,0.8150230813048166,0.6045350123081324,0.3896867906796018,11.34101890867009,11.25792583859942,11.160540021150075,11.238074590325228
2035-02-15,0.6205695183935532,0.45453818600783524,0.46458609255149985,0.28645374154556164,0.48410688286952364,0.8150230813052756,0.6045350123059683,0.3896867906771261,11.341018908408078,11.257925838332307,11.160540020889858,11.23807459006204
2035-02-16,0.6205695183914139,0.45453818600975143,0.4645860925511053,0.28645374154235087,0.48410688287024106,0.8150230813057285,0.6045350123038209,0.389686790674673,11.341018908148387,11.257925838067564,11.16054002063194,11.238074589801174
2035-02-19,0.620569518389293,0.45453818601165114,0.46458609255071065,0.2864537415391683,0.4841068828709521,0.8150230813061812,0.6045350123016939,0.3896867906722439,11.341018907890998,11.257925837805168,11.16054002037631,11.238074589542622
2035-02-20,0.6205695183871927,0.45453818601353146,0.4645860925503224,0.2864537415360126,0.4841068828716567,0.815023081306624,0.6045350122995861,0.3896867906698364,11.341018907635888,11.257925837545097,11.160540020122944,11.23807458928636
2035-02-21,0.6205695183851089,0.4545381860153974,0.46458609254993544,0.28645374153288494,0.4841068828723546,0.8150230813070669,0.6045350122974966,0.38968679066744943,11.341018907383036,11.257925837287324,11.160540019871823,11.238074589032372
2035-02-22,0.6205695183830441,0.45453818601724616,0.4645860925495533,0.2864537415297865,0.4841068828730471,0.8150230813075071,0.6045350122954255,0.38968679066508244,11.34101890713242,11.257925837031838,11.160540019622923,11.238074588780625
2035-02-23,0.6205695183809994,0.4545381860190798,0.464586092549175,0.2864537415267142,0.48410688287373316,0.8150230813079408,0.6045350122933719,0.3896867906627372,11.341018906884027,11.257925836778604,11.16054001937622,11.238074588531111
2035-02-26,0.6205695183789677,0.4545381860208971,0.46458609254879635,0.28645374152367103,0.4841068828744121,0.8150230813083715,0.6045350122913372,0.3896867906604125,11.341018906637833,11.257925836527628,11.160540019131709,11.2380745882838
2035-02-27,0.6205695183769596,0.45453818602269785,0.46458609254842287,0.2864537415206524,0.4841068828750878,0.8150230813087997,0.6045350122893202,0.3896867906581082,11.341018906393824,11.257925836278867,11.16054001888937,11.238074588038694
2035-02-28,0.6205695183749672,0.45453818602448093,0.4645860925480546,0.2864537415176622,0.48410688287575443,0.8150230813092223,0.6045350122873222,0.3896867906558253,11.341018906151964,11.257925836032308,11.160540018649163,11.23807458779575
2035-03-01,0.6205695183729916,0.45453818602625107,0.46458609254768823,0.2864537415146974,0.48410688287641573,0.8150230813096396,0.6045350122853409,0.38968679065356066,11.341018905912254,11.257925835787935,11.16054001841109,11.238074587554959
2035-03-02,0.6205695183710362,0.4545381860280027,0.46458609254732486,0.28645374151175806,0.48410688287707093,0.815023081310057,0.6045350122833781,0.3896867906513181,11.341018905674666,11.257925835545713,11.16054001817512,11.238074587316293
2035-03-05,0.6205695183690947,0.4545381860297399,0.46458609254696515,0.28645374150884845,0.48410688287772174,0.8150230813104689,0.6045350122814305,0.38968679064909456,11.341018905439183,11.257925835305652,11.16054001794125,11.238074587079746
2035-03-06,0.6205695183671738,0.4545381860314618,0.46458609254660865,0.2864537415059604,0.48410688287836834,0.8150230813108769,0.6045350122795013,0.38968679064689066,11.341018905205773,11.257925835067711,11.160540017709444,11.238074586845286
2035-03-07,0.6205695183652683,0.45453818603317003,0.46458609254625644,0.286453741503099,0.4841068828790063,0.815023081311282,0.6045350122775877,0.38968679064470685,11.341018904974446,11.257925834831875,11.160540017479695,11.238074586612914
2035-03-08,0.6205695183633788,0.45453818603486096,0.4645860925459049,0.28645374150026276,0.48410688287963893,0.8150230813116829,0.6045350122756938,0.38968679064254225,11.341018904745162,11.257925834598133,11.160540017251973,11.238074586382595
2035-03-09,0.6205695183615076,0.45453818603653745,0.4645860925455601,0.2864537414974527,0.48410688288026615,0.81502308131208,0.6045350122738159,0.3896867906403961,11.341018904517906,11.257925834366453,11.160540017026271,11.238074586154312
2035-03-12,0.6205695183596508,0.45453818603820073,0.46458609254521455,0.28645374149466835,0.4841068828808892,0.8150230813124746,0.6045350122719557,0.3896867906382689,11.341018904292657,11.257925834136831,11.160540016802567,11.238074585928054
2035-03-13,0.6205695183578124,0.4545381860398464,0.46458609254487226,0.2864537414919074,0.48410688288150505,0.8150230813128649,0.6045350122701089,0.38968679063616246,11.341018904069406,11.257925833909239,11.16054001658084,11.238074585703792
2035-03-14,0.6205695183559907,0.45453818604147916,0.4645860925445352,0.2864537414891709,0.4841068828821149,0.8150230813132529,0.6045350122682815,0.3896867906340708,11.341018903848145,11.25792583368366,11.16054001636109,11.238074585481524
2035-03-15,0.6205695183541828,0.4545381860430985,0.4645860925442007,0.28645374148645947,0.48410688288272147,0.815023081313635,0.6045350122664677,0.3896867906320027,11.341018903628823,11.257925833460078,11.160540016143267,11.238074585261222
2035-03-16,0.6205695183523933,0.4545381860447012,0.46458609254386785,0.2864537414837714,0.48410688288332115,0.8150230813140155,0.6045350122646714,0.3896867906299483,11.341018903411452,11.257925833238483,11.160540015927381,11.23807458504287
2035-03-19,0.6205695183506177,0.45453818604629104,0.4645860925435389,0.28645374148110636,0.4841068828839173,0.8150230813143928,0.6045350122628911,0.38968679062791484,11.341018903196009,11.257925833018842,11.160540015713412,11.238074584826457
2035-03-20,0.6205695183488593,0.454538186047867,0.4645860925432135,0.28645374147846514,0.4841068828845061,0.8150230813147643,0.604535012261125,0.3896867906258988,11.341018902982471,11.257925832801154,11.160540015501331,11.238074584611955
2035-03-21,0.620569518347115,0.4545381860494282,0.4645860925428909,0.2864537414758494,0.4841068828850916,0.8150230813151366,0.604535012259377,0.3896867906238994,11.34101890277082,11.257925832585391,11.16054001529113,11.238074584399353
2035-03-22,0.6205695183453865,0.4545381860509772,0.46458609254256944,0.28645374147325237,0.48410688288566994,0.8150230813155034,0.6045350122576436,0.38968679062191874,11.341018902561053,11.257925832371535,11.16054001508279,11.238074584188627
2035-03-23,0.6205695183436736,0.45453818605251095,0.46458609254225147,0.2864537414706842,0.4841068828862445,0.8150230813158673,0.6045350122559249,0.3896867906199572,11.341018902353138,11.257925832159577,11.160540014876299,11.238074583979781
2035-03-26,0.6205695183419758,0.4545381860540313,0.4645860925419373,0.2864537414681346,0.48410688288681447,0.8150230813162281,0.6045350122542205,0.389686790618011,11.341018902147061,11.257925831949489,11.16054001467163,11.238074583772777
2035-03-27,0.6205695183402942,0.4545381860555378,0.46458609254162453,0.2864537414656076,0.4841068828873782,0.8150230813165837,0.6045350122525326,0.38968679061608236,11.341018901942808,11.257925831741266,11.16054001446878,11.2380745835676
2035-03-28,0.6205695183386282,0.45453818605703156,0.4645860925413155,0.286453741463105,0.4841068828879358,0.815023081316939,0.6045350122508598,0.3896867906141707,11.34101890174037,11.257925831534886,11.160540014267719,11.238074583364252
2035-03-29,0.6205695183369742,0.4545381860585117,0.4645860925410096,0.2864537414606232,0.4841068828884909,0.8150230813172903,0.6045350122492005,0.3896867906122761,11.341018901539723,11.257925831330335,11.16054001406844,11.238074583162698
2035-03-30,0.6205695183353346,0.45453818605997953,0.46458609254070504,0.28645374145816466,0.4841068828890407,0.8150230813176357,0.6045350122475587,0.38968679061039996,11.341018901340846,11.257925831127592,11.160540013870927,11.238074582962918
2035-04-02,0.6205695183337115,0.4545381860614334,0.46458609254040395,0.28645374145572683,0.48410688288958503,0.8150230813179826,0.6045350122459275,0.38968679060853717,11.341018901143736,11.25792583092665,11.160540013675167,11.238074582764929
2035-04-03,0.6205695183321024,0.45453818606287594,0.4645860925401054,0.2864537414533115,0.48410688289012294,0.8150230813183247,0.6045350122443143,0.38968679060669303,11.341018900948374,11.257925830727478,11.160540013481134,11.23807458256868
2035-04-04,0.6205695183305081,0.45453818606430285,0.46458609253980876,0.28645374145091584,0.4841068828906575,0.8150230813186615,0.6045350122427142,0.3896867906048639,11.341018900754735,11.257925830530079,11.16054001328882,11.23807458237417
2035-04-05,0.6205695183289264,0.45453818606572033,0.46458609253951594,0.2864537414485408,0.48410688289118897,0.8150230813189975,0.6045350122411273,0.3896867906030525,11.341018900562812,11.25792583033442,11.160540013098212,11.23807458218138
2035-04-06,0.620569518327361,0.45453818606712293,0.4645860925392259,0.2864537414461891,0.48410688289171366,0.8150230813193303,0.6045350122395545,0.38968679060125627,11.341018900372587,11.2579258301405,11.160540012909285,11.2380745819903
2035-04-09,0.6205695183258075,0.4545381860685133,0.4645860925389377,0.2864537414438585,0.4841068828922341,0.8150230813196617,0.6045350122379979,0.389686790599477,11.341018900184054,11.257925829948292,11.16054001272204,11.23807458180091
2035-04-10,0.6205695183242672,0.4545381860698929,0.46458609253865224,0.2864537414415483,0.48410688289275017,0.8150230813199895,0.6045350122364541,0.3896867905977114,11.341018899997183,11.25792582975779,11.160540012536444,11.238074581613196
2035-04-11,0.6205695183227422,0.45453818607125923,0.4645860925383689,0.2864537414392562,0.4841068828932623,0.8150230813203123,0.604535012234923,0.38968679059596306,11.341018899811973,11.257925829568977,11.160540012352497,11.238074581427155
2035-04-12,0.6205695183212276,0.4545381860726142,0.4645860925380888,0.2864537414369854,0.48410688289376846,0.8150230813206325,0.6045350122334044,0.3896867905942295,11.341018899628397,11.25792582938183,11.160540012170186,11.238074581242753
2035-04-13,0.6205695183197316,0.45453818607395574,0.46458609253780986,0.2864537414347364,0.48410688289427023,0.8150230813209514,0.6045350122319014,0.3896867905925119,11.341018899446452,11.25792582919634,11.160540011989477,11.238074581059982
2035-04-16,0.6205695183182458,0.4545381860752866,0.4645860925375358,0.28645374143250674,0.4841068828947688,0.8150230813212673,0.6045350122304107,0.38968679059080974,11.341018899266116,11.257925829012493,11.160540011810374,11.238074580878832
2035-04-17,0.6205695183167723,0.45453818607660706,0.46458609253726163,0.28645374143029545,0.48410688289526294,0.8150230813215802,0.6045350122289319,0.3896867905891214,11.341018899087368,11.257925828830281,11.160540011632856,11.238074580699287
2035-04-18,0.6205695183153138,0.4545381860779126,0.46458609253699157,0.28645374142810504,0.48410688289575055,0.8150230813218886,0.604535012227469,0.38968679058744776,11.341018898910216,11.257925828649675,11.160540011456911,11.238074580521332
2035-04-19,0.6205695183138674,0.45453818607920954,0.4645860925367241,0.28645374142593155,0.48410688289623804,0.8150230813221975,0.604535012226018,0.38968679058579064,11.341018898734625,11.257925828470672,11.160540011282517,11.238074580344948
2035-04-20,0.620569518312434,0.4545381860804933,0.4645860925364583,0.28645374142378055,0.48410688289671827,0.8150230813224993,0.6045350122245794,0.38968679058414774,11.341018898560588,11.257925828293242,11.160540011109672,11.23807458017013
2035-04-23,0.620569518311012,0.4545381860817651,0.4645860925361948,0.286453741421647,0.4841068828971945,0.8150230813228025,0.6045350122231534,0.389686790582519,11.3410188983881,11.257925828117399,11.160540010938362,11.238074579996859
2035-04-24,0.6205695183096036,0.45453818608302615,0.4645860925359331,0.2864537414195334,0.4841068828976649,0.8150230813231003,0.6045350122217403,0.38968679058090583,11.341018898217131,11.25792582794311,11.160540010768564,11.23807457982512
2035-04-25,0.6205695183082094,0.4545381860842775,0.4645860925356742,0.28645374141743707,0.48410688289813325,0.8150230813233982,0.6045350122203393,0.3896867905793047,11.341018898047682,11.25792582777036,11.160540010600274,11.238074579654905
2035-04-26,0.6205695183068247,0.4545381860855173,0.46458609253541794,0.2864537414153602,0.48410688289859705,0.8150230813236918,0.6045350122189526,0.3896867905777192,11.341018897879726,11.257925827599143,11.160540010433465,11.238074579486192
2035-04-27,0.6205695183054533,0.45453818608674407,0.46458609253516336,0.28645374141330254,0.4841068828990569,0.8150230813239818,0.6045350122175757,0.3896867905761474,11.341018897713266,11.257925827429442,11.160540010268141,11.238074579318983
2035-04-30,0.620569518304094,0.45453818608796304,0.4645860925349115,0.28645374141126234,0.48410688289951265,0.8150230813242707,0.6045350122162126,0.3896867905745887,11.341018897548272,11.257925827261237,11.160540010104272,11.238074579153245
2035-05-01,0.6205695183027482,0.45453818608916813,0.46458609253466054,0.28645374140924007,0.48410688289996434,0.8150230813245578,0.6045350122148607,0.38968679057304595,11.341018897384744,11.257925827094533,11.160540009941863,11.238074578988979
2035-05-02,0.620569518301412,0.4545381860903641,0.4645860925344144,0.2864537414072357,0.48410688290041126,0.8150230813248404,0.6045350122135223,0.3896867905715146,11.341018897222666,11.257925826929295,11.160540009780894,11.238074578826168
2035-05-03,0.6205695183000906,0.4545381860915509,0.4645860925341677,0.2864537414052472,0.48410688290085613,0.815023081325121,0.6045350122121937,0.3896867905699984,11.341018897062018,11.257925826765527,11.160540009621341,11.238074578664804
2035-05-04,0.6205695182987776,0.454538186092725,0.46458609253392436,0.2864537414032793,0.4841068829012962,0.8150230813254011,0.6045350122108772,0.3896867905684955,11.341018896902794,11.2579258266032,11.160540009463205,11.238074578504849
2035-05-07,0.6205695182974764,0.45453818609388896,0.4645860925336837,0.28645374140132845,0.4841068829017302,0.8150230813256766,0.6045350122095738,0.38968679056700467,11.34101889674498,11.25792582644232,11.160540009306471,11.23807457834633
2035-05-08,0.6205695182961875,0.4545381860950438,0.4645860925334449,0.2864537413993948,0.4841068829021629,0.8150230813259502,0.6045350122082807,0.38968679056552813,11.341018896588563,11.25792582628286,11.160540009151127,11.238074578189208
2035-05-09,0.6205695182949134,0.4545381860961861,0.464586092533207,0.2864537413974765,0.48410688290259163,0.8150230813262196,0.604535012207,0.3896867905640628,11.34101889643353,11.257925826124813,11.160540008997154,11.238074578033476
2035-05-10,0.620569518293646,0.45453818609732133,0.46458609253297484,0.28645374139557483,0.4841068829030148,0.8150230813264906,0.6045350122057294,0.38968679056261263,11.341018896279872,11.257925825968162,11.160540008844542,11.238074577879123
2035-05-11,0.6205695182923905,0.4545381860984439,0.46458609253274025,0.286453741393692,0.4841068829034363,0.8150230813267553,0.6045350122044698,0.38968679056117506,11.341018896127572,11.257925825812904,11.160540008693287,11.238074577726136
2035-05-14,0.6205695182911495,0.45453818609955743,0.4645860925325081,0.28645374139182705,0.48410688290385295,0.8150230813270212,0.6045350122032234,0.38968679055974853,11.341018895976626,11.257925825659022,11.160540008543373,11.238074577574514
2035-05-15,0.6205695182899154,0.4545381861006631,0.46458609253228283,0.2864537413899756,0.4841068829042663,0.8150230813272829,0.6045350122019867,0.3896867905583368,11.34101889582701,11.257925825506494,11.160540008394781,11.238074577424221
2035-05-16,0.6205695182886941,0.45453818610175806,0.46458609253205385,0.2864537413881412,0.4841068829046752,0.8150230813275416,0.6045350122007598,0.3896867905569369,11.34101889567873,11.257925825355322,11.160540008247503,11.238074577275269
2035-05-17,0.6205695182874823,0.4545381861028396,0.46458609253183025,0.28645374138632373,0.48410688290508214,0.8150230813277977,0.6045350121995466,0.38968679055555006,11.341018895531754,11.25792582520549,11.160540008101536,11.238074577127625
2035-05-18,0.6205695182862832,0.454538186103917,0.46458609253160876,0.28645374138452373,0.48410688290548337,0.8150230813280541,0.6045350121983427,0.38968679055417227,11.341018895386078,11.25792582505698,11.160540007956863,11.238074576981301
2035-05-21,0.6205695182850924,0.45453818610498004,0.464586092531386,0.2864537413827377,0.48410688290588266,0.8150230813283067,0.6045350121971471,0.3896867905528119,11.341018895241692,11.257925824909787,11.160540007813461,11.23807457683626
2035-05-22,0.6205695182839149,0.45453818610603636,0.4645860925311689,0.2864537413809668,0.48410688290627685,0.8150230813285566,0.6045350121959658,0.38968679055146044,11.34101889509859,11.257925824763896,11.160540007671337,11.238074576692513
2035-05-23,0.6205695182827478,0.4545381861070819,0.4645860925309514,0.2864537413792122,0.48410688290666903,0.8150230813288039,0.6045350121947949,0.3896867905501202,11.34101889495675,11.257925824619297,11.160540007530464,11.238074576550034
2035-05-24,0.6205695182815899,0.4545381861081223,0.46458609253073674,0.2864537413774738,0.48410688290705706,0.8150230813290525,0.604535012193632,0.389686790548792,11.341018894816168,11.257925824475986,11.160540007390846,11.23807457640882
2035-05-25,0.6205695182804388,0.454538186109149,0.46458609253052474,0.2864537413757521,0.48410688290744197,0.8150230813292935,0.6045350121924798,0.38968679054747746,11.341018894676829,11.257925824333935,11.160540007252457,11.238074576268854
2035-05-28,0.6205695182793038,0.4545381861101667,0.46458609253031347,0.2864537413740432,0.48410688290782355,0.8150230813295363,0.6045350121913383,0.38968679054617367,11.341018894538726,11.257925824193146,11.1605400071153,11.238074576130133
2035-05-29,0.6205695182781765,0.45453818611117625,0.464586092530105,0.28645374137235136,0.4841068829082005,0.8150230813297751,0.6045350121902091,0.389686790544881,11.341018894401847,11.257925824053602,11.16054000697935,11.238074575992625
2035-05-30,0.6205695182770583,0.454538186112178,0.4645860925298973,0.2864537413706734,0.4841068829085764,0.8150230813300128,0.6045350121890868,0.38968679054360045,11.341018894266178,11.257925823915297,11.160540006844615,11.23807457585635
2035-05-31,0.6205695182759501,0.45453818611316876,0.46458609252969224,0.2864537413690105,0.48410688290894727,0.8150230813302458,0.6045350121879755,0.3896867905423297,11.341018894131714,11.257925823778216,11.160540006711061,11.238074575721274
2035-06-01,0.6205695182748522,0.454538186114152,0.4645860925294877,0.28645374136736246,0.4841068829093151,0.815023081330481,0.6045350121868732,0.38968679054107097,11.341018893998438,11.25792582364234,11.160540006578694,11.23807457558739
2035-06-04,0.620569518273765,0.45453818611512853,0.46458609252928584,0.2864537413657283,0.48410688290967946,0.8150230813307098,0.6045350121857812,0.3896867905398245,11.34101889386634,11.257925823507676,11.160540006447507,11.238074575454707
2035-06-05,0.6205695182726865,0.45453818611609287,0.4645860925290859,0.2864537413641095,0.48410688291004234,0.8150230813309405,0.6045350121847007,0.38968679053858973,11.341018893735411,11.257925823374203,11.160540006317476,11.238074575323182
2035-06-06,0.6205695182716169,0.4545381861170511,0.46458609252888766,0.28645374136250445,0.48410688291039994,0.8150230813311691,0.6045350121836267,0.3896867905373649,11.341018893605645,11.257925823241909,11.160540006188592,11.238074575192831
2035-06-07,0.6205695182705573,0.45453818611800173,0.4645860925286915,0.2864537413609145,0.48410688291075393,0.8150230813313928,0.6045350121825648,0.38968679053614796,11.34101889347702,11.257925823110785,11.160540006060849,11.238074575063633
2035-06-08,0.6205695182695068,0.45453818611894137,0.4645860925284959,0.28645374135933704,0.48410688291110693,0.8150230813316145,0.6045350121815107,0.3896867905349444,11.341018893349544,11.257925822980832,11.160540005934246,11.23807457493558
2035-06-11,0.620569518268466,0.45453818611987373,0.46458609252830263,0.28645374135777374,0.4841068829114561,0.8150230813318342,0.6045350121804656,0.3896867905337535,11.341018893223195,11.25792582285202,11.16054000580876,11.238074574808657
2035-06-12,0.6205695182674338,0.4545381861207972,0.46458609252811195,0.2864537413562254,0.4841068829118026,0.8150230813320563,0.6045350121794315,0.3896867905325689,11.34101889309796,11.257925822724353,11.160540005684378,11.238074574682862
2035-06-13,0.6205695182664119,0.45453818612171387,0.4645860925279229,0.28645374135469115,0.48410688291214576,0.8150230813322732,0.6045350121784057,0.38968679053139793,11.34101889297384,11.257925822597816,11.16054000556111,11.238074574558178
2035-06-14,0.6205695182653999,0.45453818612261987,0.4645860925277353,0.28645374135316953,0.48410688291248377,0.8150230813324876,0.6045350121773899,0.3896867905302367,11.341018892850812,11.2579258224724,11.160540005438923,11.238074574434597
2035-06-15,0.6205695182643959,0.4545381861235199,0.46458609252754907,0.2864537413516619,0.48410688291282067,0.8150230813327016,0.6045350121763793,0.3896867905290849,11.341018892728885,11.257925822348088,11.160540005317822,11.23807457431211
2035-06-18,0.6205695182633997,0.4545381861244123,0.46458609252736377,0.28645374135016594,0.4841068829131548,0.8150230813329127,0.6045350121753821,0.3896867905279427,11.341018892608027,11.257925822224886,11.160540005197792,11.238074574190716
2035-06-19,0.6205695182624131,0.45453818612529606,0.4645860925271813,0.2864537413486856,0.4841068829134865,0.8150230813331235,0.6045350121743914,0.3896867905268121,11.341018892488236,11.257925822102774,11.160540005078829,11.238074574070385
2035-06-20,0.6205695182614347,0.45453818612617214,0.4645860925269999,0.2864537413472176,0.4841068829138134,0.8150230813333301,0.6045350121734117,0.38968679052569294,11.341018892369519,11.257925821981736,11.160540004960911,11.238074573951135
2035-06-21,0.6205695182604652,0.45453818612704205,0.46458609252682076,0.2864537413457627,0.4841068829141383,0.8150230813335344,0.6045350121724392,0.38968679052457983,11.341018892251846,11.257925821861772,11.160540004844044,11.238074573832929
2035-06-22,0.620569518259505,0.45453818612790076,0.4645860925266425,0.28645374134432156,0.48410688291446047,0.8150230813337398,0.6045350121714745,0.38968679052347893,11.341018892135212,11.257925821742877,11.160540004728212,11.23807457371577
2035-06-25,0.620569518258552,0.4545381861287536,0.4645860925264652,0.28645374134289103,0.48410688291477877,0.8150230813339416,0.6045350121705179,0.38968679052238814,11.341018892019616,11.257925821625033,11.160540004613406,11.238074573599647
2035-06-26,0.6205695182576074,0.45453818612959934,0.4645860925262894,0.2864537413414737,0.4841068829150964,0.8150230813341409,0.6045350121695725,0.3896867905213068,11.34101889190504,11.257925821508218,11.160540004499614,11.238074573484557
2035-06-27,0.620569518256674,0.4545381861304371,0.4645860925261166,0.28645374134007,0.4841068829154081,0.8150230813343413,0.6045350121686329,0.3896867905202347,11.341018891791478,11.257925821392453,11.16054000438683,11.238074573370486
2035-06-28,0.6205695182557454,0.4545381861312683,0.46458609252594435,0.28645374133867707,0.48410688291571935,0.8150230813345376,0.6045350121677024,0.3896867905191706,11.341018891678928,11.257925821277711,11.160540004275038,11.238074573257425
2035-06-29,0.6205695182548269,0.4545381861320899,0.4645860925257735,0.2864537413372987,0.4841068829160288,0.8150230813347333,0.6045350121667803,0.3896867905181171,11.341018891567366,11.257925821163985,11.16054000416425,11.238074573145363
2035-07-02,0.6205695182539147,0.4545381861329056,0.4645860925256048,0.28645374133593043,0.4841068829163341,0.8150230813349263,0.6045350121658661,0.38968679051707383,11.341018891456802,11.257925821051261,11.160540004054432,11.238074573034288
2035-07-03,0.6205695182530142,0.4545381861337148,0.4645860925254377,0.28645374133457463,0.4841068829166383,0.815023081335119,0.6045350121649603,0.3896867905160401,11.341018891347208,11.257925820939542,11.160540003945592,11.23807457292421
2035-07-04,0.6205695182521185,0.45453818613451635,0.4645860925252725,0.2864537413332321,0.48410688291693593,0.8150230813353078,0.6045350121640625,0.3896867905150125,11.341018891238585,11.257925820828806,11.160540003837715,11.238074572815101
2035-07-05,0.6205695182512302,0.4545381861353113,0.4645860925251076,0.28645374133189966,0.48410688291723447,0.8150230813354956,0.604535012163173,0.38968679051399574,11.341018891130926,11.257925820719056,11.16054000373079,11.238074572706958
2035-07-06,0.6205695182503521,0.4545381861360983,0.46458609252494387,0.2864537413305817,0.48410688291752935,0.8150230813356832,0.6045350121622917,0.38968679051299077,11.341018891024222,11.257925820610271,11.160540003624817,11.238074572599768
2035-07-09,0.620569518249481,0.4545381861368788,0.4645860925247822,0.2864537413292723,0.48410688291782134,0.8150230813358678,0.6045350121614166,0.3896867905119908,11.341018890918464,11.257925820502454,11.160540003519777,11.238074572493533
2035-07-10,0.6205695182486168,0.45453818613765223,0.46458609252462274,0.2864537413279765,0.48410688291810966,0.815023081336052,0.6045350121605513,0.3896867905110006,11.341018890813636,11.257925820395588,11.16054000341567,11.238074572388227
2035-07-11,0.6205695182477622,0.4545381861384178,0.46458609252446387,0.28645374132669305,0.4841068829183959,0.8150230813362328,0.6045350121596935,0.3896867905100208,11.341018890709739,11.257925820289673,11.160540003312486,11.238074572283871
2035-07-12,0.6205695182469129,0.4545381861391787,0.4645860925243058,0.28645374132541784,0.4841068829186821,0.8150230813364129,0.6045350121588419,0.38968679050904703,11.341018890606762,11.257925820184694,11.160540003210208,11.238074572180427
2035-07-13,0.6205695182460707,0.4545381861399328,0.4645860925241506,0.2864537413241564,0.484106882918963,0.8150230813365905,0.6045350121579998,0.3896867905080837,11.341018890504703,11.257925820080645,11.160540003108842,11.238074572077903
2035-07-16,0.6205695182452386,0.45453818614067765,0.4645860925239954,0.2864537413229056,0.48410688291924153,0.8150230813367688,0.6045350121571633,0.38968679050712857,11.341018890403541,11.257925819977517,11.16054000300838,11.238074571976286
2035-07-17,0.6205695182444122,0.4545381861414186,0.4645860925238434,0.2864537413216647,0.48410688291951975,0.8150230813369449,0.604535012156332,0.38968679050618193,11.341018890303271,11.2579258198753,11.160540002908796,11.23807457187557
2035-07-18,0.620569518243596,0.45453818614215097,0.4645860925236914,0.2864537413204368,0.4841068829197942,0.8150230813371175,0.6045350121555124,0.38968679050524374,11.341018890203898,11.257925819773988,11.1605400028101,11.23807457177574
2035-07-19,0.6205695182427832,0.4545381861428782,0.4645860925235409,0.28645374131921764,0.48410688292006576,0.8150230813372898,0.6045350121546988,0.3896867905043145,11.341018890105401,11.257925819673577,11.160540002712274,11.238074571676803
2035-07-20,0.6205695182419781,0.4545381861435978,0.46458609252339056,0.2864537413180111,0.4841068829203346,0.8150230813374617,0.6045350121538918,0.3896867905033916,11.341018890007776,11.257925819574044,11.160540002615312,11.238074571578732
2035-07-23,0.6205695182411829,0.4545381861443131,0.46458609252324534,0.2864537413168134,0.48410688292060294,0.8150230813376316,0.604535012153091,0.3896867905024795,11.341018889911016,11.257925819475414,11.16054000251922,11.23807457148154
2035-07-24,0.620569518240392,0.45453818614501973,0.46458609252309824,0.2864537413156279,0.4841068829208668,0.8150230813377982,0.6045350121522987,0.3896867905015736,11.341018889815107,11.257925819377641,11.16054000242397,11.238074571385209
2035-07-25,0.62056951823961,0.45453818614572017,0.46458609252295213,0.28645374131445295,0.4841068829211293,0.8150230813379645,0.6045350121515127,0.389686790500677,11.341018889720056,11.257925819280734,11.160540002329567,11.23807457128972
2035-07-26,0.6205695182388336,0.4545381861464154,0.464586092522808,0.2864537413132882,0.48410688292138937,0.8150230813381297,0.6045350121507342,0.38968679049978666,11.341018889625843,11.25792581918469,11.160540002235994,11.238074571195085
2035-07-27,0.6205695182380649,0.45453818614710484,0.46458609252266647,0.2864537413121336,0.48410688292164683,0.8150230813382923,0.6045350121499632,0.38968679049890553,11.341018889532466,11.257925819089495,11.160540002143254,11.238074571101281
2035-07-30,0.6205695182373023,0.4545381861477883,0.46458609252252325,0.2864537413109885,0.48410688292190385,0.8150230813384546,0.6045350121491976,0.3896867904980304,11.341018889439912,11.25792581899514,11.160540002051336,11.238074571008319
2035-07-31,0.620569518236546,0.4545381861484629,0.4645860925223829,0.2864537413098546,0.48410688292215653,0.8150230813386155,0.6045350121484393,0.38968679049716626,11.341018889348183,11.257925818901631,11.160540001960234,11.238074570916169
2035-08-01,0.6205695182357964,0.45453818614913366,0.4645860925222453,0.2864537413087296,0.4841068829224069,0.8150230813387733,0.6045350121476883,0.38968679049630756,11.34101888925726,11.257925818808934,11.160540001869931,11.238074570824834
2035-08-02,0.6205695182350556,0.4545381861498014,0.4645860925221088,0.28645374130761425,0.48410688292265686,0.8150230813389318,0.6045350121469436,0.38968679049545535,11.341018889167152,11.25792581871707,11.16054000178044,11.238074570734312
2035-08-03,0.6205695182343168,0.45453818615046043,0.46458609252197103,0.28645374130651047,0.48410688292290355,0.8150230813390875,0.6045350121462052,0.38968679049461213,11.341018889077834,11.257925818626019,11.160540001691732,11.238074570644601
2035-08-06,0.6205695182335893,0.45453818615111263,0.464586092521836,0.2864537413054145,0.48410688292314746,0.8150230813392433,0.6045350121454734,0.38968679049377647,11.341018888989305,11.257925818535773,11.160540001603811,11.23807457055567
2035-08-07,0.6205695182328677,0.4545381861517589,0.4645860925217018,0.2864537413043309,0.4841068829233895,0.8150230813393959,0.6045350121447479,0.3896867904929477,11.341018888901562,11.257925818446319,11.160540001516663,11.23807457046754
2035-08-08,0.6205695182321493,0.45453818615240144,0.46458609252156857,0.28645374130325485,0.48410688292363024,0.815023081339549,0.6045350121440298,0.38968679049212734,11.341018888814597,11.257925818357661,11.160540001430297,11.238074570380178
2035-08-09,0.6205695182314397,0.4545381861530374,0.46458609252143845,0.2864537413021891,0.48410688292386816,0.8150230813396993,0.6045350121433165,0.389686790491311,11.341018888728403,11.257925818269786,11.160540001344687,11.238074570293598
2035-08-10,0.6205695182307358,0.454538186153668,0.4645860925213058,0.28645374130113227,0.48410688292410287,0.8150230813398481,0.6045350121426105,0.38968679049050553,11.34101888864297,11.25792581818269,11.16054000125984,11.23807457020777
2035-08-13,0.6205695182300404,0.4545381861542917,0.46458609252117816,0.2864537413000854,0.48410688292433857,0.8150230813399963,0.6045350121419109,0.3896867904897061,11.341018888558294,11.257925818096375,11.16054000117574,11.238074570122725
2035-08-14,0.6205695182293489,0.45453818615491187,0.4645860925210493,0.2864537412990483,0.4841068829245704,0.8150230813401431,0.604535012141217,0.3896867904889139,11.341018888474366,11.257925818010811,11.16054000109239,11.238074570038416
2035-08-15,0.6205695182286636,0.45453818615552666,0.46458609252092153,0.2864537412980181,0.48410688292480003,0.8150230813402886,0.6045350121405294,0.38968679048812926,11.341018888391188,11.257925817926013,11.160540001009776,11.23807456995486
2035-08-16,0.6205695182279831,0.4545381861561334,0.46458609252079536,0.28645374129699946,0.4841068829250269,0.8150230813404327,0.6045350121398492,0.38968679048734917,11.341018888308739,11.257925817841961,11.16054000092789,11.23807456987204
2035-08-17,0.6205695182273112,0.45453818615673747,0.46458609252067073,0.28645374129598866,0.48410688292525206,0.8150230813405757,0.6045350121391742,0.38968679048657856,11.341018888227023,11.257925817758654,11.160540000846737,11.238074569789955
2035-08-20,0.6205695182266421,0.4545381861573346,0.4645860925205486,0.28645374129498613,0.48410688292547643,0.8150230813407179,0.6045350121385044,0.38968679048581417,11.341018888146035,11.257925817676089,11.160540000766298,11.238074569708596
2035-08-21,0.6205695182259807,0.4545381861579265,0.4645860925204246,0.28645374129399337,0.4841068829256967,0.8150230813408588,0.6045350121378401,0.38968679048505533,11.341018888065758,11.257925817594252,11.16054000068657,11.238074569627955
2035-08-22,0.620569518225327,0.45453818615851416,0.464586092520303,0.28645374129300905,0.4841068829259185,0.8150230813409959,0.6045350121371821,0.3896867904843034,11.341018887986191,11.25792581751314,11.160540000607556,11.23807456954804
2035-08-23,0.6205695182246771,0.4545381861590954,0.46458609252018296,0.2864537412920339,0.48410688292613513,0.8150230813411368,0.6045350121365315,0.3896867904835598,11.341018887907333,11.257925817432746,11.160540000529227,11.238074569468823
2035-08-24,0.6205695182240331,0.4545381861596737,0.46458609252006383,0.2864537412910682,0.484106882926351,0.8150230813412721,0.6045350121358849,0.38968679048282157,11.341018887829172,11.257925817353065,11.160540000451606,11.238074569390307
2035-08-27,0.620569518223395,0.4545381861602442,0.4645860925199448,0.28645374129010975,0.4841068829265655,0.8150230813414078,0.604535012135245,0.3896867904820904,11.3410188877517,11.257925817274087,11.160540000374663,11.238074569312483
2035-08-28,0.6205695182227629,0.4545381861608098,0.464586092519827,0.2864537412891606,0.4841068829267774,0.815023081341542,0.6045350121346095,0.3896867904813631,11.341018887674919,11.257925817195806,11.160540000298402,11.238074569235357
2035-08-29,0.6205695182221361,0.45453818616137076,0.4645860925197126,0.28645374128822004,0.48410688292698717,0.815023081341676,0.6045350121339815,0.3896867904806462,11.341018887598816,11.257925817118227,11.16054000022282,11.238074569158908
2035-08-30,0.6205695182215158,0.4545381861619279,0.46458609251959654,0.28645374128728623,0.4841068829271961,0.815023081341807,0.6045350121333574,0.38968679047993476,11.34101888752339,11.25792581704133,11.16054000014791,11.238074569083143
2035-08-31,0.6205695182208973,0.45453818616248054,0.464586092519483,0.2864537412863624,0.48410688292740156,0.8150230813419352,0.6045350121327409,0.38968679047922844,11.341018887448625,11.257925816965109,11.160540000073656,11.238074569008045
2035-09-03,0.620569518220288,0.45453818616302566,0.46458609251937,0.28645374128544554,0.48410688292760706,0.8150230813420664,0.6045350121321275,0.3896867904785292,11.34101888737452,11.25792581688957,11.160540000000067,11.238074568933607
2035-09-04,0.6205695182196833,0.45453818616356856,0.464586092519256,0.28645374128453804,0.48410688292781046,0.8150230813421955,0.60453501213152,0.3896867904778362,11.34101888730108,11.257925816814701,11.160539999927122,11.238074568859838
2035-09-05,0.6205695182190824,0.45453818616410546,0.46458609251914407,0.28645374128363754,0.4841068829280093,0.815023081342323,0.6045350121309181,0.38968679047714855,11.341018887228286,11.257925816740485,11.160539999854821,11.238074568786713
2035-09-06,0.6205695182184885,0.45453818616463815,0.464586092519036,0.2864537412827455,0.48410688292821025,0.8150230813424498,0.6045350121303241,0.3896867904764662,11.341018887156135,11.257925816666939,11.160539999783163,11.238074568714234
2035-09-07,0.6205695182179017,0.45453818616516417,0.4645860925189256,0.28645374128185985,0.4841068829284078,0.8150230813425737,0.6045350121297317,0.38968679047579186,11.341018887084624,11.257925816594032,11.160539999712148,11.238074568642405
2035-09-10,0.6205695182173162,0.45453818616568836,0.46458609251881916,0.2864537412809843,0.48410688292860216,0.8150230813426982,0.6045350121291453,0.389686790475122,11.341018887013753,11.257925816521784,11.160539999641756,11.238074568571205
2035-09-11,0.6205695182167379,0.4545381861662074,0.46458609251870964,0.2864537412801166,0.484106882928797,0.815023081342823,0.6045350121285656,0.3896867904744599,11.341018886943498,11.257925816450168,11.160539999571983,11.238074568500641
2035-09-12,0.6205695182161639,0.45453818616672026,0.46458609251860317,0.28645374127925216,0.48410688292898885,0.8150230813429429,0.60453501212799,0.3896867904738004,11.341018886873877,11.257925816379185,11.160539999502838,11.238074568430699
2035-09-13,0.6205695182155968,0.45453818616722896,0.46458609251849975,0.28645374127840173,0.4841068829291793,0.8150230813430637,0.6045350121274193,0.3896867904731514,11.34101888680486,11.25792581630883,11.160539999434294,11.238074568361373
2035-09-14,0.620569518215031,0.4545381861677342,0.4645860925183953,0.2864537412775547,0.4841068829293682,0.8150230813431828,0.6045350121268538,0.3896867904725028,11.341018886736467,11.257925816239103,11.160539999366364,11.23807456829267
2035-09-17,0.6205695182144734,0.45453818616823527,0.46458609251828953,0.28645374127671674,0.4841068829295558,0.8150230813433023,0.6045350121262938,0.3896867904718642,11.341018886668667,11.257925816169982,11.160539999299033,11.238074568224567
2035-09-18,0.620569518213921,0.4545381861687319,0.4645860925181886,0.2864537412758859,0.4841068829297418,0.8150230813434189,0.604535012125738,0.3896867904712297,11.341018886601473,11.257925816101482,11.160539999232295,11.23807456815707
2035-09-19,0.6205695182133723,0.45453818616922026,0.4645860925180858,0.28645374127506124,0.484106882929926,0.8150230813435357,0.6045350121251876,0.3896867904706017,11.34101888653488,11.257925816033595,11.16053999916616,11.238074568090175
2035-09-20,0.6205695182128278,0.45453818616970765,0.46458609251798366,0.28645374127424533,0.48410688293010784,0.8150230813436519,0.6045350121246422,0.389686790469978,11.341018886468866,11.2579258159663,11.160539999100594,11.238074568023865
2035-09-21,0.6205695182122883,0.4545381861701898,0.464586092517886,0.28645374127343676,0.4841068829302877,0.815023081343767,0.6045350121241008,0.3896867904693605,11.34101888640344,11.257925815899595,11.160539999035615,11.238074567958144
2035-09-24,0.6205695182117551,0.4545381861706693,0.4645860925177869,0.28645374127263423,0.4841068829304682,0.8150230813438774,0.604535012123566,0.38968679046874793,11.341018886338604,11.257925815833499,11.160539998971222,11.238074567893015
2035-09-25,0.6205695182112252,0.45453818617114516,0.46458609251768834,0.2864537412718395,0.4841068829306444,0.8150230813439916,0.6045350121230353,0.38968679046814125,11.341018886274329,11.257925815767972,11.160539998907383,11.23807456782845
2035-09-26,0.6205695182107007,0.4545381861716128,0.4645860925175904,0.2864537412710522,0.4841068829308204,0.8150230813441011,0.6045350121225083,0.38968679046753846,11.341018886210625,11.257925815703038,11.160539998844119,11.238074567764459
2035-09-27,0.6205695182101809,0.45453818617208086,0.4645860925174947,0.28645374127027173,0.48410688293099524,0.8150230813442129,0.6045350121219856,0.3896867904669438,11.341018886147484,11.257925815638664,11.16053999878141,11.238074567701041
2035-09-28,0.6205695182096664,0.4545381861725397,0.46458609251739946,0.2864537412694971,0.4841068829311668,0.8150230813443233,0.6045350121214693,0.38968679046635285,11.341018886084912,11.257925815574874,11.16053999871926,11.238074567638176
2035-10-01,0.6205695182091528,0.45453818617299946,0.4645860925173033,0.28645374126873135,0.484106882931339,0.815023081344431,0.6045350121209558,0.3896867904657662,11.341018886022885,11.257925815511637,11.16053999865766,11.238074567575875
2035-10-02,0.6205695182086463,0.4545381861734531,0.46458609251721106,0.28645374126797085,0.48410688293150894,0.8150230813445395,0.6045350121204474,0.3896867904651867,11.341018885961406,11.257925815448967,11.160539998596608,11.238074567514117
2035-10-03,0.6205695182081454,0.45453818617390357,0.4645860925171171,0.2864537412672167,0.48410688293167775,0.815023081344646,0.6045350121199446,0.3896867904646112,11.341018885900478,11.257925815386853,11.160539998536088,11.238074567452916
2035-10-04,0.6205695182076476,0.4545381861743485,0.464586092517025,0.28645374126647005,0.48410688293184345,0.8150230813447523,0.6045350121194447,0.38968679046404026,11.341018885840088,11.257925815325287,11.160539998476112,11.23807456739225
2035-10-05,0.620569518207156,0.4545381861747887,0.4645860925169334,0.2864537412657292,0.48410688293200843,0.8150230813448569,0.6045350121189514,0.3896867904634774,11.341018885780231,11.257925815264262,11.160539998416665,11.238074567332117
2035-10-08,0.6205695182066648,0.45453818617522807,0.46458609251684113,0.2864537412649955,0.48410688293217263,0.8150230813449593,0.6045350121184611,0.38968679046291627,11.3410188857209,11.257925815203786,11.160539998357743,11.238074567272529
2035-10-09,0.6205695182061826,0.4545381861756603,0.46458609251675265,0.2864537412642684,0.48410688293233595,0.8150230813450631,0.6045350121179757,0.3896867904623606,11.341018885662097,11.257925815143832,11.160539998299344,11.23807456721346
2035-10-10,0.6205695182056998,0.45453818617609265,0.4645860925166636,0.2864537412635477,0.4841068829324956,0.8150230813451641,0.6045350121174929,0.38968679046181026,11.341018885603825,11.257925815084425,11.160539998241461,11.23807456715492
2035-10-11,0.6205695182052249,0.4545381861765183,0.46458609251657534,0.2864537412628327,0.4841068829326559,0.8150230813452669,0.6045350121170154,0.3896867904612648,11.341018885546054,11.25792581502553,11.160539998184095,11.238074567096893
2035-10-12,0.6205695182047549,0.4545381861769403,0.4645860925164885,0.28645374126212536,0.4841068829328155,0.8150230813453674,0.604535012116542,0.3896867904607244,11.341018885488802,11.25792581496717,11.160539998127234,11.238074567039382
2035-10-15,0.620569518204286,0.4545381861773574,0.464586092516402,0.2864537412614238,0.4841068829329708,0.8150230813454631,0.604535012116074,0.38968679046018767,11.34101888543206,11.257925814909319,11.160539998070874,11.238074566982377
2035-10-16,0.6205695182038242,0.45453818617777353,0.46458609251631516,0.28645374126072787,0.4841068829331252,0.8150230813455639,0.6045350121156083,0.3896867904596563,11.341018885375812,11.257925814851976,11.160539998015015,11.238074566925881
2035-10-17,0.6205695182033659,0.4545381861781838,0.4645860925162302,0.2864537412600382,0.48410688293327897,0.8150230813456609,0.604535012115148,0.389686790459132,11.341018885320064,11.257925814795152,11.16053999795965,11.238074566869885
2035-10-18,0.6205695182029097,0.4545381861785928,0.46458609251614563,0.2864537412593563,0.48410688293343185,0.815023081345757,0.6045350121146904,0.3896867904586089,11.341018885264814,11.257925814738826,11.16053999790477,11.238074566814383
2035-10-19,0.6205695182024575,0.454538186178999,0.4645860925160624,0.28645374125867823,0.48410688293358356,0.8150230813458547,0.6045350121142381,0.38968679045809157,11.341018885210056,11.257925814682991,11.160539997850387,11.238074566759373
2035-10-22,0.6205695182020112,0.4545381861793971,0.4645860925159789,0.28645374125800716,0.4841068829337326,0.8150230813459479,0.6045350121137901,0.3896867904575806,11.341018885155774,11.257925814627658,11.160539997796477,11.23807456670485
2035-10-23,0.6205695182015664,0.45453818617979447,0.4645860925158972,0.28645374125734135,0.48410688293388177,0.8150230813460415,0.6045350121133447,0.3896867904570725,11.34101888510198,11.257925814572815,11.160539997743049,11.238074566650807
2035-10-24,0.6205695182011298,0.45453818618018793,0.46458609251581456,0.2864537412566833,0.48410688293403026,0.8150230813461355,0.6045350121129055,0.38968679045656857,11.341018885048662,11.257925814518458,11.160539997690092,11.238074566597248
2035-10-25,0.620569518200693,0.4545381861805786,0.4645860925157357,0.28645374125602835,0.48410688293417453,0.8150230813462274,0.6045350121124677,0.3896867904560692,11.341018884995812,11.25792581446458,11.160539997637605,11.238074566544164
2035-10-26,0.6205695182002615,0.4545381861809634,0.4645860925156545,0.2864537412553818,0.4841068829343201,0.8150230813463185,0.6045350121120351,0.3896867904555742,11.341018884943427,11.25792581441118,11.16053999758558,11.238074566491544
2035-10-29,0.620569518199835,0.4545381861813476,0.46458609251557426,0.286453741254738,0.4841068829344638,0.8150230813464101,0.604535012111605,0.38968679045508403,11.34101888489151,11.25792581435825,11.160539997534023,11.23807456643939
2035-10-30,0.6205695181994111,0.45453818618172626,0.46458609251549776,0.2864537412541024,0.4841068829346052,0.8150230813465001,0.6045350121111809,0.38968679045459825,11.341018884840052,11.257925814305793,11.160539997482914,11.238074566387706
2035-10-31,0.6205695181989903,0.45453818618210223,0.46458609251541855,0.2864537412534719,0.48410688293474613,0.8150230813465908,0.6045350121107582,0.38968679045411764,11.341018884789053,11.257925814253806,11.160539997432263,11.238074566336476
2035-11-01,0.6205695181985722,0.4545381861824752,0.4645860925153431,0.2864537412528474,0.48410688293488646,0.8150230813466766,0.6045350121103423,0.38968679045364,11.341018884738503,11.257925814202272,11.160539997382054,11.238074566285695
2035-11-02,0.6205695181981608,0.45453818618284614,0.46458609251526506,0.28645374125222656,0.4841068829350249,0.8150230813467658,0.6045350121099273,0.38968679045316856,11.341018884688403,11.25792581415119,11.160539997332297,11.238074566235367
2035-11-05,0.6205695181977524,0.4545381861832117,0.4645860925151901,0.2864537412516139,0.4841068829351587,0.8150230813468535,0.6045350121095168,0.38968679045269755,11.34101888463874,11.257925814100567,11.160539997282978,11.238074566185482
2035-11-06,0.6205695181973453,0.45453818618357555,0.46458609251511407,0.28645374125100276,0.4841068829352977,0.815023081346939,0.6045350121091095,0.38968679045223287,11.341018884589522,11.257925814050392,11.16053999723409,11.238074566136044
2035-11-07,0.620569518196944,0.45453818618393577,0.4645860925150419,0.2864537412504017,0.48410688293543247,0.815023081347023,0.6045350121087056,0.3896867904517715,11.341018884540738,11.257925814000657,11.160539997185639,11.238074566087036
2035-11-08,0.6205695181965452,0.45453818618429326,0.4645860925149672,0.28645374124980155,0.4841068829355657,0.8150230813471102,0.6045350121083056,0.3896867904513159,11.341018884492389,11.257925813951369,11.160539997137624,11.238074566038469
2035-11-09,0.6205695181961537,0.45453818618464575,0.4645860925148931,0.28645374124921064,0.48410688293569654,0.8150230813471929,0.6045350121079105,0.3896867904508643,11.341018884444457,11.25792581390251,11.160539997090023,11.23807456599033
2035-11-12,0.6205695181957585,0.45453818618499636,0.4645860925148185,0.2864537412486234,0.48410688293582776,0.815023081347276,0.6045350121075184,0.38968679045041477,11.341018884396963,11.257925813854085,11.160539997042854,11.238074565942616
2035-11-13,0.6205695181953721,0.4545381861853429,0.4645860925147488,0.2864537412480398,0.48410688293596005,0.815023081347358,0.6045350121071298,0.38968679044997123,11.341018884349886,11.257925813806095,11.160539996996098,11.238074565895324
2035-11-14,0.6205695181949871,0.4545381861856868,0.46458609251467675,0.28645374124746353,0.4841068829360876,0.8150230813474382,0.6045350121067437,0.38968679044953025,11.341018884303221,11.257925813758517,11.160539996949751,11.23807456584845
2035-11-15,0.6205695181946085,0.45453818618602937,0.4645860925146066,0.28645374124689177,0.4841068829362153,0.815023081347519,0.604535012106362,0.389686790449094,11.341018884256973,11.25792581371138,11.160539996903822,11.238074565802002
2035-11-16,0.6205695181942303,0.45453818618636643,0.46458609251453664,0.2864537412463249,0.4841068829363423,0.8150230813476007,0.6045350121059833,0.3896867904486602,11.341018884211136,11.257925813664652,11.1605399968583,11.238074565755952
2035-11-19,0.6205695181938564,0.45453818618670266,0.46458609251446653,0.28645374124576317,0.48410688293646703,0.81502308134768,0.6045350121056059,0.3896867904482304,11.341018884165704,11.25792581361833,11.160539996813174,11.238074565710315
2035-11-20,0.6205695181934856,0.45453818618703357,0.4645860925143982,0.2864537412452062,0.4841068829365909,0.8150230813477591,0.6045350121052357,0.38968679044780624,11.341018884120672,11.25792581357242,11.160539996768449,11.23807456566508
2035-11-21,0.620569518193116,0.45453818618736286,0.4645860925143305,0.286453741244654,0.484106882936715,0.8150230813478363,0.6045350121048666,0.3896867904473854,11.341018884076037,11.25792581352692,11.160539996724125,11.238074565620249
2035-11-22,0.620569518192752,0.45453818618769026,0.4645860925142627,0.28645374124410694,0.4841068829368372,0.8150230813479155,0.6045350121044988,0.38968679044696675,11.341018884031806,11.257925813481826,11.160539996680194,11.238074565575813
2035-11-23,0.6205695181923894,0.45453818618801334,0.4645860925141956,0.28645374124356526,0.48410688293695814,0.8150230813479915,0.604535012104138,0.3896867904465544,11.341018883987962,11.257925813437131,11.160539996636645,11.238074565531774
2035-11-26,0.6205695181920315,0.4545381861883354,0.4645860925141271,0.286453741243027,0.4841068829370775,0.815023081348066,0.6045350121037779,0.38968679044614324,11.3410188839445,11.257925813392825,11.160539996593483,11.238074565488118
2035-11-27,0.6205695181916786,0.45453818618865294,0.46458609251406413,0.28645374124249495,0.48410688293719717,0.8150230813481436,0.6045350121034226,0.38968679044573723,11.34101888390143,11.257925813348917,11.160539996550705,11.238074565444842
2035-11-28,0.6205695181913243,0.454538186188967,0.46458609251399796,0.2864537412419665,0.48410688293731513,0.8150230813482175,0.60453501210307,0.3896867904453334,11.341018883858737,11.25792581330539,11.160539996508305,11.23807456540197
2035-11-29,0.6205695181909776,0.45453818618927966,0.46458609251393307,0.28645374124144446,0.48410688293743187,0.8150230813482923,0.604535012102722,0.38968679044493365,11.34101888381643,11.25792581326226,11.16053999646629,11.238074565359465
2035-11-30,0.6205695181906303,0.45453818618958963,0.46458609251386895,0.28645374124092543,0.48410688293754756,0.8150230813483637,0.6045350121023729,0.3896867904445368,11.341018883774492,11.257925813219504,11.16053999642463,11.238074565317328
2035-12-03,0.6205695181902904,0.45453818618989605,0.4645860925138049,0.2864537412404098,0.48410688293766246,0.8150230813484383,0.6045350121020312,0.38968679044414506,11.341018883732923,11.257925813177131,11.160539996383351,11.238074565275584
2035-12-04,0.6205695181899494,0.4545381861902006,0.46458609251374205,0.2864537412398999,0.48410688293777704,0.8150230813485094,0.6045350121016885,0.38968679044375426,11.341018883691724,11.257925813135127,11.16053999634243,11.238074565234198
2035-12-05,0.6205695181896154,0.45453818619050035,0.46458609251368027,0.28645374123939643,0.4841068829378874,0.8150230813485806,0.6045350121013534,0.38968679044336957,11.341018883650891,11.257925813093495,11.160539996301885,11.23807456519318
2035-12-06,0.620569518189282,0.45453818619079933,0.46458609251361854,0.28645374123889583,0.4841068829380006,0.815023081348652,0.6045350121010175,0.38968679044298865,11.341018883610419,11.257925813052239,11.160539996261685,11.238074565152525
2035-12-07,0.6205695181889503,0.4545381861910974,0.4645860925135575,0.2864537412384004,0.4841068829381122,0.8150230813487227,0.6045350121006866,0.3896867904426096,11.341018883570303,11.257925813011347,11.160539996221846,11.238074565112234
2035-12-10,0.6205695181886233,0.45453818619138875,0.4645860925134968,0.2864537412379084,0.48410688293822196,0.815023081348792,0.6045350121003575,0.3896867904422348,11.341018883530543,11.257925812970807,11.160539996182354,11.23807456507229
2035-12-11,0.6205695181882978,0.4545381861916795,0.46458609251343747,0.28645374123742134,0.48410688293833076,0.8150230813488614,0.6045350121000309,0.38968679044186255,11.34101888349114,11.257925812930642,11.160539996143228,11.238074565032704
2035-12-12,0.6205695181879771,0.45453818619196684,0.46458609251337796,0.2864537412369391,0.48410688293843757,0.8150230813489282,0.6045350120997093,0.38968679044149107,11.341018883452081,11.257925812890823,11.160539996104431,11.238074564993472
2035-12-13,0.6205695181876578,0.4545381861922527,0.4645860925133161,0.28645374123645934,0.4841068829385441,0.8150230813489949,0.6045350120993903,0.3896867904411269,11.34101888341337,11.25792581285136,11.160539996065982,11.238074564954589
2035-12-14,0.6205695181873411,0.4545381861925368,0.4645860925132599,0.286453741235986,0.484106882938651,0.815023081349063,0.604535012099072,0.38968679044076665,11.341018883375002,11.25792581281225,11.160539996027879,11.238074564916044
2035-12-17,0.6205695181870287,0.4545381861928167,0.4645860925131996,0.2864537412355137,0.4841068829387554,0.8150230813491289,0.604535012098757,0.3896867904404057,11.341018883336972,11.257925812773475,11.160539995990108,11.238074564877847
2035-12-18,0.6205695181867182,0.45453818619309405,0.4645860925131434,0.28645374123504924,0.4841068829388588,0.8150230813491967,0.6045350120984457,0.3896867904400518,11.34101888329928,11.257925812735055,11.160539995952675,11.238074564839982
2035-12-19,0.6205695181864114,0.45453818619337083,0.464586092513087,0.2864537412345855,0.4841068829389633,0.8150230813492622,0.6045350120981369,0.38968679043969817,11.341018883261928,11.257925812696962,11.16053999591557,11.238074564802456
2035-12-20,0.6205695181861057,0.45453818619364245,0.46458609251302996,0.28645374123412914,0.484106882939064,0.8150230813493263,0.6045350120978308,0.3896867904393488,11.341018883224896,11.25792581265922,11.160539995878795,11.23807456476526
2035-12-21,0.6205695181858031,0.4545381861939148,0.46458609251297334,0.2864537412336747,0.4841068829391654,0.8150230813493893,0.6045350120975284,0.38968679043900295,11.341018883188191,11.2579258126218,11.160539995842344,11.238074564728393
2035-12-24,0.6205695181855029,0.45453818619418346,0.4645860925129182,0.2864537412332253,0.4841068829392677,0.815023081349454,0.6045350120972277,0.38968679043865945,11.341018883151818,11.25792581258472,11.160539995806214,11.238074564691857
2035-12-25,0.6205695181852063,0.4545381861944478,0.4645860925128628,0.2864537412327787,0.4841068829393652,0.8150230813495162,0.6045350120969295,0.3896867904383185,11.34101888311577,11.257925812547969,11.160539995770412,11.238074564655635
2035-12-26,0.6205695181849107,0.45453818619471276,0.46458609251280847,0.28645374123233813,0.4841068829394654,0.8150230813495799,0.604535012096635,0.38968679043798066,11.341018883080032,11.257925812511536,11.16053999573492,11.238074564619744
2035-12-27,0.6205695181846194,0.45453818619497444,0.46458609251275373,0.28645374123189754,0.4841068829395641,0.8150230813496406,0.6045350120963418,0.3896867904376452,11.341018883044613,11.25792581247543,11.16053999569975,11.238074564584176
2035-12-28,0.6205695181843309,0.45453818619523234,0.4645860925127,0.2864537412314643,0.48410688293966075,0.8150230813497022,0.6045350120960507,0.3896867904373148,11.341018883009514,11.257925812439646,11.160539995664882,11.238074564548906
2035-12-31,0.6205695181840445,0.45453818619548836,0.4645860925126468,0.2864537412310356,0.48410688293975546,0.8150230813497629,0.6045350120957642,0.38968679043698756,11.34101888297472,11.257925812404173,11.16053999563033,11.238074564513958
2036-01-01,0.6205695181837598,0.4545381861957442,0.4645860925125953,0.286453741230607,0.48410688293985205,0.8150230813498246,0.6045350120954789,0.38968679043666077,11.341018882940233,11.25792581236902,11.160539995596078,11.238074564479318
2036-01-02,0.6205695181834792,0.454538186195996,0.46458609251254207,0.28645374123018463,0.48410688293994497,0.8150230813498823,0.6045350120951952,0.3896867904363385,11.34101888290605,11.257925812334177,11.160539995562129,11.238074564444991
2036-01-03,0.6205695181831983,0.4545381861962471,0.46458609251249194,0.2864537412297677,0.4841068829400376,0.8150230813499423,0.6045350120949166,0.389686790436018,11.341018882872177,11.257925812299641,11.160539995528495,11.238074564410953
2036-01-04,0.6205695181829243,0.4545381861964945,0.46458609251243965,0.2864537412293509,0.48410688294013093,0.8150230813500027,0.6045350120946378,0.38968679043570137,11.341018882838602,11.257925812265409,11.160539995495135,11.238074564377225
2036-01-07,0.6205695181826503,0.45453818619673836,0.46458609251238764,0.28645374122894124,0.4841068829402225,0.8150230813500602,0.604535012094364,0.3896867904353852,11.341018882805324,11.257925812231482,11.160539995462088,11.238074564343792
2036-01-08,0.6205695181823765,0.4545381861969826,0.4645860925123393,0.2864537412285316,0.484106882940315,0.8150230813501181,0.6045350120940912,0.38968679043507487,11.341018882772333,11.257925812197854,11.160539995429328,11.238074564310665
2036-01-09,0.6205695181821074,0.45453818619722375,0.46458609251228733,0.28645374122812817,0.48410688294040527,0.8150230813501751,0.6045350120938198,0.38968679043476695,11.341018882739643,11.257925812164531,11.16053999539686,11.238074564277824
2036-01-10,0.6205695181818417,0.4545381861974633,0.464586092512239,0.28645374122772677,0.48410688294049586,0.8150230813502322,0.6045350120935518,0.38968679043446103,11.341018882707237,11.257925812131493,11.160539995364681,11.238074564245274
2036-01-11,0.6205695181815767,0.4545381861976999,0.4645860925121895,0.28645374122732997,0.48410688294058235,0.8150230813502864,0.6045350120932884,0.3896867904341562,11.341018882675124,11.257925812098756,11.160539995332783,11.238074564213012
2036-01-14,0.620569518181315,0.4545381861979334,0.46458609251214195,0.2864537412269367,0.4841068829406706,0.8150230813503425,0.6045350120930246,0.3896867904338562,11.34101888264329,11.257925812066304,11.16053999530117,11.238074564181037
2036-01-15,0.620569518181054,0.45453818619816777,0.4645860925120938,0.2864537412265449,0.48410688294075965,0.8150230813503992,0.6045350120927638,0.3896867904335582,11.341018882611744,11.257925812034136,11.160539995269835,11.238074564149345
2036-01-16,0.620569518180796,0.45453818619839853,0.46458609251204563,0.28645374122615846,0.484106882940844,0.8150230813504523,0.6045350120925045,0.3896867904332638,11.341018882580475,11.25792581200226,11.160539995238777,11.238074564117936
2036-01-17,0.6205695181805418,0.4545381861986272,0.4645860925119981,0.28645374122577544,0.4841068829409313,0.8150230813505074,0.6045350120922498,0.38968679043297066,11.34101888254948,11.257925811970665,11.160539995207998,11.2380745640868
2036-01-18,0.6205695181802894,0.4545381861988539,0.464586092511951,0.28645374122539574,0.4841068829410141,0.815023081350561,0.6045350120919953,0.3896867904326811,11.341018882518755,11.257925811939343,11.160539995177484,11.238074564055935
2036-01-21,0.6205695181800377,0.4545381861990776,0.4645860925119034,0.2864537412250193,0.4841068829410998,0.8150230813506149,0.6045350120917429,0.38968679043239435,11.34101888248831,11.257925811908304,11.160539995147248,11.238074564025357
2036-01-22,0.6205695181797888,0.4545381861993014,0.4645860925118583,0.2864537412246465,0.48410688294118254,0.8150230813506663,0.6045350120914943,0.3896867904321086,11.341018882458132,11.257925811877536,11.16053999511727,11.238074563995038
2036-01-23,0.6205695181795414,0.45453818619952135,0.46458609251181116,0.2864537412242752,0.4841068829412646,0.8150230813507194,0.604535012091246,0.38968679043182664,11.341018882428228,11.257925811847048,11.160539995087571,11.238074563964997
2036-01-24,0.6205695181793007,0.4545381861997402,0.4645860925117652,0.28645374122390965,0.4841068829413472,0.815023081350771,0.6045350120910004,0.3896867904315466,11.34101888239857,11.257925811816829,11.160539995058128,11.23807456393522
2036-01-25,0.620569518179058,0.4545381861999571,0.464586092511722,0.2864537412235467,0.48410688294142756,0.8150230813508225,0.6045350120907599,0.38968679043126825,11.341018882369196,11.257925811786873,11.160539995028945,11.2380745639057
2036-01-28,0.620569518178816,0.4545381862001733,0.46458609251167704,0.28645374122318634,0.48410688294150905,0.8150230813508746,0.6045350120905174,0.389686790430995,11.341018882340073,11.257925811757177,11.160539995000017,11.238074563876445
2036-01-29,0.6205695181785795,0.45453818620038455,0.46458609251163385,0.28645374122282785,0.48410688294158727,0.8150230813509232,0.6045350120902799,0.3896867904307225,11.341018882311207,11.257925811727757,11.160539994971357,11.238074563847452
2036-01-30,0.6205695181783448,0.45453818620059694,0.4645860925115901,0.28645374122247486,0.4841068829416668,0.8150230813509741,0.6045350120900426,0.38968679043045146,11.341018882282597,11.257925811698586,11.160539994942937,11.23807456381871
2036-01-31,0.6205695181781079,0.4545381862008052,0.4645860925115473,0.2864537412221247,0.4841068829417438,0.8150230813510237,0.6045350120898075,0.3896867904301841,11.34101888225424,11.25792581166968,11.160539994914778,11.238074563790228
2036-02-01,0.620569518177877,0.45453818620101427,0.46458609251150385,0.286453741221777,0.48410688294182225,0.8150230813510722,0.6045350120895779,0.3896867904299166,11.341018882226136,11.257925811641027,11.16053999488686,11.238074563761996
2036-02-04,0.6205695181776485,0.45453818620121733,0.4645860925114624,0.2864537412214332,0.48410688294190063,0.8150230813511218,0.6045350120893461,0.38968679042965576,11.341018882198282,11.257925811612628,11.160539994859198,11.238074563734019
2036-02-05,0.6205695181774222,0.4545381862014217,0.46458609251141814,0.28645374122109124,0.4841068829419759,0.8150230813511681,0.6045350120891172,0.38968679042939497,11.34101888217067,11.257925811584492,11.160539994831776,11.238074563706279
2036-02-06,0.6205695181771973,0.4545381862016246,0.4645860925113772,0.2864537412207525,0.4841068829420523,0.8150230813512183,0.6045350120888925,0.38968679042913684,11.341018882143302,11.257925811556582,11.1605399948046,11.238074563678797
2036-02-07,0.6205695181769718,0.4545381862018237,0.4645860925113351,0.2864537412204165,0.48410688294212734,0.8150230813512648,0.6045350120886672,0.3896867904288807,11.341018882116176,11.257925811528935,11.160539994777661,11.238074563651544
2036-02-08,0.6205695181767514,0.45453818620202213,0.46458609251129424,0.2864537412200853,0.48410688294219983,0.8150230813513124,0.6045350120884453,0.3896867904286258,11.341018882089296,11.257925811501527,11.16053999475096,11.238074563624542
2036-02-11,0.6205695181765309,0.454538186202219,0.46458609251125427,0.28645374121975503,0.48410688294227544,0.8150230813513588,0.6045350120882258,0.38968679042837423,11.341018882062654,11.257925811474363,11.160539994724498,11.238074563597783
2036-02-12,0.6205695181763137,0.4545381862024127,0.46458609251121397,0.28645374121942924,0.48410688294234805,0.815023081351405,0.6045350120880064,0.38968679042812565,11.341018882036245,11.257925811447446,11.16053999469827,11.238074563571251
2036-02-13,0.6205695181760972,0.45453818620260816,0.4645860925111738,0.2864537412191044,0.4841068829424202,0.8150230813514521,0.6045350120877918,0.3896867904278779,11.341018882010076,11.25792581142076,11.160539994672273,11.238074563544965
2036-02-14,0.6205695181758852,0.4545381862027977,0.46458609251113303,0.2864537412187846,0.4841068829424913,0.815023081351497,0.6045350120875757,0.38968679042763366,11.341018881984128,11.257925811394315,11.160539994646507,11.238074563518895
2036-02-15,0.6205695181756711,0.4545381862029888,0.4645860925110953,0.2864537412184642,0.48410688294256365,0.8150230813515407,0.6045350120873644,0.3896867904273901,11.341018881958416,11.2579258113681,11.160539994620972,11.23807456349307
2036-02-18,0.6205695181754638,0.4545381862031753,0.46458609251105537,0.286453741218151,0.4841068829426321,0.8150230813515854,0.6045350120871543,0.3896867904271513,11.34101888193293,11.257925811342117,11.16053999459566,11.238074563467471
2036-02-19,0.6205695181752553,0.4545381862033625,0.46458609251101757,0.28645374121783845,0.4841068829427033,0.8150230813516297,0.6045350120869439,0.3896867904269115,11.341018881907667,11.257925811316367,11.160539994570579,11.238074563442094
2036-02-20,0.6205695181750478,0.4545381862035476,0.4645860925109787,0.2864537412175295,0.48410688294277204,0.8150230813516744,0.6045350120867385,0.3896867904266738,11.341018881882636,11.257925811290848,11.160539994545706,11.238074563416944
2036-02-21,0.6205695181748447,0.4545381862037305,0.46458609251094063,0.28645374121722206,0.484106882942841,0.8150230813517181,0.604535012086531,0.38968679042644055,11.34101888185782,11.257925811265546,11.160539994521065,11.238074563392018
2036-02-22,0.6205695181746422,0.45453818620391084,0.46458609251090344,0.28645374121691775,0.48410688294290805,0.8150230813517607,0.6045350120863283,0.3896867904262074,11.341018881833223,11.257925811240476,11.16053999449664,11.238074563367313
2036-02-25,0.6205695181744405,0.4545381862040918,0.464586092510865,0.286453741216618,0.48410688294297466,0.8150230813518027,0.6045350120861281,0.389686790425979,11.341018881808845,11.257925811215618,11.160539994472423,11.238074563342824
2036-02-26,0.6205695181742426,0.4545381862042699,0.46458609251082855,0.2864537412163195,0.48410688294304227,0.8150230813518453,0.6045350120859283,0.38968679042575033,11.341018881784684,11.257925811190985,11.160539994448426,11.238074563318559
2036-02-27,0.6205695181740436,0.4545381862044477,0.4645860925107935,0.2864537412160215,0.4841068829431094,0.8150230813518882,0.6045350120857303,0.3896867904255236,11.34101888176074,11.257925811166581,11.160539994424648,11.238074563294502
2036-02-28,0.6205695181738486,0.4545381862046213,0.46458609251075694,0.28645374121572714,0.4841068829431744,0.8150230813519295,0.6045350120855337,0.3896867904253006,11.341018881736995,11.257925811142377,11.160539994401073,11.238074563270661
2036-02-29,0.6205695181736539,0.45453818620479436,0.4645860925107219,0.2864537412154374,0.48410688294323856,0.8150230813519691,0.6045350120853384,0.38968679042507737,11.341018881713483,11.257925811118396,11.16053999437771,11.238074563247025
2036-03-03,0.620569518173463,0.4545381862049669,0.4645860925106845,0.28645374121514905,0.4841068829433033,0.8150230813520101,0.6045350120851474,0.38968679042485693,11.341018881690157,11.257925811094628,11.16053999435456,11.238074563223607
2036-03-04,0.6205695181732723,0.4545381862051379,0.46458609251064975,0.2864537412148618,0.484106882943368,0.8150230813520526,0.6045350120849543,0.3896867904246394,11.341018881667049,11.257925811071068,11.160539994331602,11.238074563200389
2036-03-05,0.6205695181730813,0.45453818620530717,0.46458609251061445,0.28645374121458017,0.48410688294343074,0.8150230813520917,0.604535012084767,0.3896867904244246,11.341018881644146,11.257925811047716,11.160539994308854,11.238074563177383
2036-03-06,0.6205695181728963,0.4545381862054737,0.4645860925105795,0.28645374121429956,0.4841068829434936,0.8150230813521316,0.6045350120845775,0.38968679042420845,11.341018881621443,11.257925811024574,11.160539994286301,11.23807456315458
2036-03-07,0.6205695181727114,0.4545381862056415,0.46458609251054606,0.28645374121402034,0.48410688294355536,0.81502308135217,0.6045350120843946,0.38968679042399496,11.341018881598938,11.257925811001632,11.160539994263951,11.238074563131974
2036-03-10,0.6205695181725293,0.45453818620580433,0.4645860925105124,0.2864537412137451,0.4841068829436168,0.815023081352209,0.6045350120842087,0.3896867904237862,11.341018881576636,11.257925810978897,11.160539994241805,11.238074563109564
2036-03-11,0.6205695181723452,0.45453818620596964,0.46458609251047767,0.2864537412134714,0.48410688294367743,0.8150230813522483,0.6045350120840255,0.38968679042357696,11.341018881554527,11.257925810956362,11.160539994219848,11.238074563087363
2036-03-12,0.620569518172164,0.4545381862061295,0.4645860925104443,0.28645374121320083,0.4841068829437387,0.8150230813522863,0.6045350120838451,0.3896867904233712,11.341018881532625,11.257925810934022,11.16053999419809,11.238074563065359
2036-03-13,0.6205695181719861,0.45453818620628994,0.4645860925104116,0.28645374121293177,0.4841068829437981,0.8150230813523237,0.6045350120836659,0.3896867904231654,11.341018881510905,11.257925810911882,11.160539994176526,11.238074563043543
2036-03-14,0.6205695181718089,0.45453818620644826,0.4645860925103788,0.2864537412126663,0.4841068829438579,0.8150230813523628,0.6045350120834877,0.38968679042296145,11.341018881489385,11.257925810889946,11.160539994155144,11.238074563021923
2036-03-17,0.6205695181716322,0.4545381862066074,0.46458609251034744,0.28645374121240075,0.4841068829439181,0.815023081352399,0.6045350120833118,0.38968679042275955,11.34101888146805,11.257925810868196,11.16053999413396,11.238074563000492
2036-03-18,0.6205695181714591,0.4545381862067623,0.46458609251031396,0.2864537412121397,0.4841068829439763,0.8150230813524354,0.6045350120831378,0.3896867904225607,11.341018881446907,11.257925810846643,11.160539994112963,11.23807456297926
2036-03-19,0.620569518171286,0.4545381862069172,0.4645860925102815,0.286453741211881,0.4841068829440338,0.815023081352473,0.6045350120829621,0.3896867904223629,11.341018881425951,11.25792581082528,11.160539994092145,11.238074562958202
2036-03-20,0.6205695181711126,0.454538186207071,0.46458609251025,0.2864537412116248,0.48410688294409,0.8150230813525079,0.6045350120827907,0.38968679042216653,11.341018881405184,11.2579258108041,11.16053999407152,11.23807456293734
2036-03-21,0.6205695181709445,0.45453818620722286,0.46458609251021754,0.28645374121137,0.4841068829441466,0.8150230813525432,0.6045350120826212,0.38968679042197263,11.34101888138459,11.25792581078312,11.160539994051065,11.238074562916665
2036-03-24,0.6205695181707767,0.4545381862073728,0.4645860925101869,0.28645374121111833,0.4841068829442032,0.8150230813525801,0.6045350120824535,0.3896867904217789,11.341018881364189,11.257925810762313,11.16053999403081,11.238074562896164
2036-03-25,0.6205695181706112,0.45453818620752146,0.4645860925101568,0.28645374121086503,0.48410688294425896,0.8150230813526163,0.6045350120822848,0.38968679042158744,11.341018881343965,11.257925810741694,11.160539994010717,11.238074562875848
2036-03-26,0.6205695181704458,0.4545381862076718,0.46458609251012656,0.28645374121061906,0.48410688294431486,0.815023081352653,0.6045350120821205,0.3896867904213996,11.341018881323919,11.257925810721261,11.160539993990817,11.238074562855715
2036-03-27,0.6205695181702833,0.4545381862078173,0.464586092510095,0.2864537412103733,0.48410688294437043,0.815023081352687,0.6045350120819548,0.3896867904212123,11.341018881304052,11.257925810701007,11.160539993971081,11.238074562835756
2036-03-28,0.6205695181701198,0.4545381862079616,0.4645860925100663,0.2864537412101304,0.4841068829444242,0.8150230813527197,0.6045350120817929,0.3896867904210267,11.341018881284358,11.25792581068093,11.160539993951517,11.238074562815974
2036-03-31,0.6205695181699592,0.4545381862081051,0.4645860925100346,0.28645374120988865,0.4841068829444781,0.8150230813527545,0.6045350120816313,0.38968679042084087,11.34101888126484,11.257925810661037,11.16053999393214,11.238074562796369
2036-04-01,0.6205695181697991,0.45453818620824815,0.4645860925100057,0.28645374120965034,0.4841068829445321,0.8150230813527881,0.6045350120814714,0.3896867904206583,11.3410188812455,11.257925810641316,11.160539993912929,11.238074562776937
2036-04-02,0.6205695181696415,0.4545381862083883,0.4645860925099766,0.2864537412094126,0.48410688294458515,0.8150230813528211,0.6045350120813138,0.38968679042047843,11.341018881226328,11.257925810621767,11.160539993893883,11.238074562757678
2036-04-03,0.620569518169486,0.4545381862085299,0.46458609250994726,0.28645374120917755,0.484106882944636,0.8150230813528542,0.6045350120811556,0.38968679042029825,11.341018881207322,11.2579258106024,11.160539993875012,11.23807456273859
2036-04-04,0.6205695181693297,0.45453818620867037,0.4645860925099183,0.28645374120894423,0.48410688294468984,0.8150230813528873,0.6045350120810018,0.38968679042011994,11.341018881188488,11.257925810583194,11.16053999385631,11.238074562719673
2036-04-07,0.6205695181691764,0.4545381862088068,0.4645860925098894,0.286453741208713,0.4841068829447418,0.8150230813529219,0.6045350120808463,0.38968679041994475,11.341018881169818,11.257925810564162,11.160539993837764,11.238074562700916
2036-04-08,0.6205695181690245,0.4545381862089428,0.46458609250986216,0.2864537412084846,0.4841068829447909,0.8150230813529515,0.6045350120806937,0.38968679041977033,11.341018881151316,11.257925810545299,11.160539993819391,11.238074562682336
2036-04-09,0.620569518168873,0.4545381862090789,0.46458609250983485,0.28645374120825845,0.4841068829448434,0.8150230813529857,0.6045350120805417,0.3896867904195969,11.341018881132978,11.257925810526604,11.160539993801175,11.238074562663908
2036-04-10,0.6205695181687233,0.45453818620921194,0.4645860925098063,0.286453741208034,0.48410688294489246,0.8150230813530167,0.6045350120803905,0.3896867904194237,11.3410188811148,11.257925810508075,11.160539993783125,11.238074562645647
2036-04-11,0.6205695181685746,0.4545381862093457,0.4645860925097771,0.28645374120781125,0.4841068829449414,0.8150230813530491,0.6045350120802435,0.3896867904192525,11.341018881096785,11.257925810489704,11.16053999376523,11.238074562627556
2036-04-14,0.6205695181684281,0.45453818620947783,0.4645860925097516,0.28645374120759,0.4841068829449918,0.8150230813530808,0.6045350120800952,0.389686790419086,11.341018881078929,11.257925810471502,11.160539993747495,11.238074562609613
2036-04-15,0.6205695181682811,0.454538186209609,0.464586092509726,0.28645374120737116,0.48410688294504034,0.8150230813531116,0.6045350120799495,0.3896867904189201,11.34101888106123,11.257925810453463,11.16053999372992,11.238074562591837
2036-04-16,0.6205695181681377,0.45453818620973685,0.464586092509697,0.2864537412071536,0.4841068829450883,0.8150230813531415,0.6045350120798039,0.3896867904187529,11.341018881043688,11.257925810435575,11.1605399937125,11.238074562574223
2036-04-17,0.6205695181679952,0.45453818620986425,0.46458609250967015,0.2864537412069387,0.48410688294513693,0.815023081353173,0.6045350120796593,0.3896867904185895,11.341018881026303,11.257925810417856,11.160539993695231,11.238074562556758
2036-04-18,0.6205695181678517,0.45453818620999265,0.46458609250964406,0.28645374120672523,0.48410688294518456,0.8150230813532024,0.6045350120795178,0.38968679041842574,11.34101888100907,11.257925810400286,11.160539993678114,11.238074562539442
2036-04-21,0.6205695181677129,0.4545381862101196,0.46458609250961974,0.28645374120651634,0.4841068829452318,0.8150230813532321,0.604535012079377,0.38968679041826554,11.34101888099199,11.257925810382876,11.160539993661155,11.238074562522286
2036-04-22,0.6205695181675728,0.4545381862102431,0.46458609250959226,0.2864537412063059,0.48410688294527804,0.8150230813532615,0.6045350120792367,0.3896867904181052,11.34101888097506,11.257925810365613,11.160539993644338,11.238074562505279
2036-04-23,0.6205695181674342,0.4545381862103677,0.46458609250956706,0.2864537412060969,0.484106882945324,0.8150230813532894,0.6045350120790981,0.3896867904179478,11.341018880958282,11.257925810348516,11.160539993627674,11.238074562488428
2036-04-24,0.620569518167297,0.4545381862104907,0.46458609250954075,0.2864537412058935,0.48410688294537085,0.8150230813533209,0.6045350120789608,0.38968679041779014,11.341018880941647,11.257925810331558,11.16053999361116,11.238074562471724
2036-04-25,0.6205695181671618,0.45453818621061093,0.4645860925095173,0.2864537412056898,0.4841068829454163,0.8150230813533496,0.604535012078824,0.389686790417634,11.34101888092517,11.257925810314758,11.160539993594792,11.238074562455168
2036-04-28,0.620569518167026,0.45453818621073316,0.4645860925094913,0.2864537412054865,0.48410688294546084,0.8150230813533769,0.6045350120786901,0.389686790417479,11.341018880908832,11.257925810298097,11.160539993578563,11.238074562438754
2036-04-29,0.6205695181668927,0.45453818621085146,0.4645860925094671,0.286453741205285,0.4841068829455066,0.8150230813534052,0.6045350120785563,0.3896867904173272,11.341018880892637,11.25792581028159,11.160539993562479,11.238074562422486
2036-04-30,0.6205695181667596,0.4545381862109718,0.4645860925094417,0.2864537412050866,0.4841068829455507,0.8150230813534335,0.6045350120784222,0.38968679041717674,11.341018880876591,11.257925810265233,11.160539993546548,11.23807456240637
2036-05-01,0.62056951816663,0.4545381862110881,0.46458609250941696,0.2864537412048906,0.4841068829455942,0.8150230813534609,0.604535012078291,0.38968679041702586,11.341018880860688,11.257925810249011,11.160539993530746,11.238074562390388
2036-05-02,0.6205695181664993,0.4545381862112033,0.4645860925093928,0.28645374120469613,0.4841068829456382,0.8150230813534901,0.6045350120781599,0.3896867904168776,11.34101888084492,11.257925810232944,11.160539993515089,11.238074562374551
2036-05-05,0.6205695181663702,0.45453818621131914,0.4645860925093696,0.2864537412045016,0.48410688294568094,0.8150230813535156,0.6045350120780311,0.3896867904167294,11.341018880829298,11.257925810217015,11.16053999349957,11.238074562358857
2036-05-06,0.6205695181662428,0.45453818621143227,0.46458609250934696,0.2864537412043113,0.48410688294572335,0.8150230813535444,0.6045350120779035,0.38968679041658355,11.341018880813808,11.257925810201227,11.160539993484191,11.2380745623433
2036-05-07,0.6205695181661169,0.45453818621154635,0.46458609250932326,0.2864537412041221,0.4841068829457649,0.81502308135357,0.6045350120777784,0.38968679041643794,11.341018880798455,11.257925810185574,11.160539993468936,11.238074562327878
2036-05-08,0.6205695181659929,0.45453818621165887,0.46458609250929844,0.2864537412039328,0.4841068829458088,0.8150230813535955,0.6045350120776507,0.38968679041629345,11.341018880783242,11.257925810170065,11.160539993453835,11.238074562312596
2036-05-09,0.620569518165868,0.45453818621177045,0.46458609250927707,0.2864537412037461,0.48410688294585,0.8150230813536229,0.6045350120775264,0.3896867904161508,11.341018880768166,11.257925810154696,11.160539993438855,11.238074562297452
2036-05-12,0.6205695181657445,0.45453818621187914,0.46458609250925376,0.28645374120356176,0.4841068829458893,0.815023081353649,0.6045350120774026,0.3896867904160108,11.341018880753218,11.257925810139456,11.160539993424011,11.238074562282433
2036-05-13,0.6205695181656217,0.4545381862119909,0.4645860925092311,0.286453741203379,0.4841068829459314,0.8150230813536753,0.6045350120772797,0.3896867904158714,11.341018880738396,11.257925810124348,11.160539993409296,11.238074562267554
2036-05-14,0.6205695181655004,0.45453818621209907,0.46458609250920907,0.28645374120319766,0.48410688294597304,0.8150230813537015,0.6045350120771583,0.389686790415732,11.341018880723714,11.25792581010938,11.160539993394712,11.2380745622528
2036-05-15,0.6205695181653816,0.4545381862122052,0.4645860925091865,0.2864537412030164,0.4841068829460126,0.8150230813537254,0.6045350120770389,0.38968679041559623,11.34101888070916,11.257925810094548,11.160539993380258,11.238074562238182
2036-05-16,0.6205695181652644,0.4545381862123129,0.46458609250916455,0.2864537412028386,0.4841068829460524,0.8150230813537513,0.60453501207692,0.3896867904154571,11.341018880694739,11.257925810079842,11.160539993365933,11.238074562223694
2036-05-19,0.6205695181651454,0.45453818621241815,0.4645860925091428,0.2864537412026622,0.4841068829460925,0.8150230813537781,0.6045350120768007,0.3896867904153242,11.341018880680444,11.257925810065265,11.160539993351735,11.238074562209334
2036-05-20,0.620569518165028,0.45453818621252295,0.46458609250912014,0.28645374120248734,0.4841068829461299,0.8150230813538019,0.604535012076685,0.3896867904151901,11.341018880666274,11.257925810050827,11.160539993337666,11.238074562195102
2036-05-21,0.6205695181649137,0.45453818621262554,0.46458609250909894,0.28645374120231104,0.48410688294617005,0.8150230813538264,0.6045350120765673,0.3896867904150582,11.341018880652234,11.257925810036507,11.160539993323713,11.238074562180993
2036-05-22,0.6205695181647979,0.4545381862127282,0.4645860925090787,0.28645374120214057,0.48410688294620885,0.8150230813538512,0.6045350120764534,0.3896867904149273,11.341018880638314,11.257925810022314,11.160539993309893,11.238074562167013
2036-05-23,0.6205695181646823,0.4545381862128299,0.46458609250905647,0.2864537412019704,0.4841068829462457,0.8150230813538748,0.6045350120763391,0.38968679041479637,11.341018880624516,11.257925810008253,11.16053999329619,11.238074562153152
2036-05-26,0.6205695181645701,0.45453818621293063,0.4645860925090369,0.2864537412018004,0.4841068829462843,0.8150230813538981,0.604535012076226,0.3896867904146674,11.341018880610841,11.257925809994305,11.160539993282601,11.238074562139413
2036-05-27,0.6205695181644597,0.4545381862130312,0.4645860925090151,0.286453741201635,0.48410688294632004,0.8150230813539235,0.6045350120761147,0.38968679041453885,11.341018880597291,11.257925809980492,11.160539993269149,11.2380745621258
2036-05-28,0.6205695181643505,0.4545381862131288,0.4645860925089957,0.2864537412014672,0.48410688294635806,0.8150230813539447,0.6045350120760031,0.38968679041441034,11.341018880583855,11.2579258099668,11.160539993255805,11.238074562112306
2036-05-29,0.6205695181642376,0.4545381862132294,0.46458609250897576,0.2864537412013023,0.48410688294639603,0.8150230813539682,0.6045350120758928,0.3896867904142856,11.341018880570534,11.257925809953221,11.160539993242582,11.238074562098936
2036-05-30,0.6205695181641319,0.4545381862133241,0.46458609250895444,0.28645374120114003,0.48410688294643295,0.8150230813539933,0.6045350120757831,0.38968679041416115,11.34101888055734,11.257925809939769,11.160539993229474,11.238074562085677
2036-06-02,0.6205695181640231,0.45453818621342146,0.46458609250893546,0.28645374120097733,0.4841068829464682,0.8150230813540145,0.6045350120756752,0.3896867904140388,11.341018880544258,11.257925809926432,11.160539993216483,11.238074562072535
2036-06-03,0.6205695181639168,0.45453818621351644,0.4645860925089156,0.2864537412008187,0.48410688294650317,0.8150230813540367,0.6045350120755705,0.38968679041391646,11.341018880531296,11.257925809913216,11.160539993203608,11.238074562059515
2036-06-04,0.6205695181638107,0.4545381862136135,0.4645860925088947,0.28645374120065864,0.48410688294654025,0.8150230813540603,0.6045350120754618,0.38968679041379406,11.341018880518446,11.257925809900124,11.160539993190847,11.23807456204661
2036-06-05,0.6205695181637045,0.4545381862137069,0.46458609250887584,0.28645374120050104,0.48410688294657445,0.8150230813540827,0.6045350120753582,0.3896867904136749,11.341018880505715,11.25792580988714,11.160539993178201,11.23807456203382
2036-06-06,0.6205695181636012,0.45453818621380043,0.464586092508857,0.2864537412003453,0.4841068829466091,0.8150230813541064,0.6045350120752536,0.389686790413554,11.34101888049309,11.257925809874273,11.160539993165665,11.238074562021142
2036-06-09,0.6205695181634983,0.45453818621389286,0.46458609250883803,0.2864537412001898,0.4841068829466431,0.815023081354126,0.6045350120751494,0.3896867904134366,11.341018880480576,11.257925809861515,11.160539993153241,11.238074562008567
2036-06-10,0.6205695181633966,0.4545381862139838,0.4645860925088184,0.2864537412000373,0.48410688294667725,0.8150230813541475,0.6045350120750478,0.38968679041331883,11.34101888046818,11.257925809848873,11.160539993140924,11.238074561996118
2036-06-11,0.620569518163296,0.45453818621407305,0.46458609250879984,0.2864537411998857,0.4841068829467101,0.8150230813541689,0.6045350120749461,0.3896867904132035,11.341018880455891,11.25792580983635,11.160539993128726,11.238074561983773
2036-06-12,0.6205695181631958,0.4545381862141647,0.46458609250878247,0.28645374119973294,0.484106882946745,0.8150230813541921,0.6045350120748458,0.3896867904130887,11.341018880443709,11.257925809823925,11.160539993116624,11.238074561971533
2036-06-13,0.6205695181630957,0.45453818621425335,0.4645860925087627,0.28645374119958533,0.48410688294678034,0.8150230813542129,0.6045350120747447,0.38968679041297366,11.34101888043164,11.257925809811622,11.160539993104631,11.23807456195941
2036-06-16,0.6205695181629964,0.4545381862143415,0.4645860925087443,0.2864537411994366,0.48410688294681126,0.8150230813542326,0.604535012074646,0.3896867904128629,11.34101888041967,11.257925809799415,11.160539993092746,11.238074561947384
2036-06-17,0.620569518162899,0.4545381862144291,0.46458609250872673,0.28645374119928996,0.48410688294684534,0.8150230813542552,0.6045350120745475,0.3896867904127513,11.341018880407807,11.257925809787325,11.160539993080967,11.238074561935468
2036-06-18,0.6205695181628019,0.454538186214516,0.4645860925087081,0.28645374119914513,0.4841068829468764,0.8150230813542739,0.604535012074451,0.3896867904126399,11.341018880396053,11.257925809775347,11.16053999306929,11.238074561923666
2036-06-19,0.6205695181627058,0.4545381862146032,0.46458609250868926,0.2864537411990015,0.48410688294690984,0.815023081354295,0.6045350120743539,0.38968679041252824,11.3410188803844,11.257925809763467,11.160539993057718,11.238074561911956
2036-06-20,0.6205695181626114,0.4545381862146872,0.4645860925086727,0.28645374119885797,0.48410688294694104,0.8150230813543144,0.6045350120742595,0.3896867904124193,11.341018880372856,11.257925809751693,11.16053999304625,11.238074561900358
2036-06-23,0.6205695181625166,0.4545381862147714,0.46458609250865485,0.28645374119871675,0.48410688294697246,0.815023081354334,0.6045350120741649,0.3896867904123121,11.34101888036141,11.257925809740028,11.160539993034876,11.238074561888862
2036-06-24,0.6205695181624243,0.45453818621485437,0.4645860925086374,0.2864537411985768,0.48410688294700455,0.8150230813543546,0.6045350120740705,0.3896867904122037,11.341018880350061,11.257925809728457,11.160539993023614,11.238074561877461
2036-06-25,0.6205695181623301,0.4545381862149386,0.4645860925086211,0.28645374119843714,0.48410688294703597,0.8150230813543743,0.6045350120739771,0.3896867904120983,11.341018880338817,11.257925809716998,11.160539993012444,11.23807456186617
2036-06-26,0.6205695181622386,0.4545381862150198,0.46458609250860244,0.2864537411982994,0.4841068829470652,0.8150230813543945,0.6045350120738865,0.3896867904119929,11.34101888032768,11.257925809705641,11.16053999300138,11.238074561854978
2036-06-27,0.6205695181621477,0.454538186215101,0.46458609250858607,0.2864537411981626,0.4841068829470951,0.8150230813544126,0.6045350120737946,0.3896867904118881,11.341018880316627,11.25792580969437,11.160539992990406,11.23807456184388
2036-06-30,0.6205695181620576,0.454538186215183,0.46458609250857197,0.2864537411980274,0.48410688294712645,0.8150230813544325,0.6045350120737039,0.3896867904117845,11.341018880305679,11.257925809683211,11.16053999297953,11.238074561832875
2036-07-01,0.6205695181619684,0.45453818621526265,0.46458609250855376,0.2864537411978931,0.48410688294715776,0.8150230813544502,0.6045350120736148,0.3896867904116836,11.341018880294829,11.257925809672152,11.160539992968756,11.238074561821982
2036-07-02,0.6205695181618803,0.45453818621534237,0.4645860925085358,0.28645374119775935,0.48410688294718573,0.8150230813544688,0.6045350120735252,0.38968679041158194,11.341018880284075,11.257925809661188,11.160539992958078,11.238074561811173
2036-07-03,0.6205695181617928,0.45453818621542064,0.4645860925085207,0.28645374119762856,0.48410688294721427,0.8150230813544899,0.6045350120734377,0.3896867904114807,11.341018880273415,11.257925809650313,11.160539992947488,11.238074561800463
2036-07-04,0.6205695181617048,0.4545381862154978,0.4645860925085032,0.2864537411974965,0.4841068829472441,0.8150230813545073,0.60453501207335,0.3896867904113816,11.341018880262848,11.257925809639545,11.160539992936997,11.238074561789853
2036-07-07,0.6205695181616209,0.4545381862155755,0.4645860925084895,0.286453741197369,0.48410688294727405,0.8150230813545264,0.6045350120732638,0.389686790411282,11.341018880252372,11.25792580962887,11.160539992926589,11.238074561779333
2036-07-08,0.6205695181615322,0.45453818621565384,0.4645860925084727,0.28645374119723976,0.4841068829473021,0.8150230813545447,0.6045350120731765,0.3896867904111843,11.341018880241993,11.257925809618287,11.160539992916284,11.23807456176891
2036-07-09,0.6205695181614475,0.45453818621572983,0.46458609250845734,0.28645374119711187,0.4841068829473309,0.8150230813545609,0.6045350120730931,0.38968679041108856,11.341018880231706,11.257925809607801,11.160539992906063,11.238074561758575
2036-07-10,0.6205695181613642,0.4545381862158039,0.4645860925084427,0.2864537411969862,0.4841068829473582,0.8150230813545813,0.604535012073009,0.3896867904109917,11.34101888022151,11.25792580959741,11.160539992895941,11.238074561748334
2036-07-11,0.6205695181612815,0.45453818621587827,0.4645860925084253,0.2864537411968622,0.48410688294738746,0.8150230813545987,0.6045350120729249,0.3896867904108949,11.341018880211404,11.257925809587107,11.160539992885903,11.238074561738179
2036-07-14,0.6205695181611973,0.4545381862159512,0.4645860925084127,0.2864537411967378,0.48410688294741366,0.815023081354615,0.6045350120728414,0.38968679041080034,11.34101888020139,11.257925809576891,11.160539992875952,11.238074561728121
2036-07-15,0.6205695181611183,0.4545381862160255,0.46458609250839555,0.28645374119661426,0.484106882947441,0.8150230813546321,0.6045350120727606,0.38968679041070825,11.341018880191463,11.257925809566773,11.160539992866097,11.238074561718143
2036-07-16,0.6205695181610363,0.4545381862160983,0.46458609250838057,0.2864537411964926,0.4841068829474692,0.8150230813546497,0.6045350120726788,0.38968679041061477,11.341018880181625,11.257925809556742,11.160539992856323,11.238074561708267
2036-07-17,0.6205695181609572,0.4545381862161698,0.4645860925083659,0.28645374119637174,0.48410688294749676,0.8150230813546666,0.6045350120725985,0.389686790410521,11.341018880171866,11.257925809546798,11.160539992846632,11.238074561698461
2036-07-18,0.6205695181608741,0.4545381862162417,0.4645860925083501,0.28645374119625333,0.4841068829475228,0.8150230813546852,0.604535012072516,0.38968679041043025,11.341018880162204,11.257925809536943,11.160539992837037,11.23807456168876
2036-07-21,0.6205695181607973,0.4545381862163124,0.4645860925083366,0.2864537411961354,0.48410688294754933,0.8150230813547005,0.6045350120724389,0.3896867904103403,11.34101888015262,11.257925809527178,11.160539992827518,11.238074561679134
2036-07-22,0.6205695181607189,0.45453818621638215,0.4645860925083217,0.28645374119601763,0.48410688294757587,0.8150230813547172,0.6045350120723603,0.3896867904102508,11.341018880143128,11.257925809517499,11.160539992818089,11.23807456166959
2036-07-23,0.6205695181606412,0.4545381862164506,0.4645860925083075,0.2864537411959013,0.4841068829476006,0.815023081354732,0.6045350120722826,0.38968679041016235,11.341018880133708,11.2579258095079,11.160539992808738,11.238074561660133
2036-07-24,0.6205695181605646,0.45453818621652137,0.464586092508293,0.2864537411957843,0.48410688294762816,0.8150230813547504,0.6045350120722044,0.3896867904100742,11.341018880124386,11.257925809498397,11.16053999279948,11.23807456165077
2036-07-25,0.6205695181604866,0.4545381862165896,0.4645860925082789,0.2864537411956709,0.484106882947653,0.8150230813547652,0.604535012072129,0.38968679040998583,11.341018880115138,11.257925809488965,11.160539992790294,11.238074561641477
2036-07-28,0.6205695181604118,0.4545381862166567,0.4645860925082666,0.2864537411955568,0.4841068829476797,0.8150230813547795,0.6045350120720528,0.38968679040989995,11.341018880105974,11.257925809479625,11.160539992781196,11.238074561632269
2036-07-29,0.6205695181603388,0.45453818621672243,0.4645860925082511,0.28645374119544653,0.4841068829477018,0.8150230813547957,0.6045350120719793,0.3896867904098142,11.341018880096891,11.257925809470363,11.160539992772172,11.238074561623147
2036-07-30,0.6205695181602654,0.4545381862167893,0.46458609250823757,0.28645374119533235,0.4841068829477284,0.8150230813548133,0.604535012071903,0.38968679040972837,11.341018880087889,11.257925809461188,11.16053999276323,11.238074561614106
2036-07-31,0.6205695181601905,0.45453818621685566,0.4645860925082246,0.2864537411952232,0.4841068829477514,0.8150230813548298,0.6045350120718308,0.38968679040964554,11.341018880078963,11.25792580945209,11.160539992754368,11.238074561605142
2036-08-01,0.6205695181601165,0.4545381862169219,0.4645860925082085,0.28645374119511385,0.4841068829477779,0.8150230813548462,0.604535012071758,0.3896867904095606,11.34101888007012,11.257925809443073,11.160539992745587,11.238074561596255
2036-08-04,0.6205695181600466,0.454538186216983,0.46458609250819677,0.2864537411950063,0.4841068829478012,0.8150230813548587,0.604535012071685,0.38968679040948,11.341018880061359,11.257925809434136,11.160539992736878,11.238074561587457
2036-08-05,0.6205695181599741,0.4545381862170509,0.46458609250818256,0.286453741194899,0.4841068829478242,0.815023081354873,0.6045350120716138,0.3896867904093954,11.341018880052665,11.25792580942528,11.160539992728253,11.238074561578728
2036-08-06,0.6205695181599026,0.45453818621711306,0.46458609250817057,0.2864537411947924,0.48410688294784854,0.8150230813548894,0.6045350120715416,0.38968679040931564,11.341018880044055,11.2579258094165,11.160539992719697,11.23807456157008
2036-08-07,0.6205695181598323,0.45453818621717557,0.46458609250815763,0.28645374119468625,0.4841068829478727,0.8150230813549053,0.604535012071471,0.38968679040923454,11.341018880035522,11.257925809407803,11.160539992711227,11.238074561561508
2036-08-08,0.6205695181597644,0.454538186217237,0.46458609250814303,0.28645374119458183,0.48410688294789606,0.815023081354919,0.6045350120714017,0.3896867904091548,11.341018880027063,11.257925809399175,11.160539992702821,11.238074561553008
2036-08-11,0.6205695181596943,0.4545381862172982,0.4645860925081311,0.28645374119447786,0.4841068829479185,0.8150230813549355,0.6045350120713311,0.38968679040907683,11.341018880018678,11.257925809390626,11.160539992694494,11.238074561544584
2036-08-12,0.6205695181596254,0.454538186217362,0.4645860925081191,0.2864537411943754,0.484106882947941,0.8150230813549494,0.604535012071263,0.3896867904089963,11.341018880010365,11.257925809382158,11.160539992686244,11.238074561536237
2036-08-13,0.6205695181595576,0.45453818621742265,0.464586092508107,0.28645374119427175,0.48410688294796517,0.8150230813549636,0.6045350120711958,0.38968679040891857,11.341018880002132,11.25792580937376,11.160539992678066,11.238074561527961
2036-08-14,0.6205695181594897,0.454538186217482,0.46458609250809496,0.2864537411941714,0.4841068829479883,0.8150230813549769,0.604535012071127,0.3896867904088425,11.341018879993968,11.257925809365439,11.160539992669948,11.238074561519769
2036-08-15,0.6205695181594238,0.45453818621754144,0.46458609250808186,0.2864537411940734,0.48410688294800924,0.8150230813549922,0.6045350120710624,0.38968679040876547,11.341018879985878,11.25792580935719,11.160539992661917,11.238074561511638
2036-08-18,0.6205695181593581,0.45453818621760106,0.46458609250806987,0.2864537411939735,0.4841068829480317,0.8150230813550053,0.6045350120709957,0.3896867904086906,11.341018879977861,11.257925809349015,11.160539992653954,11.238074561503579
2036-08-19,0.6205695181592925,0.4545381862176599,0.46458609250805916,0.2864537411938748,0.4841068829480554,0.8150230813550182,0.6045350120709303,0.38968679040861537,11.341018879969909,11.257925809340911,11.160539992646052,11.238074561495587
2036-08-20,0.6205695181592261,0.45453818621771824,0.4645860925080437,0.2864537411937769,0.48410688294807425,0.8150230813550328,0.6045350120708636,0.38968679040854043,11.341018879962034,11.25792580933288,11.160539992638235,11.238074561487684
2036-08-21,0.6205695181591624,0.4545381862177744,0.46458609250803173,0.28645374119368056,0.484106882948097,0.815023081355047,0.6045350120707981,0.38968679040846615,11.341018879954223,11.257925809324918,11.16053999263048,11.23807456147984
2036-08-22,0.6205695181590986,0.45453818621783304,0.4645860925080204,0.28645374119358535,0.484106882948119,0.815023081355062,0.6045350120707358,0.38968679040839466,11.341018879946485,11.257925809317028,11.160539992622796,11.238074561472063
2036-08-25,0.6205695181590365,0.4545381862178899,0.46458609250800864,0.28645374119349026,0.4841068829481414,0.8150230813550744,0.604535012070672,0.38968679040832027,11.341018879938813,11.257925809309212,11.160539992615174,11.238074561464355
2036-08-26,0.6205695181589733,0.45453818621794567,0.46458609250799754,0.28645374119339767,0.48410688294815996,0.8150230813550866,0.604535012070609,0.3896867904082492,11.341018879931214,11.257925809301458,11.160539992607625,11.238074561456724
2036-08-27,0.620569518158912,0.45453818621800124,0.4645860925079866,0.286453741193303,0.4841068829481814,0.8150230813551007,0.6045350120705465,0.3896867904081789,11.341018879923677,11.257925809293775,11.160539992600139,11.23807456144915
2036-08-28,0.6205695181588485,0.45453818621805586,0.4645860925079758,0.2864537411932102,0.48410688294820226,0.8150230813551134,0.6045350120704851,0.389686790408108,11.341018879916207,11.257925809286164,11.160539992592721,11.23807456144165
2036-08-29,0.6205695181587898,0.45453818621810926,0.4645860925079637,0.28645374119312017,0.48410688294822235,0.8150230813551258,0.6045350120704238,0.389686790408038,11.341018879908798,11.257925809278616,11.160539992585372,11.238074561434214
2036-09-01,0.6205695181587283,0.4545381862181672,0.46458609250795224,0.2864537411930291,0.4841068829482431,0.8150230813551385,0.6045350120703629,0.3896867904079699,11.341018879901466,11.257925809271141,11.160539992578084,11.238074561426844
2036-09-02,0.6205695181586672,0.45453818621821873,0.4645860925079414,0.2864537411929385,0.48410688294826276,0.8150230813551522,0.6045350120703027,0.3896867904079007,11.341018879894191,11.257925809263725,11.160539992570857,11.238074561419538
2036-09-03,0.6205695181586102,0.4545381862182714,0.46458609250793,0.2864537411928503,0.48410688294828186,0.8150230813551647,0.6045350120702441,0.3896867904078318,11.341018879886988,11.257925809256376,11.160539992563704,11.238074561412299
2036-09-04,0.6205695181585493,0.45453818621832504,0.4645860925079195,0.2864537411927614,0.4841068829483037,0.8150230813551779,0.6045350120701843,0.38968679040776466,11.341018879879842,11.257925809249091,11.160539992556604,11.238074561405119
2036-09-05,0.6205695181584936,0.4545381862183759,0.4645860925079073,0.2864537411926722,0.48410688294832216,0.8150230813551899,0.6045350120701249,0.3896867904076991,11.341018879872767,11.257925809241877,11.160539992549577,11.238074561398014
2036-09-08,0.6205695181584354,0.4545381862184281,0.46458609250789906,0.2864537411925871,0.48410688294834126,0.8150230813552026,0.6045350120700688,0.38968679040763204,11.341018879865741,11.25792580923472,11.160539992542605,11.238074561390965
2036-09-09,0.6205695181583752,0.4545381862184799,0.4645860925078882,0.28645374119249967,0.4841068829483617,0.8150230813552141,0.6045350120700104,0.38968679040756665,11.341018879858781,11.257925809227622,11.160539992535695,11.238074561383977
2036-09-10,0.6205695181583207,0.45453818621853026,0.46458609250787636,0.28645374119241385,0.4841068829483798,0.8150230813552265,0.6045350120699536,0.38968679040750037,11.341018879851893,11.2579258092206,11.160539992528852,11.23807456137705
2036-09-11,0.6205695181582631,0.45453818621857983,0.4645860925078665,0.28645374119233113,0.48410688294839976,0.8150230813552382,0.6045350120698969,0.38968679040743676,11.34101887984506,11.257925809213637,11.160539992522066,11.238074561370183
2036-09-12,0.6205695181582077,0.45453818621863107,0.4645860925078554,0.2864537411922462,0.4841068829484165,0.8150230813552498,0.60453501206984,0.38968679040737414,11.341018879838291,11.257925809206728,11.160539992515341,11.238074561363382
2036-09-15,0.6205695181581528,0.45453818621868136,0.46458609250784466,0.28645374119216466,0.4841068829484354,0.8150230813552624,0.6045350120697853,0.38968679040730886,11.34101887983158,11.257925809199891,11.160539992508673,11.23807456135664
2036-09-16,0.6205695181580966,0.4545381862187303,0.46458609250783567,0.28645374119208117,0.4841068829484545,0.8150230813552736,0.6045350120697315,0.38968679040724546,11.341018879824922,11.257925809193102,11.160539992502061,11.238074561349954
2036-09-17,0.620569518158044,0.4545381862187783,0.4645860925078251,0.2864537411920001,0.48410688294847204,0.8150230813552851,0.6045350120696761,0.38968679040718396,11.341018879818327,11.257925809186384,11.16053999249551,11.238074561343334
2036-09-18,0.6205695181579898,0.45453818621882636,0.46458609250781663,0.2864537411919202,0.4841068829484918,0.8150230813552973,0.604535012069623,0.38968679040712145,11.341018879811793,11.257925809179724,11.16053999248902,11.23807456133677
2036-09-19,0.6205695181579358,0.4545381862188743,0.46458609250780525,0.286453741191839,0.484106882948508,0.8150230813553067,0.6045350120695682,0.38968679040706083,11.341018879805317,11.257925809173116,11.160539992482589,11.23807456133026
2036-09-22,0.6205695181578833,0.4545381862189211,0.46458609250779576,0.2864537411917609,0.48410688294852666,0.8150230813553184,0.6045350120695147,0.3896867904070011,11.341018879798888,11.257925809166569,11.160539992476206,11.238074561323808
2036-09-23,0.6205695181578315,0.4545381862189686,0.464586092507785,0.28645374119168066,0.48410688294854387,0.8150230813553297,0.604535012069463,0.38968679040694104,11.341018879792527,11.257925809160081,11.160539992469891,11.238074561317417
2036-09-24,0.6205695181577785,0.45453818621901443,0.46458609250777566,0.28645374119160477,0.4841068829485611,0.8150230813553422,0.6045350120694106,0.3896867904068803,11.341018879786223,11.257925809153651,11.160539992463624,11.238074561311079
2036-09-25,0.6205695181577269,0.45453818621906283,0.46458609250776695,0.286453741191526,0.48410688294857784,0.81502308135535,0.60453501206936,0.3896867904068199,11.341018879779977,11.25792580914728,11.16053999245742,11.238074561304805
2036-09-26,0.6205695181576764,0.4545381862191073,0.4645860925077574,0.2864537411914487,0.4841068829485957,0.8150230813553632,0.6045350120693084,0.38968679040676274,11.341018879773774,11.257925809140959,11.160539992451264,11.23807456129857
2036-09-29,0.6205695181576248,0.454538186219152,0.4645860925077483,0.2864537411913737,0.4841068829486118,0.8150230813553739,0.6045350120692561,0.3896867904067057,11.341018879767633,11.257925809134699,11.160539992445159,11.238074561292407
2036-09-30,0.6205695181575772,0.45453818621919634,0.4645860925077394,0.28645374119129735,0.4841068829486296,0.8150230813553848,0.6045350120692071,0.3896867904066467,11.341018879761547,11.25792580912849,11.160539992439121,11.23807456128629
2036-10-01,0.6205695181575257,0.45453818621924025,0.464586092507729,0.28645374119122247,0.48410688294864646,0.8150230813553939,0.6045350120691567,0.38968679040659043,11.341018879755511,11.25792580912234,11.160539992433128,11.238074561280232
2036-10-02,0.6205695181574757,0.4545381862192851,0.4645860925077202,0.28645374119115036,0.4841068829486622,0.8150230813554036,0.6045350120691083,0.38968679040653426,11.341018879749534,11.25792580911625,11.160539992427186,11.238074561274223
2036-10-03,0.6205695181574278,0.4545381862193306,0.46458609250771243,0.28645374119107586,0.4841068829486786,0.815023081355416,0.6045350120690582,0.38968679040647647,11.34101887974361,11.257925809110201,11.160539992421304,11.238074561268276
2036-10-06,0.6205695181573782,0.45453818621937364,0.4645860925077022,0.28645374119100403,0.4841068829486955,0.8150230813554268,0.6045350120690088,0.38968679040642334,11.341018879737732,11.257925809104213,11.160539992415467,11.238074561262367
2036-10-07,0.620569518157332,0.45453818621941633,0.4645860925076921,0.28645374119093203,0.48410688294871024,0.8150230813554357,0.6045350120689615,0.38968679040636717,11.341018879731907,11.257925809098284,11.160539992409682,11.238074561256523
2036-10-08,0.6205695181572852,0.4545381862194582,0.4645860925076834,0.2864537411908603,0.48410688294872795,0.8150230813554457,0.6045350120689142,0.38968679040631343,11.341018879726143,11.2579258090924,11.160539992403958,11.238074561250729
2036-10-09,0.6205695181572374,0.4545381862194998,0.46458609250767596,0.28645374119078904,0.4841068829487427,0.8150230813554561,0.6045350120688678,0.38968679040625953,11.34101887972042,11.257925809086569,11.160539992398274,11.238074561244984
2036-10-10,0.6205695181571906,0.454538186219543,0.464586092507668,0.28645374119071915,0.4841068829487589,0.8150230813554652,0.6045350120688195,0.3896867904062065,11.34101887971475,11.257925809080788,11.160539992392643,11.238074561239282
2036-10-13,0.6205695181571442,0.45453818621958475,0.4645860925076586,0.28645374119065037,0.48410688294877396,0.8150230813554755,0.6045350120687737,0.3896867904061528,11.34101887970913,11.25792580907506,11.160539992387063,11.238074561233637
2036-10-14,0.6205695181570969,0.4545381862196256,0.46458609250765165,0.2864537411905804,0.48410688294878956,0.8150230813554852,0.6045350120687274,0.3896867904061004,11.341018879703563,11.257925809069382,11.160539992381535,11.238074561228045
2036-10-15,0.6205695181570537,0.45453818621966546,0.46458609250764155,0.2864537411905127,0.48410688294880466,0.8150230813554956,0.6045350120686823,0.3896867904060478,11.341018879698044,11.257925809063755,11.160539992376046,11.238074561222504
2036-10-16,0.6205695181570072,0.4545381862197069,0.46458609250763355,0.2864537411904454,0.4841068829488201,0.8150230813555045,0.6045350120686352,0.38968679040599646,11.341018879692573,11.257925809058177,11.16053999237062,11.238074561217008
2036-10-17,0.6205695181569629,0.4545381862197476,0.46458609250762506,0.28645374119037814,0.4841068829488353,0.8150230813555157,0.6045350120685912,0.38968679040594484,11.34101887968715,11.257925809052649,11.160539992365232,11.238074561211558
2036-10-20,0.6205695181569191,0.45453818621978476,0.4645860925076182,0.28645374119031153,0.4841068829488492,0.8150230813555238,0.6045350120685498,0.38968679040589554,11.341018879681773,11.257925809047169,11.160539992359892,11.238074561206162
2036-10-21,0.6205695181568764,0.4545381862198249,0.46458609250760907,0.2864537411902465,0.4841068829488649,0.8150230813555317,0.6045350120685034,0.3896867904058447,11.341018879676449,11.25792580904174,11.160539992354606,11.238074561200811
2036-10-22,0.6205695181568315,0.4545381862198644,0.46458609250759936,0.2864537411901817,0.4841068829488788,0.8150230813555437,0.6045350120684595,0.38968679040579435,11.341018879671172,11.257925809036362,11.16053999234936,11.238074561195505
2036-10-23,0.6205695181567877,0.4545381862199035,0.46458609250759214,0.2864537411901161,0.48410688294889215,0.8150230813555503,0.6045350120684161,0.3896867904057448,11.341018879665938,11.257925809031025,11.160539992344166,11.238074561190254
2036-10-24,0.620569518156745,0.45453818621994146,0.4645860925075848,0.2864537411900515,0.4841068829489079,0.8150230813555606,0.6045350120683729,0.38968679040569565,11.341018879660746,11.257925809025734,11.160539992339006,11.238074561185039
2036-10-27,0.6205695181567026,0.454538186219979,0.46458609250757793,0.2864537411899877,0.48410688294892096,0.8150230813555703,0.6045350120683315,0.38968679040564785,11.341018879655609,11.257925809020492,11.160539992333902,11.238074561179879
2036-10-28,0.6205695181566617,0.4545381862200167,0.46458609250756994,0.28645374118992417,0.48410688294893656,0.8150230813555788,0.6045350120682876,0.38968679040560095,11.341018879650516,11.257925809015303,11.16053999232885,11.238074561174757
2036-10-29,0.6205695181566191,0.45453818622005426,0.4645860925075616,0.28645374118986394,0.48410688294894944,0.8150230813555851,0.604535012068248,0.38968679040555115,11.341018879645459,11.257925809010155,11.160539992323825,11.238074561169688
2036-10-30,0.6205695181565783,0.45453818622009085,0.46458609250755434,0.2864537411898002,0.4841068829489644,0.8150230813555962,0.6045350120682068,0.3896867904055034,11.341018879640457,11.257925809005044,11.16053999231885,11.238074561164655
2036-10-31,0.6205695181565369,0.45453818622012676,0.46458609250754623,0.28645374118973965,0.4841068829489765,0.8150230813556062,0.6045350120681652,0.38968679040545817,11.341018879635497,11.257925808999994,11.160539992313936,11.238074561159678
2036-11-03,0.6205695181564972,0.4545381862201646,0.46458609250754035,0.2864537411896788,0.48410688294898996,0.8150230813556141,0.6045350120681247,0.38968679040541016,11.341018879630578,11.257925808994985,11.160539992309053,11.238074561154738
2036-11-04,0.6205695181564563,0.4545381862201994,0.46458609250753125,0.28645374118961786,0.48410688294900533,0.8150230813556222,0.6045350120680831,0.3896867904053649,11.341018879625706,11.257925808990011,11.160539992304209,11.238074561149848
2036-11-05,0.6205695181564157,0.45453818622023634,0.4645860925075237,0.28645374118955735,0.4841068829490187,0.8150230813556296,0.6045350120680427,0.3896867904053209,11.341018879620878,11.257925808985089,11.16053999229941,11.238074561144984
2036-11-06,0.6205695181563778,0.4545381862202707,0.4645860925075151,0.28645374118950084,0.4841068829490317,0.8150230813556387,0.6045350120680051,0.38968679040527326,11.341018879616085,11.25792580898021,11.160539992294654,11.238074561140184
2036-11-07,0.6205695181563384,0.4545381862203053,0.4645860925075098,0.28645374118943945,0.48410688294904375,0.8150230813556459,0.6045350120679651,0.3896867904052282,11.341018879611344,11.257925808975367,11.160539992289944,11.238074561135411
2036-11-10,0.6205695181562998,0.45453818622034003,0.46458609250750255,0.28645374118938316,0.48410688294905657,0.8150230813556557,0.604535012067927,0.3896867904051849,11.341018879606642,11.257925808970574,11.160539992285276,11.238074561130686
2036-11-11,0.6205695181562603,0.454538186220374,0.4645860925074933,0.2864537411893251,0.48410688294906823,0.8150230813556633,0.6045350120678885,0.38968679040514137,11.341018879601979,11.257925808965824,11.160539992280642,11.238074561126007
2036-11-12,0.6205695181562234,0.4545381862204091,0.46458609250748806,0.2864537411892674,0.48410688294908366,0.8150230813556709,0.6045350120678498,0.38968679040509857,11.341018879597357,11.25792580896111,11.160539992276055,11.238074561121362
2036-11-13,0.6205695181561864,0.45453818622044095,0.46458609250748023,0.2864537411892109,0.4841068829490948,0.81502308135568,0.604535012067812,0.38968679040505516,11.34101887959278,11.257925808956445,11.160539992271508,11.238074561116767
2036-11-14,0.6205695181561477,0.4545381862204766,0.46458609250747407,0.28645374118915556,0.4841068829491081,0.8150230813556877,0.6045350120677759,0.38968679040501203,11.34101887958824,11.257925808951814,11.160539992266997,11.238074561112203
2036-11-17,0.6205695181561117,0.4545381862205088,0.46458609250746763,0.2864537411891004,0.4841068829491204,0.8150230813556961,0.604535012067738,0.3896867904049698,11.341018879583741,11.257925808947231,11.160539992262537,11.23807456110769
2036-11-18,0.6205695181560735,0.4545381862205419,0.464586092507459,0.28645374118904304,0.48410688294913284,0.8150230813557023,0.6045350120676996,0.3896867904049271,11.341018879579284,11.257925808942685,11.160539992258103,11.23807456110321
2036-11-19,0.6205695181560367,0.4545381862205761,0.4645860925074527,0.2864537411889906,0.4841068829491452,0.8150230813557118,0.6045350120676631,0.38968679040488435,11.341018879574865,11.257925808938186,11.160539992253716,11.23807456109877
2036-11-20,0.6205695181560008,0.4545381862206069,0.464586092507446,0.28645374118893696,0.48410688294915627,0.8150230813557182,0.6045350120676278,0.3896867904048435,11.341018879570484,11.25792580893371,11.160539992249362,11.23807456109437
2036-11-21,0.6205695181559665,0.454538186220638,0.46458609250743965,0.2864537411888809,0.4841068829491698,0.8150230813557251,0.6045350120675911,0.3896867904048024,11.341018879566144,11.257925808929294,11.160539992245052,11.238074561090013
2036-11-24,0.6205695181559316,0.45453818622067044,0.46458609250743343,0.2864537411888288,0.4841068829491798,0.815023081355735,0.6045350120675569,0.3896867904047618,11.341018879561839,11.257925808924902,11.160539992240775,11.238074561085682
2036-11-25,0.6205695181558952,0.4545381862207015,0.46458609250742766,0.2864537411887759,0.48410688294919213,0.8150230813557412,0.604535012067522,0.38968679040472237,11.34101887955757,11.257925808920557,11.160539992236542,11.238074561081403
2036-11-26,0.620569518155861,0.4545381862207322,0.46458609250742017,0.28645374118872324,0.4841068829492041,0.8150230813557463,0.6045350120674855,0.3896867904046823,11.341018879553346,11.257925808916243,11.160539992232339,11.238074561077154
2036-11-27,0.6205695181558257,0.45453818622076403,0.46458609250741434,0.28645374118867317,0.484106882949216,0.8150230813557564,0.6045350120674517,0.38968679040464177,11.341018879549157,11.257925808911974,11.160539992228182,11.238074561072944
2036-11-28,0.6205695181557904,0.45453818622079595,0.4645860925074087,0.2864537411886199,0.48410688294922805,0.8150230813557628,0.6045350120674162,0.3896867904046028,11.34101887954501,11.257925808907741,11.160539992224056,11.238074561068776
2036-12-01,0.620569518155756,0.45453818622082554,0.46458609250740185,0.2864537411885694,0.4841068829492381,0.8150230813557692,0.6045350120673829,0.38968679040456555,11.34101887954089,11.257925808903545,11.16053999221997,11.238074561064638
2036-12-02,0.6205695181557235,0.4545381862208562,0.4645860925073946,0.28645374118851946,0.4841068829492514,0.8150230813557777,0.6045350120673496,0.3896867904045263,11.341018879536804,11.257925808899381,11.160539992215917,11.238074561060538
2036-12-03,0.6205695181556921,0.4545381862208846,0.4645860925073888,0.28645374118846845,0.4841068829492598,0.8150230813557846,0.6045350120673165,0.3896867904044879,11.34101887953277,11.257925808895264,11.1605399922119,11.238074561056477
2036-12-04,0.620569518155659,0.45453818622091513,0.46458609250738336,0.2864537411884197,0.4841068829492712,0.8150230813557929,0.6045350120672843,0.38968679040444865,11.341018879528761,11.257925808891182,11.160539992207926,11.238074561052454
2036-12-05,0.6205695181556261,0.454538186220944,0.4645860925073772,0.28645374118836975,0.4841068829492847,0.8150230813557982,0.6045350120672488,0.389686790404411,11.341018879524787,11.257925808887133,11.16053999220398,11.238074561048466
2036-12-08,0.6205695181555935,0.4545381862209732,0.4645860925073704,0.286453741188321,0.4841068829492947,0.8150230813558038,0.6045350120672179,0.38968679040437537,11.34101887952085,11.257925808883117,11.16053999220007,11.238074561044508
2036-12-09,0.6205695181555605,0.4545381862210014,0.46458609250736516,0.2864537411882729,0.48410688294930526,0.8150230813558127,0.6045350120671841,0.38968679040433857,11.341018879516955,11.25792580887914,11.160539992196192,11.238074561040593
2036-12-10,0.6205695181555282,0.45453818622103037,0.4645860925073599,0.28645374118822464,0.48410688294931525,0.8150230813558177,0.6045350120671539,0.3896867904043025,11.341018879513081,11.2579258088752,11.160539992192353,11.23807456103671
2036-12-11,0.6205695181554974,0.4545381862210587,0.4645860925073528,0.2864537411881797,0.48410688294932636,0.8150230813558262,0.604535012067121,0.3896867904042652,11.34101887950925,11.257925808871285,11.160539992188548,11.238074561032855
2036-12-12,0.6205695181554675,0.4545381862210872,0.4645860925073467,0.28645374118813094,0.4841068829493359,0.8150230813558326,0.60453501206709,0.3896867904042319,11.341018879505453,11.25792580886742,11.160539992184773,11.238074561029046
2036-12-15,0.6205695181554345,0.4545381862211151,0.46458609250734095,0.2864537411880829,0.4841068829493461,0.8150230813558381,0.6045350120670585,0.3896867904041939,11.341018879501688,11.257925808863577,11.160539992181032,11.238074561025261
2036-12-16,0.6205695181554036,0.45453818622114195,0.4645860925073365,0.2864537411880382,0.4841068829493582,0.8150230813558447,0.6045350120670295,0.38968679040415893,11.341018879497952,11.257925808859769,11.160539992177322,11.238074561021506
2036-12-17,0.6205695181553731,0.45453818622117026,0.46458609250733035,0.2864537411879916,0.48410688294936666,0.815023081355852,0.6045350120669977,0.38968679040412324,11.341018879494255,11.257925808855997,11.16053999217365,11.238074561017793
2036-12-18,0.6205695181553426,0.45453818622119657,0.4645860925073251,0.28645374118794803,0.4841068829493774,0.8150230813558585,0.6045350120669686,0.3896867904040899,11.341018879490589,11.257925808852264,11.160539992170012,11.238074561014114
2036-12-19,0.6205695181553141,0.4545381862212227,0.4645860925073186,0.2864537411879009,0.4841068829493873,0.8150230813558639,0.6045350120669375,0.3896867904040559,11.341018879486953,11.25792580884856,11.160539992166399,11.23807456101046
2036-12-22,0.6205695181552862,0.4545381862212492,0.46458609250731375,0.2864537411878575,0.48410688294939686,0.8150230813558718,0.6045350120669073,0.3896867904040205,11.34101887948335,11.257925808844881,11.160539992162821,11.238074561006838
2036-12-23,0.6205695181552544,0.4545381862212757,0.46458609250730865,0.2864537411878134,0.48410688294940785,0.8150230813558768,0.6045350120668787,0.38968679040398724,11.341018879479776,11.257925808841247,11.16053999215928,11.238074561003259
2036-12-24,0.6205695181552249,0.45453818622130293,0.4645860925073035,0.2864537411877697,0.48410688294941806,0.8150230813558833,0.6045350120668491,0.389686790403954,11.341018879476243,11.257925808837642,11.160539992155767,11.238074560999701
2036-12-25,0.6205695181551949,0.4545381862213284,0.46458609250729743,0.28645374118772693,0.48410688294942594,0.8150230813558882,0.6045350120668194,0.3896867904039209,11.341018879472736,11.257925808834063,11.16053999215228,11.238074560996179
2036-12-26,0.620569518155168,0.454538186221354,0.4645860925072924,0.28645374118768424,0.48410688294943577,0.8150230813558953,0.604535012066791,0.38968679040388815,11.341018879469264,11.257925808830521,11.160539992148829,11.238074560992684
2036-12-29,0.6205695181551389,0.45453818622137754,0.46458609250728633,0.2864537411876408,0.4841068829494455,0.8150230813559007,0.6045350120667636,0.3896867904038545,11.341018879465812,11.25792580882701,11.16053999214541,11.238074560989226
2036-12-30,0.6205695181551121,0.45453818622140385,0.46458609250728256,0.28645374118759864,0.484106882949454,0.8150230813559064,0.6045350120667351,0.3896867904038236,11.341018879462403,11.25792580882353,11.16053999214202,11.238074560985797
2036-12-31,0.6205695181550823,0.45453818622142883,0.46458609250727684,0.28645374118755745,0.4841068829494638,0.8150230813559125,0.6045350120667073,0.38968679040379123,11.341018879459016,11.25792580882008,11.160539992138656,11.2380745609824
2037-01-01,0.620569518155057,0.4545381862214548,0.4645860925072718,0.2864537411875155,0.48410688294947357,0.8150230813559204,0.60453501206668,0.38968679040375964,11.341018879455659,11.25792580881666,11.160539992135325,11.238074560979026
2037-01-02,0.6205695181550293,0.45453818622147807,0.46458609250726646,0.28645374118747235,0.48410688294948234,0.815023081355923,0.6045350120666525,0.3896867904037286,11.341018879452333,11.25792580881327,11.160539992132023,11.238074560975685
2037-01-05,0.6205695181550017,0.4545381862215031,0.46458609250726374,0.2864537411874341,0.4841068829494917,0.815023081355931,0.6045350120666241,0.3896867904036964,11.341018879449043,11.25792580880991,11.160539992128747,11.23807456097238
2037-01-06,0.6205695181549744,0.454538186221527,0.46458609250725796,0.2864537411873934,0.48410688294950077,0.8150230813559378,0.6045350120665979,0.38968679040366566,11.341018879445775,11.25792580880658,11.160539992125505,11.238074560969096
2037-01-07,0.6205695181549473,0.45453818622155107,0.4645860925072514,0.2864537411873524,0.48410688294950976,0.8150230813559416,0.6045350120665708,0.38968679040363624,11.341018879442535,11.257925808803282,11.160539992122292,11.238074560965847
2037-01-08,0.6205695181549212,0.4545381862215756,0.4645860925072456,0.28645374118731354,0.48410688294951887,0.815023081355949,0.6045350120665438,0.3896867904036049,11.34101887943933,11.257925808800008,11.160539992119098,11.238074560962623
2037-01-09,0.6205695181548954,0.45453818622159814,0.46458609250724237,0.28645374118727335,0.4841068829495284,0.8150230813559531,0.6045350120665186,0.3896867904035743,11.341018879436154,11.257925808796767,11.160539992115943,11.238074560959427
2037-01-12,0.620569518154871,0.45453818622162107,0.4645860925072369,0.28645374118723427,0.4841068829495357,0.8150230813559585,0.604535012066492,0.38968679040354565,11.341018879432996,11.257925808793551,11.160539992112815,11.238074560956264
2037-01-13,0.620569518154843,0.45453818622164543,0.4645860925072318,0.2864537411871967,0.48410688294954496,0.8150230813559637,0.6045350120664663,0.3896867904035172,11.341018879429878,11.257925808790372,11.160539992109719,11.238074560953123
2037-01-14,0.6205695181548183,0.4545381862216678,0.4645860925072275,0.2864537411871589,0.48410688294955295,0.8150230813559703,0.6045350120664401,0.38968679040348714,11.341018879426775,11.25792580878721,11.160539992106639,11.23807456095001
2037-01-15,0.6205695181547919,0.4545381862216896,0.4645860925072224,0.28645374118711997,0.48410688294956156,0.8150230813559751,0.6045350120664146,0.38968679040345705,11.341018879423709,11.257925808784085,11.160539992103589,11.23807456094693
2037-01-16,0.6205695181547694,0.4545381862217124,0.4645860925072186,0.28645374118708233,0.4841068829495703,0.8150230813559793,0.6045350120663904,0.3896867904034273,11.341018879420666,11.257925808780989,11.16053999210057,11.238074560943879
2037-01-19,0.6205695181547417,0.45453818622173414,0.4645860925072135,0.2864537411870444,0.4841068829495787,0.8150230813559857,0.6045350120663646,0.3896867904034001,11.341018879417653,11.257925808777912,11.160539992097576,11.238074560940845
2037-01-20,0.6205695181547188,0.45453818622175673,0.46458609250720767,0.2864537411870085,0.4841068829495883,0.8150230813559919,0.6045350120663395,0.38968679040337245,11.341018879414666,11.257925808774862,11.160539992094606,11.238074560937841
2037-01-21,0.6205695181546926,0.4545381862217789,0.4645860925072044,0.2864537411869707,0.48410688294959636,0.8150230813559962,0.6045350120663158,0.38968679040334514,11.341018879411706,11.257925808771846,11.160539992091671,11.238074560934876
2037-01-22,0.6205695181546689,0.45453818622179976,0.46458609250719907,0.28645374118693595,0.4841068829496038,0.8150230813560002,0.6045350120662919,0.3896867904033165,11.34101887940877,11.257925808768853,11.160539992088749,11.238074560931928
2037-01-23,0.6205695181546445,0.4545381862218215,0.46458609250719596,0.28645374118689854,0.48410688294961185,0.815023081356006,0.604535012066267,0.389686790403289,11.341018879405864,11.257925808765886,11.160539992085866,11.238074560928995
2037-01-26,0.6205695181546218,0.45453818622184294,0.4645860925071914,0.28645374118686384,0.4841068829496197,0.815023081356013,0.604535012066243,0.38968679040326243,11.341018879402974,11.257925808762945,11.160539992082999,11.238074560926101
2037-01-27,0.6205695181545975,0.45453818622186354,0.46458609250718563,0.2864537411868284,0.4841068829496268,0.8150230813560156,0.6045350120662193,0.3896867904032345,11.341018879400115,11.257925808760032,11.160539992080164,11.23807456092323
2037-01-28,0.620569518154574,0.4545381862218859,0.46458609250718275,0.28645374118679234,0.4841068829496347,0.815023081356022,0.6045350120661973,0.3896867904032086,11.341018879397287,11.257925808757152,11.16053999207735,11.238074560920388
2037-01-29,0.6205695181545527,0.454538186221906,0.4645860925071792,0.28645374118675854,0.48410688294964377,0.8150230813560267,0.6045350120661727,0.38968679040318305,11.341018879394477,11.257925808754282,11.160539992074558,11.23807456091757
2037-01-30,0.620569518154529,0.45453818622192593,0.464586092507173,0.2864537411867242,0.48410688294965065,0.8150230813560307,0.6045350120661496,0.3896867904031555,11.341018879391696,11.257925808751448,11.160539992071792,11.238074560914768
2037-02-02,0.6205695181545067,0.454538186221947,0.46458609250717,0.2864537411866908,0.48410688294965565,0.8150230813560355,0.6045350120661281,0.3896867904031294,11.341018879388942,11.257925808748636,11.160539992069058,11.238074560912
2037-02-03,0.6205695181544837,0.45453818622196573,0.4645860925071659,0.2864537411866561,0.48410688294966586,0.8150230813560404,0.604535012066104,0.3896867904031052,11.341018879386201,11.25792580874585,11.160539992066335,11.238074560909249
2037-02-04,0.6205695181544615,0.4545381862219864,0.46458609250716104,0.28645374118662226,0.48410688294967286,0.8150230813560451,0.6045350120660821,0.389686790403079,11.34101887938349,11.257925808743087,11.16053999206365,11.238074560906535
2037-02-05,0.6205695181544417,0.4545381862220066,0.46458609250715793,0.28645374118658945,0.48410688294967985,0.8150230813560485,0.6045350120660601,0.3896867904030525,11.341018879380808,11.25792580874035,11.160539992060981,11.23807456090384
2037-02-06,0.6205695181544175,0.45453818622202546,0.46458609250715277,0.28645374118655736,0.48410688294968907,0.8150230813560547,0.604535012066038,0.3896867904030265,11.341018879378147,11.257925808737633,11.160539992058338,11.238074560901163
2037-02-09,0.6205695181543971,0.45453818622204584,0.46458609250714944,0.2864537411865225,0.4841068829496938,0.8150230813560602,0.6045350120660173,0.3896867904030028,11.34101887937551,11.25792580873495,11.160539992055721,11.238074560898514
2037-02-10,0.6205695181543752,0.45453818622206443,0.46458609250714455,0.2864537411864909,0.4841068829497036,0.8150230813560633,0.6045350120659958,0.3896867904029781,11.341018879372895,11.257925808732285,11.160539992053122,11.238074560895889
2037-02-11,0.6205695181543538,0.4545381862220847,0.46458609250714106,0.28645374118646083,0.4841068829497075,0.8150230813560685,0.604535012065973,0.3896867904029546,11.341018879370298,11.257925808729635,11.160539992050545,11.23807456089328
2037-02-12,0.6205695181543325,0.4545381862221042,0.46458609250713645,0.2864537411864274,0.4841068829497167,0.815023081356073,0.604535012065952,0.3896867904029298,11.34101887936773,11.25792580872702,11.160539992047994,11.238074560890702
2037-02-13,0.6205695181543098,0.45453818622212083,0.46458609250713345,0.28645374118639677,0.48410688294972387,0.8150230813560776,0.6045350120659315,0.38968679040290494,11.341018879365187,11.257925808724423,11.160539992045472,11.238074560888146
2037-02-16,0.6205695181542901,0.4545381862221407,0.4645860925071302,0.28645374118636485,0.4841068829497285,0.8150230813560817,0.6045350120659113,0.38968679040288134,11.341018879362663,11.25792580872185,11.160539992042962,11.238074560885607
2037-02-17,0.6205695181542693,0.4545381862221585,0.46458609250712546,0.28645374118633404,0.48410688294973775,0.8150230813560866,0.604535012065889,0.3896867904028572,11.341018879360163,11.257925808719301,11.160539992040476,11.238074560883092
2037-02-18,0.6205695181542488,0.4545381862221768,0.46458609250712046,0.2864537411863036,0.4841068829497436,0.8150230813560901,0.6045350120658677,0.3896867904028353,11.341018879357676,11.25792580871677,11.160539992038014,11.238074560880602
2037-02-19,0.6205695181542283,0.45453818622219433,0.46458609250711863,0.28645374118627365,0.48410688294975057,0.8150230813560965,0.6045350120658483,0.3896867904028106,11.341018879355225,11.257925808714269,11.160539992035575,11.238074560878143
2037-02-20,0.6205695181542092,0.4545381862222132,0.4645860925071139,0.28645374118624384,0.48410688294975746,0.8150230813560995,0.6045350120658284,0.38968679040278814,11.341018879352795,11.25792580871179,11.160539992033156,11.238074560875688
2037-02-23,0.6205695181541897,0.45453818622223024,0.46458609250711014,0.28645374118621264,0.48410688294976445,0.8150230813561037,0.6045350120658091,0.3896867904027647,11.341018879350381,11.257925808709325,11.16053999203076,11.238074560873265
2037-02-24,0.6205695181541698,0.45453818622224773,0.46458609250710614,0.286453741186183,0.48410688294977156,0.8150230813561067,0.6045350120657891,0.38968679040274395,11.341018879347986,11.257925808706888,11.160539992028385,11.238074560870865
2037-02-25,0.6205695181541483,0.4545381862222654,0.4645860925071032,0.28645374118615335,0.48410688294977855,0.8150230813561119,0.6045350120657694,0.38968679040272064,11.341018879345611,11.257925808704467,11.16053999202603,11.238074560868489
2037-02-26,0.6205695181541286,0.4545381862222838,0.4645860925071006,0.2864537411861252,0.48410688294978466,0.8150230813561173,0.6045350120657479,0.3896867904026989,11.34101887934326,11.25792580870207,11.16053999202369,11.238074560866117
2037-02-27,0.62056951815411,0.45453818622230086,0.4645860925070959,0.2864537411860956,0.4841068829497906,0.8150230813561208,0.6045350120657311,0.38968679040267634,11.341018879340934,11.2579258086997,11.160539992021384,11.23807456086378
2037-03-02,0.6205695181540909,0.45453818622231706,0.4645860925070922,0.2864537411860683,0.48410688294979554,0.8150230813561241,0.6045350120657109,0.3896867904026546,11.341018879338629,11.257925808697344,11.16053999201909,11.238074560861461
2037-03-03,0.6205695181540727,0.4545381862223349,0.46458609250708627,0.2864537411860397,0.4841068829498023,0.8150230813561284,0.6045350120656922,0.3896867904026325,11.341018879336334,11.25792580869501,11.160539992016819,11.238074560859166
2037-03-04,0.6205695181540529,0.45453818622235165,0.4645860925070855,0.28645374118601125,0.4841068829498104,0.8150230813561313,0.6045350120656744,0.3896867904026116,11.34101887933407,11.257925808692704,11.160539992014568,11.238074560856887
2037-03-05,0.6205695181540363,0.45453818622236813,0.46458609250708177,0.28645374118598477,0.4841068829498153,0.815023081356135,0.6045350120656561,0.38968679040259063,11.341018879331818,11.257925808690413,11.16053999201233,11.23807456085463
2037-03-06,0.6205695181540178,0.45453818622238296,0.4645860925070789,0.28645374118595496,0.4841068829498225,0.81502308135614,0.6045350120656365,0.38968679040257004,11.34101887932959,11.257925808688137,11.160539992010122,11.238074560852393
2037-03-09,0.6205695181540003,0.4545381862223999,0.4645860925070756,0.28645374118592815,0.4841068829498286,0.8150230813561419,0.6045350120656182,0.38968679040254933,11.341018879327379,11.257925808685885,11.160539992007926,11.238074560850173
2037-03-10,0.6205695181539812,0.45453818622241815,0.4645860925070715,0.28645374118590095,0.4841068829498343,0.8150230813561453,0.6045350120655988,0.38968679040252846,11.341018879325198,11.257925808683654,11.160539992005752,11.238074560847975
2037-03-11,0.6205695181539639,0.4545381862224313,0.4645860925070694,0.2864537411858756,0.48410688294984083,0.8150230813561518,0.604535012065582,0.389686790402507,11.341018879323027,11.257925808681438,11.160539992003594,11.238074560845794
2037-03-12,0.620569518153945,0.4545381862224493,0.4645860925070662,0.2864537411858473,0.48410688294984716,0.8150230813561565,0.6045350120655641,0.38968679040248705,11.341018879320874,11.257925808679248,11.160539992001464,11.238074560843636
2037-03-13,0.6205695181539284,0.45453818622246456,0.46458609250706123,0.2864537411858224,0.4841068829498522,0.8150230813561584,0.6045350120655455,0.38968679040246784,11.341018879318746,11.257925808677077,11.160539991999348,11.238074560841497
2037-03-16,0.620569518153911,0.45453818622248066,0.46458609250705984,0.2864537411857953,0.4841068829498588,0.8150230813561622,0.6045350120655287,0.3896867904024469,11.341018879316628,11.257925808674925,11.160539991997243,11.23807456083937
2037-03-17,0.620569518153893,0.45453818622249614,0.46458609250705574,0.28645374118576944,0.4841068829498637,0.8150230813561663,0.6045350120655127,0.3896867904024264,11.341018879314534,11.257925808672795,11.160539991995169,11.23807456083727
2037-03-18,0.6205695181538774,0.4545381862225111,0.46458609250705263,0.2864537411857461,0.48410688294987014,0.81502308135617,0.6045350120654952,0.389686790402407,11.341018879312461,11.257925808670675,11.160539991993106,11.23807456083519
2037-03-19,0.6205695181538597,0.45453818622252556,0.464586092507048,0.2864537411857184,0.4841068829498763,0.8150230813561726,0.6045350120654779,0.3896867904023898,11.341018879310408,11.257925808668574,11.160539991991064,11.238074560833118
2037-03-20,0.6205695181538443,0.4545381862225406,0.46458609250704697,0.2864537411856926,0.4841068829498802,0.8150230813561774,0.6045350120654607,0.3896867904023686,11.341018879308372,11.2579258086665,11.16053999198904,11.238074560831066
2037-03-23,0.6205695181538275,0.4545381862225554,0.46458609250704386,0.2864537411856677,0.4841068829498857,0.8150230813561807,0.6045350120654459,0.38968679040235027,11.341018879306347,11.257925808664439,11.160539991987031,11.23807456082904
2037-03-24,0.62056951815381,0.45453818622257025,0.4645860925070401,0.28645374118564443,0.48410688294989257,0.8150230813561836,0.6045350120654264,0.3896867904023314,11.341018879304343,11.257925808662401,11.160539991985045,11.238074560827028
2037-03-25,0.620569518153794,0.4545381862225854,0.46458609250703853,0.28645374118561945,0.4841068829498978,0.8150230813561877,0.6045350120654126,0.3896867904023133,11.341018879302363,11.257925808660374,11.160539991983068,11.238074560825037
2037-03-26,0.6205695181537771,0.4545381862226,0.46458609250703475,0.28645374118559574,0.48410688294990234,0.8150230813561902,0.6045350120653953,0.3896867904022926,11.341018879300394,11.25792580865837,11.160539991981118,11.23807456082306
2037-03-27,0.6205695181537598,0.4545381862226146,0.4645860925070316,0.28645374118557204,0.48410688294990867,0.8150230813561956,0.6045350120653796,0.38968679040227605,11.34101887929844,11.257925808656381,11.160539991979183,11.238074560821103
2037-03-30,0.620569518153747,0.45453818622262687,0.4645860925070279,0.28645374118554673,0.4841068829499129,0.8150230813561977,0.6045350120653629,0.38968679040225734,11.34101887929651,11.257925808654411,11.16053999197726,11.238074560819163
2037-03-31,0.6205695181537296,0.4545381862226434,0.4645860925070237,0.28645374118552164,0.48410688294991877,0.8150230813562015,0.6045350120653472,0.38968679040223836,11.341018879294595,11.257925808652459,11.16053999197536,11.238074560817237
2037-04-01,0.6205695181537125,0.45453818622265607,0.46458609250702243,0.2864537411854994,0.48410688294992243,0.8150230813562037,0.6045350120653318,0.3896867904022215,11.341018879292697,11.257925808650523,11.16053999197347,11.238074560815328
2037-04-02,0.6205695181536985,0.4545381862226694,0.46458609250702015,0.28645374118547806,0.48410688294992904,0.8150230813562086,0.6045350120653176,0.3896867904022035,11.341018879290816,11.257925808648604,11.160539991971607,11.238074560813432
2037-04-03,0.6205695181536821,0.4545381862226844,0.46458609250701605,0.2864537411854547,0.4841068829499339,0.8150230813562126,0.6045350120653008,0.38968679040218573,11.341018879288951,11.257925808646704,11.16053999196976,11.238074560811565
2037-04-06,0.6205695181536692,0.4545381862226975,0.46458609250701344,0.2864537411854317,0.48410688294993987,0.8150230813562142,0.604535012065285,0.3896867904021667,11.341018879287102,11.25792580864482,11.16053999196792,11.238074560809709
2037-04-07,0.6205695181536511,0.45453818622271075,0.46458609250701177,0.2864537411854076,0.48410688294994325,0.8150230813562163,0.6045350120652704,0.3896867904021512,11.34101887928527,11.257925808642954,11.160539991966093,11.23807456080787
2037-04-08,0.6205695181536366,0.4545381862227249,0.4645860925070083,0.2864537411853855,0.48410688294994886,0.8150230813562215,0.6045350120652556,0.3896867904021332,11.341018879283457,11.2579258086411,11.16053999196429,11.238074560806044
2037-04-09,0.6205695181536215,0.4545381862227379,0.46458609250700567,0.2864537411853637,0.4841068829499551,0.8150230813562236,0.6045350120652413,0.38968679040211646,11.341018879281654,11.257925808639262,11.160539991962512,11.238074560804238
2037-04-10,0.6205695181536088,0.45453818622275116,0.46458609250700245,0.2864537411853399,0.484106882949959,0.8150230813562257,0.6045350120652251,0.38968679040209847,11.341018879279872,11.25792580863745,11.160539991960736,11.238074560802445
2037-04-13,0.6205695181535933,0.4545381862227641,0.4645860925070005,0.28645374118532024,0.4841068829499644,0.8150230813562285,0.604535012065213,0.3896867904020834,11.341018879278103,11.257925808635644,11.160539991958979,11.23807456080067
2037-04-14,0.6205695181535791,0.4545381862227769,0.4645860925069973,0.2864537411852977,0.48410688294996895,0.8150230813562328,0.6045350120651962,0.3896867904020676,11.341018879276348,11.257925808633857,11.160539991957236,11.238074560798903
2037-04-15,0.6205695181535653,0.45453818622278996,0.4645860925069958,0.28645374118527833,0.4841068829499725,0.815023081356234,0.6045350120651817,0.38968679040205106,11.34101887927461,11.257925808632088,11.160539991955515,11.238074560797166
2037-04-16,0.6205695181535492,0.4545381862228024,0.4645860925069927,0.2864537411852544,0.48410688294997883,0.8150230813562395,0.6045350120651686,0.3896867904020341,11.341018879272893,11.257925808630336,11.160539991953804,11.238074560795434
2037-04-17,0.6205695181535358,0.4545381862228167,0.4645860925069908,0.28645374118523304,0.48410688294998405,0.8150230813562431,0.6045350120651541,0.389686790402018,11.341018879271191,11.257925808628599,11.16053999195211,11.238074560793722
2037-04-20,0.6205695181535225,0.4545381862228277,0.464586092506986,0.2864537411852141,0.48410688294998605,0.8150230813562452,0.6045350120651393,0.3896867904020032,11.341018879269493,11.25792580862687,11.16053999195043,11.23807456079202
2037-04-21,0.6205695181535096,0.454538186222839,0.464586092506985,0.2864537411851921,0.48410688294999266,0.8150230813562481,0.6045350120651257,0.38968679040198556,11.341018879267816,11.257925808625158,11.160539991948763,11.238074560790338
2037-04-22,0.6205695181534958,0.45453818622285247,0.46458609250698235,0.28645374118517114,0.4841068829499994,0.8150230813562508,0.6045350120651128,0.3896867904019706,11.341018879266159,11.257925808623465,11.160539991947116,11.238074560788665
2037-04-23,0.6205695181534809,0.4545381862228638,0.4645860925069786,0.2864537411851518,0.48410688295000004,0.8150230813562539,0.604535012065101,0.38968679040195436,11.341018879264512,11.257925808621783,11.160539991945475,11.238074560787016
2037-04-24,0.6205695181534675,0.45453818622287745,0.46458609250697663,0.28645374118513117,0.48410688295000637,0.8150230813562588,0.6045350120650842,0.38968679040193893,11.341018879262876,11.257925808620122,11.160539991943859,11.238074560785375
2037-04-27,0.6205695181534542,0.4545381862228884,0.46458609250697513,0.2864537411851102,0.48410688295001014,0.8150230813562576,0.6045350120650735,0.38968679040192417,11.341018879261263,11.257925808618479,11.160539991942255,11.238074560783755
2037-04-28,0.6205695181534416,0.454538186222901,0.4645860925069722,0.28645374118509126,0.4841068829500147,0.8150230813562619,0.6045350120650584,0.389686790401908,11.341018879259657,11.257925808616841,11.160539991940661,11.238074560782135
2037-04-29,0.6205695181534274,0.4545381862229122,0.46458609250696997,0.2864537411850712,0.48410688295001914,0.8150230813562651,0.6045350120650461,0.3896867904018942,11.341018879258067,11.257925808615218,11.160539991939082,11.238074560780543
2037-04-30,0.6205695181534163,0.45453818622292297,0.4645860925069684,0.2864537411850528,0.48410688295002413,0.8150230813562682,0.6045350120650321,0.38968679040187926,11.341018879256495,11.257925808613622,11.160539991937517,11.238074560778966
2037-05-01,0.6205695181534023,0.4545381862229355,0.46458609250696403,0.28645374118503286,0.48410688295002813,0.8150230813562692,0.6045350120650204,0.3896867904018633,11.34101887925493,11.257925808612027,11.160539991935968,11.23807456077739
2037-05-04,0.6205695181533903,0.45453818622294717,0.46458609250696203,0.2864537411850139,0.48410688295003246,0.8150230813562735,0.6045350120650084,0.3896867904018497,11.341018879253381,11.257925808610448,11.16053999193443,11.238074560775843
2037-05-05,0.6205695181533777,0.4545381862229585,0.4645860925069588,0.28645374118499517,0.48410688295003634,0.8150230813562768,0.604535012064993,0.3896867904018349,11.341018879251852,11.257925808608881,11.160539991932907,11.238074560774303
2037-05-06,0.6205695181533639,0.4545381862229695,0.46458609250695837,0.2864537411849753,0.48410688295004123,0.8150230813562775,0.6045350120649806,0.3896867904018219,11.34101887925033,11.257925808607332,11.160539991931394,11.238074560772771
2037-05-07,0.6205695181533513,0.45453818622297987,0.46458609250695526,0.28645374118495864,0.484106882950045,0.8150230813562807,0.6045350120649696,0.38968679040180726,11.34101887924882,11.257925808605792,11.160539991929896,11.238074560771256
2037-05-08,0.620569518153339,0.45453818622299136,0.4645860925069512,0.28645374118493894,0.48410688295004783,0.8150230813562835,0.6045350120649564,0.3896867904017926,11.341018879247335,11.257925808604279,11.16053999192842,11.238074560769762
2037-05-11,0.6205695181533275,0.4545381862230016,0.4645860925069504,0.28645374118491956,0.4841068829500531,0.8150230813562864,0.604535012064944,0.3896867904017795,11.341018879245853,11.257925808602769,11.160539991926953,11.238074560768274
2037-05-12,0.6205695181533158,0.4545381862230148,0.464586092506947,0.2864537411849032,0.48410688295005644,0.8150230813562903,0.6045350120649327,0.3896867904017645,11.341018879244388,11.25792580860127,11.160539991925493,11.2380745607668
2037-05-13,0.6205695181533037,0.45453818622302433,0.4645860925069468,0.2864537411848852,0.4841068829500619,0.8150230813562916,0.6045350120649209,0.38968679040175064,11.341018879242933,11.257925808599795,11.16053999192405,11.238074560765341
2037-05-14,0.6205695181532924,0.4545381862230342,0.46458609250694444,0.2864537411848652,0.4841068829500652,0.8150230813562948,0.6045350120649078,0.3896867904017383,11.34101887924149,11.257925808598323,11.160539991922619,11.238074560763893
2037-05-15,0.620569518153281,0.4545381862230464,0.4645860925069431,0.28645374118484945,0.48410688295007,0.8150230813562968,0.6045350120648975,0.38968679040172466,11.341018879240064,11.257925808596866,11.160539991921201,11.238074560762458
2037-05-18,0.6205695181532667,0.4545381862230561,0.4645860925069407,0.2864537411848312,0.48410688295007254,0.8150230813563003,0.6045350120648852,0.38968679040171067,11.341018879238646,11.257925808595418,11.160539991919796,11.238074560761032
2037-05-19,0.6205695181532564,0.454538186223064,0.46458609250693633,0.28645374118481426,0.484106882950076,0.8150230813563,0.6045350120648736,0.38968679040169696,11.341018879237243,11.257925808593994,11.160539991918398,11.238074560759621
2037-05-20,0.620569518153245,0.4545381862230777,0.46458609250693456,0.28645374118479766,0.4841068829500803,0.8150230813563034,0.6045350120648624,0.38968679040168386,11.341018879235856,11.257925808592569,11.160539991917016,11.238074560758228
2037-05-21,0.6205695181532347,0.4545381862230851,0.4645860925069324,0.2864537411847781,0.48410688295008364,0.8150230813563054,0.6045350120648504,0.38968679040167065,11.341018879234475,11.25792580859117,11.160539991915652,11.238074560756846
2037-05-22,0.6205695181532216,0.45453818622309594,0.46458609250693234,0.2864537411847632,0.4841068829500895,0.815023081356309,0.6045350120648392,0.38968679040165916,11.341018879233108,11.257925808589773,11.160539991914293,11.238074560755475
2037-05-25,0.620569518153212,0.45453818622310654,0.4645860925069299,0.28645374118474703,0.4841068829500913,0.8150230813563096,0.6045350120648278,0.3896867904016462,11.341018879231754,11.257925808588395,11.16053999191295,11.238074560754113
2037-05-26,0.6205695181532007,0.45453818622311637,0.4645860925069262,0.28645374118472944,0.48410688295009596,0.815023081356313,0.6045350120648156,0.389686790401635,11.341018879230417,11.25792580858703,11.16053999191162,11.238074560752766
2037-05-27,0.62056951815319,0.4545381862231252,0.4645860925069265,0.28645374118471295,0.48410688295010035,0.815023081356314,0.6045350120648056,0.38968679040162174,11.341018879229086,11.257925808585671,11.160539991910296,11.238074560751434
2037-05-28,0.6205695181531788,0.454538186223135,0.46458609250692234,0.28645374118469785,0.48410688295010224,0.8150230813563175,0.6045350120647953,0.38968679040160953,11.341018879227768,11.257925808584327,11.16053999190899,11.2380745607501
2037-05-29,0.6205695181531679,0.454538186223145,0.4645860925069208,0.2864537411846806,0.48410688295010684,0.8150230813563186,0.6045350120647831,0.38968679040159454,11.341018879226457,11.257925808582996,11.16053999190769,11.238074560748792
2037-06-01,0.620569518153157,0.45453818622315567,0.46458609250691774,0.2864537411846656,0.48410688295010995,0.8150230813563218,0.6045350120647738,0.38968679040158266,11.341018879225164,11.257925808581675,11.160539991906402,11.238074560747489
2037-06-02,0.6205695181531468,0.4545381862231641,0.46458609250691835,0.28645374118464906,0.4841068829501145,0.8150230813563241,0.6045350120647626,0.3896867904015698,11.341018879223883,11.25792580858037,11.160539991905132,11.2380745607462
2037-06-03,0.620569518153136,0.45453818622317316,0.4645860925069143,0.28645374118463307,0.4841068829501177,0.8150230813563262,0.6045350120647526,0.38968679040155785,11.34101887922261,11.257925808579067,11.160539991903862,11.238074560744918
2037-06-04,0.6205695181531254,0.4545381862231827,0.4645860925069137,0.28645374118461814,0.4841068829501213,0.8150230813563294,0.6045350120647422,0.38968679040154786,11.341018879221343,11.257925808577784,11.160539991902612,11.238074560743657
2037-06-05,0.6205695181531148,0.45453818622319225,0.46458609250691185,0.2864537411846017,0.4841068829501243,0.8150230813563318,0.6045350120647296,0.38968679040153625,11.341018879220096,11.257925808576514,11.160539991901368,11.238074560742403
2037-06-08,0.6205695181531042,0.4545381862232022,0.4645860925069085,0.2864537411845853,0.48410688295012827,0.815023081356332,0.6045350120647207,0.3896867904015234,11.34101887921886,11.257925808575248,11.16053999190014,11.238074560741158
2037-06-09,0.620569518153095,0.4545381862232113,0.46458609250690985,0.2864537411845718,0.4841068829501296,0.8150230813563374,0.6045350120647123,0.38968679040151316,11.341018879217632,11.257925808573997,11.160539991898924,11.238074560739927
2037-06-10,0.6205695181530864,0.45453818622321907,0.4645860925069063,0.28645374118455585,0.4841068829501345,0.8150230813563378,0.6045350120647015,0.38968679040150106,11.341018879216415,11.257925808572757,11.16053999189771,11.238074560738703
2037-06-11,0.6205695181530739,0.4545381862232295,0.46458609250690425,0.2864537411845421,0.484106882950138,0.8150230813563389,0.6045350120646922,0.3896867904014899,11.341018879215211,11.257925808571528,11.160539991896515,11.23807456073749
2037-06-12,0.6205695181530656,0.45453818622323705,0.4645860925069021,0.2864537411845273,0.48410688295014026,0.8150230813563409,0.6045350120646817,0.38968679040147863,11.341018879214015,11.257925808570308,11.160539991895329,11.238074560736287
2037-06-15,0.620569518153057,0.4545381862232462,0.46458609250690075,0.2864537411845121,0.48410688295014326,0.8150230813563432,0.6045350120646725,0.38968679040146686,11.341018879212827,11.257925808569103,11.16053999189415,11.238074560735095
2037-06-16,0.6205695181530457,0.4545381862232538,0.464586092506898,0.28645374118449807,0.4841068829501477,0.8150230813563466,0.6045350120646618,0.38968679040145654,11.34101887921165,11.257925808567899,11.160539991892982,11.238074560733919
2037-06-17,0.6205695181530366,0.4545381862232628,0.46458609250689675,0.28645374118448425,0.4841068829501504,0.8150230813563475,0.6045350120646523,0.38968679040144444,11.34101887921049,11.257925808566718,11.160539991891827,11.238074560732752
2037-06-18,0.6205695181530282,0.4545381862232711,0.46458609250689475,0.28645374118446865,0.4841068829501536,0.8150230813563489,0.6045350120646433,0.389686790401434,11.34101887920934,11.257925808565544,11.16053999189069,11.238074560731592
2037-06-19,0.6205695181530182,0.45453818622327957,0.46458609250689364,0.2864537411844541,0.48410688295015775,0.8150230813563514,0.6045350120646324,0.3896867904014229,11.341018879208193,11.257925808564375,11.160539991889545,11.238074560730443
2037-06-22,0.6205695181530104,0.4545381862232889,0.4645860925068932,0.2864537411844421,0.4841068829501608,0.815023081356355,0.6045350120646231,0.3896867904014129,11.341018879207056,11.257925808563218,11.160539991888422,11.238074560729308
2037-06-23,0.6205695181529993,0.45453818622329567,0.46458609250688954,0.2864537411844272,0.48410688295016174,0.8150230813563556,0.6045350120646148,0.3896867904014034,11.341018879205931,11.25792580856207,11.160539991887303,11.238074560728178
2037-06-24,0.6205695181529893,0.4545381862233062,0.4645860925068891,0.28645374118441297,0.48410688295016674,0.8150230813563571,0.6045350120646049,0.38968679040139115,11.34101887920482,11.257925808560937,11.160539991886198,11.23807456072706
2037-06-25,0.6205695181529821,0.45453818622331343,0.46458609250688787,0.2864537411843998,0.48410688295016935,0.8150230813563587,0.6045350120645973,0.3896867904013795,11.34101887920372,11.257925808559813,11.1605399918851,11.238074560725945
2037-06-26,0.6205695181529698,0.4545381862233207,0.46458609250688493,0.2864537411843863,0.4841068829501734,0.8150230813563614,0.6045350120645886,0.3896867904013693,11.341018879202625,11.2579258085587,11.160539991884018,11.238074560724854
2037-06-29,0.6205695181529631,0.4545381862233293,0.46458609250688365,0.28645374118437283,0.48410688295017656,0.8150230813563646,0.6045350120645777,0.3896867904013615,11.341018879201538,11.257925808557596,11.160539991882942,11.23807456072376
2037-06-30,0.6205695181529547,0.4545381862233372,0.4645860925068807,0.2864537411843599,0.4841068829501768,0.8150230813563664,0.6045350120645693,0.38968679040134996,11.341018879200464,11.257925808556497,11.160539991881873,11.238074560722678
2037-07-01,0.6205695181529443,0.4545381862233441,0.46458609250687966,0.2864537411843461,0.4841068829501809,0.8150230813563667,0.6045350120645611,0.3896867904013389,11.341018879199398,11.257925808555413,11.160539991880812,11.23807456072161
2037-07-02,0.6205695181529371,0.45453818622335246,0.46458609250687705,0.28645374118433325,0.48410688295018495,0.8150230813563699,0.6045350120645518,0.3896867904013304,11.341018879198348,11.25792580855434,11.160539991879771,11.23807456072055
2037-07-03,0.6205695181529278,0.4545381862233606,0.4645860925068757,0.28645374118432126,0.4841068829501868,0.8150230813563714,0.6045350120645435,0.38968679040131954,11.341018879197293,11.257925808553269,11.160539991878727,11.238074560719499
2037-07-06,0.6205695181529196,0.4545381862233676,0.46458609250687644,0.28645374118430705,0.48410688295019,0.8150230813563721,0.6045350120645356,0.3896867904013098,11.341018879196263,11.257925808552214,11.160539991877698,11.238074560718456
2037-07-07,0.6205695181529107,0.4545381862233763,0.46458609250687455,0.2864537411842949,0.48410688295019344,0.8150230813563747,0.6045350120645274,0.3896867904012994,11.341018879195232,11.257925808551162,11.160539991876677,11.238074560717425
2037-07-08,0.6205695181529021,0.45453818622338327,0.46458609250687166,0.28645374118428274,0.4841068829501961,0.8150230813563757,0.6045350120645182,0.3896867904012911,11.341018879194216,11.257925808550127,11.160539991875664,11.238074560716406
2037-07-09,0.6205695181528954,0.4545381862233911,0.464586092506871,0.28645374118426997,0.4841068829501982,0.8150230813563786,0.6045350120645094,0.38968679040128124,11.341018879193204,11.257925808549091,11.160539991874668,11.238074560715386
2037-07-10,0.6205695181528845,0.4545381862233974,0.4645860925068679,0.28645374118425715,0.4841068829502001,0.815023081356378,0.6045350120645011,0.38968679040127113,11.341018879192205,11.257925808548084,11.160539991873668,11.238074560714384
2037-07-13,0.6205695181528772,0.45453818622340636,0.4645860925068671,0.286453741184246,0.484106882950205,0.815023081356382,0.6045350120644929,0.38968679040126203,11.341018879191216,11.257925808547068,11.160539991872682,11.238074560713386
2037-07-14,0.6205695181528694,0.4545381862234128,0.4645860925068658,0.28645374118423245,0.48410688295020776,0.8150230813563832,0.6045350120644858,0.3896867904012525,11.341018879190226,11.257925808546068,11.160539991871708,11.2380745607124
2037-07-15,0.6205695181528628,0.4545381862234192,0.4645860925068645,0.2864537411842209,0.4841068829502093,0.8150230813563843,0.6045350120644764,0.3896867904012434,11.341018879189258,11.257925808545073,11.16053999187074,11.23807456071142
2037-07-16,0.6205695181528526,0.45453818622342823,0.46458609250686067,0.28645374118420897,0.4841068829502143,0.815023081356387,0.6045350120644686,0.3896867904012335,11.341018879188294,11.257925808544087,11.160539991869786,11.238074560710452
2037-07-17,0.620569518152847,0.45453818622343406,0.4645860925068616,0.2864537411841968,0.48410688295021487,0.8150230813563871,0.6045350120644609,0.3896867904012247,11.341018879187335,11.25792580854311,11.160539991868832,11.238074560709482
2037-07-20,0.6205695181528376,0.45453818622343994,0.4645860925068597,0.28645374118418443,0.4841068829502166,0.8150230813563895,0.604535012064452,0.3896867904012175,11.341018879186388,11.257925808542144,11.160539991867886,11.238074560708537
2037-07-21,0.6205695181528295,0.45453818622344777,0.46458609250685917,0.28645374118417266,0.4841068829502201,0.815023081356391,0.6045350120644458,0.38968679040120957,11.341018879185444,11.257925808541188,11.160539991866957,11.238074560707586
2037-07-22,0.6205695181528212,0.45453818622345377,0.46458609250685806,0.28645374118416145,0.4841068829502224,0.8150230813563919,0.6045350120644389,0.38968679040119886,11.34101887918452,11.257925808540236,11.160539991866031,11.23807456070666
2037-07-23,0.620569518152815,0.45453818622346176,0.4645860925068567,0.28645374118415007,0.48410688295022575,0.8150230813563943,0.6045350120644293,0.3896867904011913,11.34101887918359,11.25792580853929,11.160539991865106,11.23807456070573
2037-07-24,0.620569518152807,0.45453818622346676,0.4645860925068549,0.2864537411841401,0.484106882950227,0.8150230813563969,0.6045350120644217,0.3896867904011823,11.341018879182677,11.257925808538358,11.1605399918642,11.238074560704806
2037-07-27,0.6205695181527998,0.45453818622347486,0.4645860925068527,0.28645374118412903,0.4841068829502285,0.8150230813563986,0.6045350120644161,0.3896867904011733,11.341018879181766,11.257925808537436,11.160539991863303,11.238074560703899
2037-07-28,0.6205695181527922,0.45453818622348147,0.46458609250685085,0.2864537411841161,0.48410688295023263,0.8150230813563991,0.6045350120644083,0.38968679040116466,11.341018879180865,11.257925808536518,11.16053999186241,11.238074560702989
2037-07-29,0.6205695181527862,0.45453818622348896,0.464586092506851,0.2864537411841063,0.48410688295023613,0.8150230813564018,0.6045350120643999,0.3896867904011556,11.341018879179972,11.257925808535612,11.160539991861523,11.2380745607021
2037-07-30,0.6205695181527768,0.4545381862234944,0.4645860925068507,0.2864537411840957,0.4841068829502376,0.8150230813564036,0.604535012064394,0.3896867904011483,11.341018879179094,11.257925808534702,11.160539991860643,11.238074560701213
2037-07-31,0.6205695181527721,0.45453818622350106,0.46458609250684757,0.28645374118408407,0.4841068829502399,0.8150230813564058,0.6045350120643859,0.3896867904011387,11.341018879178218,11.257925808533818,11.160539991859777,11.238074560700333
2037-08-03,0.6205695181527628,0.4545381862235082,0.464586092506845,0.28645374118407363,0.48410688295024284,0.8150230813564061,0.604535012064379,0.3896867904011317,11.341018879177346,11.25792580853293,11.160539991858911,11.238074560699456
2037-08-04,0.6205695181527562,0.45453818622351383,0.4645860925068455,0.2864537411840617,0.48410688295024473,0.8150230813564069,0.6045350120643717,0.38968679040112425,11.341018879176488,11.257925808532054,11.160539991858055,11.238074560698596
2037-08-05,0.6205695181527491,0.45453818622351977,0.4645860925068438,0.28645374118405154,0.48410688295024673,0.8150230813564083,0.6045350120643637,0.38968679040111737,11.341018879175634,11.257925808531182,11.160539991857213,11.238074560697738
2037-08-06,0.6205695181527414,0.4545381862235269,0.4645860925068418,0.28645374118404177,0.4841068829502496,0.8150230813564103,0.604535012064358,0.3896867904011067,11.341018879174792,11.257925808530329,11.160539991856378,11.238074560696889
2037-08-07,0.6205695181527365,0.45453818622353337,0.4645860925068405,0.28645374118402994,0.48410688295025206,0.8150230813564125,0.6045350120643499,0.3896867904011005,11.341018879173951,11.257925808529473,11.160539991855543,11.238074560696052
2037-08-10,0.6205695181527286,0.4545381862235397,0.4645860925068396,0.28645374118402017,0.48410688295025517,0.8150230813564129,0.604535012064343,0.38968679040109205,11.341018879173124,11.257925808528622,11.160539991854714,11.238074560695216
2037-08-11,0.6205695181527218,0.4545381862235457,0.4645860925068394,0.2864537411840117,0.4841068829502564,0.8150230813564153,0.6045350120643382,0.3896867904010835,11.3410188791723,11.257925808527784,11.160539991853902,11.238074560694391
2037-08-12,0.6205695181527144,0.45453818622355135,0.464586092506838,0.2864537411840011,0.48410688295025905,0.8150230813564173,0.6045350120643291,0.3896867904010764,11.341018879171479,11.25792580852695,11.160539991853087,11.238074560693569
2037-08-13,0.620569518152707,0.4545381862235574,0.4645860925068373,0.28645374118398903,0.4841068829502614,0.815023081356417,0.604535012064324,0.3896867904010698,11.341018879170678,11.257925808526124,11.160539991852284,11.238074560692752
2037-08-14,0.6205695181527018,0.4545381862235629,0.4645860925068338,0.2864537411839809,0.48410688295026255,0.8150230813564193,0.6045350120643185,0.38968679040106163,11.341018879169871,11.25792580852531,11.160539991851486,11.238074560691954
2037-08-17,0.6205695181526956,0.4545381862235704,0.46458609250683375,0.2864537411839711,0.48410688295026594,0.8150230813564209,0.6045350120643104,0.3896867904010534,11.341018879169079,11.257925808524503,11.160539991850703,11.238074560691157
2037-08-18,0.6205695181526885,0.454538186223575,0.46458609250683225,0.2864537411839606,0.48410688295026694,0.8150230813564219,0.6045350120643032,0.3896867904010481,11.341018879168296,11.257925808523705,11.160539991849923,11.238074560690361
2037-08-19,0.6205695181526816,0.45453818622358133,0.46458609250683136,0.2864537411839512,0.4841068829502688,0.8150230813564234,0.6045350120642982,0.389686790401039,11.341018879167512,11.257925808522904,11.160539991849143,11.238074560689581
2037-08-20,0.6205695181526765,0.4545381862235843,0.4645860925068316,0.2864537411839422,0.48410688295027215,0.8150230813564243,0.6045350120642905,0.38968679040103155,11.341018879166741,11.257925808522113,11.160539991848376,11.238074560688803
2037-08-21,0.6205695181526708,0.45453818622359177,0.4645860925068291,0.2864537411839322,0.48410688295027327,0.8150230813564254,0.6045350120642851,0.38968679040102366,11.341018879165972,11.257925808521337,11.16053999184762,11.23807456068803
2037-08-24,0.6205695181526635,0.45453818622359854,0.46458609250682836,0.2864537411839236,0.4841068829502758,0.8150230813564264,0.6045350120642795,0.3896867904010172,11.341018879165212,11.257925808520563,11.160539991846868,11.238074560687275
2037-08-25,0.6205695181526575,0.454538186223602,0.4645860925068265,0.28645374118391415,0.4841068829502778,0.8150230813564282,0.6045350120642726,0.38968679040100995,11.341018879164467,11.2579258085198,11.160539991846116,11.238074560686517
2037-08-26,0.6205695181526514,0.4545381862236075,0.464586092506825,0.2864537411839047,0.4841068829502805,0.8150230813564299,0.6045350120642649,0.38968679040100346,11.341018879163716,11.257925808519037,11.160539991845376,11.238074560685769
2037-08-27,0.6205695181526445,0.4545381862236143,0.46458609250682503,0.2864537411838957,0.4841068829502817,0.8150230813564308,0.6045350120642596,0.3896867904009963,11.341018879162972,11.25792580851828,11.160539991844633,11.238074560685021
2037-08-28,0.6205695181526387,0.45453818622362113,0.4645860925068229,0.28645374118388617,0.48410688295028365,0.8150230813564328,0.6045350120642531,0.38968679040098925,11.341018879162243,11.257925808517534,11.160539991843905,11.23807456068429
2037-08-31,0.620569518152633,0.4545381862236235,0.4645860925068223,0.2864537411838771,0.48410688295028714,0.8150230813564318,0.6045350120642461,0.3896867904009828,11.341018879161517,11.257925808516793,11.160539991843192,11.238074560683556
2037-09-01,0.6205695181526267,0.4545381862236293,0.46458609250682026,0.28645374118387035,0.48410688295028725,0.8150230813564343,0.6045350120642422,0.3896867904009754,11.341018879160796,11.257925808516058,11.160539991842468,11.238074560682826
2037-09-02,0.6205695181526227,0.45453818622363534,0.4645860925068218,0.28645374118385886,0.4841068829502896,0.8150230813564364,0.6045350120642357,0.3896867904009691,11.341018879160085,11.25792580851533,11.16053999184177,11.238074560682117
2037-09-03,0.6205695181526147,0.4545381862236406,0.4645860925068195,0.2864537411838506,0.4841068829502931,0.8150230813564382,0.6045350120642303,0.38968679040096216,11.341018879159378,11.25792580851461,11.160539991841068,11.238074560681403
2037-09-04,0.6205695181526099,0.4545381862236459,0.46458609250681737,0.28645374118384237,0.4841068829502946,0.8150230813564387,0.6045350120642249,0.3896867904009558,11.341018879158677,11.257925808513892,11.160539991840363,11.238074560680694
2037-09-07,0.6205695181526056,0.4545381862236507,0.46458609250681693,0.28645374118383443,0.4841068829502957,0.8150230813564401,0.6045350120642173,0.3896867904009484,11.34101887915798,11.257925808513185,11.160539991839673,11.238074560680005
2037-09-08,0.6205695181525993,0.45453818622365444,0.46458609250681504,0.28645374118382566,0.48410688295029813,0.8150230813564396,0.6045350120642132,0.3896867904009415,11.341018879157287,11.257925808512484,11.16053999183899,11.23807456067931
2037-09-09,0.6205695181525921,0.4545381862236608,0.4645860925068136,0.28645374118381695,0.4841068829502998,0.8150230813564424,0.6045350120642077,0.3896867904009357,11.341018879156605,11.257925808511786,11.160539991838315,11.238074560678623
2037-09-10,0.6205695181525873,0.4545381862236652,0.4645860925068136,0.28645374118380795,0.48410688295030074,0.8150230813564429,0.6045350120642003,0.38968679040092885,11.341018879155936,11.2579258085111,11.160539991837645,11.238074560677951
2037-09-11,0.620569518152583,0.4545381862236708,0.4645860925068118,0.28645374118380046,0.4841068829503027,0.815023081356445,0.6045350120641968,0.38968679040092363,11.34101887915526,11.257925808510413,11.160539991836973,11.23807456067727
2037-09-14,0.6205695181525774,0.4545381862236749,0.46458609250681143,0.28645374118379185,0.4841068829503062,0.8150230813564466,0.6045350120641892,0.3896867904009165,11.341018879154593,11.257925808509734,11.160539991836314,11.238074560676603
2037-09-15,0.6205695181525721,0.4545381862236787,0.46458609250681054,0.28645374118378447,0.48410688295030774,0.8150230813564459,0.604535012064185,0.3896867904009106,11.341018879153939,11.257925808509064,11.16053999183566,11.238074560675946
2037-09-16,0.6205695181525656,0.4545381862236843,0.46458609250680954,0.28645374118377553,0.4841068829503089,0.815023081356448,0.6045350120641795,0.38968679040090487,11.341018879153285,11.257925808508396,11.160539991835016,11.238074560675283
2037-09-17,0.6205695181525597,0.45453818622369035,0.46458609250680966,0.2864537411837675,0.4841068829503109,0.8150230813564491,0.6045350120641754,0.389686790400898,11.341018879152637,11.257925808507741,11.160539991834375,11.238074560674631
2037-09-18,0.6205695181525548,0.454538186223695,0.4645860925068077,0.2864537411837603,0.48410688295031223,0.8150230813564504,0.604535012064169,0.38968679040089255,11.341018879151997,11.257925808507084,11.160539991833737,11.238074560673995
2037-09-21,0.6205695181525483,0.45453818622369935,0.4645860925068058,0.28645374118375183,0.484106882950314,0.8150230813564524,0.6045350120641637,0.38968679040088633,11.341018879151362,11.257925808506434,11.160539991833105,11.238074560673352
2037-09-22,0.6205695181525448,0.4545381862237037,0.46458609250680705,0.28645374118374467,0.4841068829503161,0.8150230813564525,0.6045350120641588,0.3896867904008812,11.341018879150727,11.257925808505796,11.160539991832483,11.238074560672718
2037-09-23,0.6205695181525395,0.45453818622371017,0.4645860925068056,0.28645374118373607,0.48410688295031745,0.8150230813564538,0.6045350120641539,0.3896867904008745,11.341018879150106,11.257925808505158,11.160539991831858,11.238074560672095
2037-09-24,0.6205695181525331,0.45453818622371345,0.4645860925068017,0.28645374118372874,0.4841068829503191,0.8150230813564558,0.6045350120641491,0.3896867904008687,11.341018879149487,11.25792580850453,11.160539991831245,11.238074560671475
2037-09-25,0.6205695181525285,0.4545381862237178,0.46458609250680327,0.286453741183722,0.4841068829503205,0.8150230813564551,0.604535012064143,0.3896867904008631,11.341018879148871,11.257925808503904,11.160539991830632,11.238074560670855
2037-09-28,0.6205695181525241,0.45453818622372244,0.46458609250680016,0.2864537411837132,0.48410688295032284,0.8150230813564573,0.6045350120641377,0.38968679040085635,11.341018879148267,11.25792580850328,11.160539991830028,11.238074560670249
2037-09-29,0.6205695181525175,0.4545381862237258,0.4645860925068013,0.2864537411837065,0.4841068829503246,0.8150230813564591,0.6045350120641335,0.389686790400852,11.341018879147667,11.257925808502666,11.160539991829427,11.238074560669638
2037-09-30,0.6205695181525115,0.454538186223731,0.46458609250679866,0.2864537411836994,0.48410688295032667,0.815023081356458,0.6045350120641292,0.38968679040084653,11.341018879147063,11.257925808502057,11.160539991828838,11.238074560669036
2037-10-01,0.6205695181525096,0.45453818622373526,0.46458609250679905,0.2864537411836913,0.4841068829503269,0.8150230813564598,0.6045350120641224,0.3896867904008405,11.341018879146471,11.257925808501456,11.160539991828248,11.238074560668437
2037-10-02,0.6205695181525037,0.45453818622373976,0.4645860925067972,0.2864537411836834,0.484106882950331,0.8150230813564603,0.6045350120641181,0.3896867904008344,11.341018879145883,11.257925808500858,11.160539991827665,11.238074560667851
2037-10-05,0.6205695181524986,0.4545381862237433,0.46458609250679767,0.28645374118367667,0.48410688295033066,0.8150230813564623,0.6045350120641146,0.38968679040083043,11.341018879145304,11.257925808500259,11.160539991827086,11.23807456066727
2037-10-06,0.6205695181524943,0.4545381862237481,0.46458609250679694,0.2864537411836711,0.48410688295033333,0.8150230813564617,0.6045350120641078,0.3896867904008244,11.341018879144727,11.257925808499678,11.160539991826518,11.238074560666693
2037-10-07,0.6205695181524902,0.45453818622375153,0.46458609250679495,0.2864537411836637,0.48410688295033366,0.8150230813564625,0.6045350120641042,0.3896867904008188,11.341018879144155,11.257925808499088,11.160539991825948,11.238074560666114
2037-10-08,0.6205695181524845,0.4545381862237573,0.4645860925067967,0.2864537411836557,0.48410688295033555,0.8150230813564653,0.6045350120640988,0.38968679040081344,11.34101887914359,11.25792580849852,11.160539991825388,11.238074560665552
2037-10-09,0.6205695181524797,0.45453818622376085,0.4645860925067943,0.286453741183649,0.4841068829503368,0.8150230813564656,0.6045350120640952,0.38968679040080784,11.341018879143029,11.25792580849794,11.160539991824823,11.238074560664977
2037-10-12,0.6205695181524761,0.45453818622376546,0.4645860925067936,0.28645374118364175,0.4841068829503382,0.8150230813564665,0.6045350120640917,0.3896867904008024,11.341018879142476,11.257925808497376,11.16053999182427,11.238074560664424
2037-10-13,0.6205695181524702,0.4545381862237696,0.46458609250679167,0.28645374118363515,0.4841068829503407,0.8150230813564686,0.6045350120640873,0.38968679040079773,11.341018879141924,11.257925808496818,11.16053999182373,11.238074560663875
2037-10-14,0.6205695181524677,0.4545381862237729,0.46458609250678956,0.2864537411836282,0.4841068829503423,0.8150230813564697,0.6045350120640823,0.38968679040079185,11.341018879141368,11.257925808496257,11.160539991823178,11.238074560663318
2037-10-15,0.6205695181524622,0.4545381862237763,0.46458609250678834,0.2864537411836211,0.48410688295034415,0.8150230813564683,0.6045350120640778,0.3896867904007861,11.341018879140831,11.257925808495703,11.160539991822645,11.23807456066278
2037-10-16,0.6205695181524575,0.45453818622378184,0.4645860925067899,0.286453741183615,0.48410688295034376,0.8150230813564722,0.6045350120640721,0.38968679040078197,11.341018879140298,11.257925808495159,11.160539991822116,11.23807456066224
2037-10-19,0.6205695181524544,0.4545381862237858,0.4645860925067885,0.28645374118360695,0.48410688295034676,0.8150230813564712,0.6045350120640676,0.3896867904007783,11.341018879139764,11.257925808494617,11.160539991821585,11.238074560661701
2037-10-20,0.6205695181524504,0.4545381862237874,0.4645860925067887,0.2864537411836028,0.4841068829503471,0.8150230813564713,0.6045350120640636,0.38968679040077236,11.341018879139236,11.257925808494075,11.160539991821059,11.238074560661179
2037-10-21,0.6205695181524464,0.4545381862237928,0.46458609250678606,0.2864537411835963,0.48410688295034915,0.8150230813564731,0.6045350120640608,0.3896867904007653,11.341018879138712,11.257925808493543,11.16053999182054,11.23807456066065
2037-10-22,0.6205695181524402,0.4545381862237967,0.46458609250678684,0.2864537411835898,0.4841068829503491,0.8150230813564726,0.6045350120640551,0.3896867904007623,11.341018879138195,11.257925808493017,11.160539991820027,11.238074560660126
2037-10-23,0.6205695181524358,0.4545381862237997,0.4645860925067862,0.2864537411835839,0.4841068829503512,0.8150230813564753,0.604535012064051,0.38968679040075754,11.34101887913768,11.25792580849249,11.160539991819512,11.238074560659612
2037-10-26,0.6205695181524351,0.4545381862238042,0.4645860925067838,0.28645374118357664,0.48410688295035137,0.8150230813564762,0.6045350120640465,0.389686790400752,11.341018879137172,11.257925808491972,11.16053999181901,11.238074560659102
2037-10-27,0.6205695181524282,0.4545381862238076,0.4645860925067838,0.28645374118357075,0.4841068829503551,0.8150230813564768,0.6045350120640427,0.3896867904007481,11.341018879136664,11.257925808491459,11.160539991818508,11.23807456065859
2037-10-28,0.6205695181524243,0.45453818622381104,0.4645860925067825,0.28645374118356315,0.48410688295035575,0.8150230813564783,0.6045350120640374,0.38968679040074367,11.341018879136165,11.257925808490945,11.160539991818016,11.238074560658092
2037-10-29,0.6205695181524198,0.4545381862238155,0.4645860925067817,0.2864537411835576,0.48410688295035825,0.8150230813564796,0.6045350120640344,0.3896867904007381,11.34101887913567,11.257925808490443,11.160539991817519,11.238074560657594
2037-10-30,0.620569518152416,0.45453818622382025,0.4645860925067827,0.28645374118355194,0.4841068829503591,0.8150230813564796,0.6045350120640305,0.3896867904007327,11.341018879135182,11.257925808489944,11.16053999181704,11.238074560657108
2037-11-02,0.620569518152412,0.4545381862238231,0.464586092506782,0.2864537411835444,0.48410688295035875,0.8150230813564795,0.6045350120640255,0.3896867904007293,11.341018879134692,11.257925808489443,11.16053999181655,11.238074560656607
2037-11-03,0.6205695181524081,0.4545381862238256,0.46458609250678057,0.28645374118354017,0.4841068829503603,0.8150230813564813,0.6045350120640218,0.38968679040072585,11.341018879134213,11.257925808488954,11.16053999181607,11.238074560656125
2037-11-04,0.6205695181524047,0.4545381862238288,0.4645860925067798,0.28645374118353406,0.48410688295036214,0.8150230813564826,0.6045350120640185,0.389686790400719,11.341018879133733,11.257925808488467,11.160539991815595,11.238074560655653
2037-11-05,0.6205695181524,0.4545381862238328,0.46458609250677907,0.2864537411835282,0.4841068829503643,0.8150230813564827,0.6045350120640139,0.38968679040071513,11.341018879133266,11.257925808487986,11.160539991815128,11.238074560655171
2037-11-06,0.6205695181523969,0.4545381862238369,0.46458609250677807,0.2864537411835231,0.48410688295036586,0.8150230813564838,0.6045350120640103,0.3896867904007106,11.341018879132788,11.257925808487503,11.160539991814655,11.238074560654706
2037-11-09,0.6205695181523928,0.45453818622384035,0.4645860925067785,0.28645374118351535,0.4841068829503664,0.8150230813564836,0.604535012064006,0.38968679040070536,11.34101887913232,11.25792580848703,11.160539991814199,11.238074560654232
2037-11-10,0.6205695181523888,0.45453818622384473,0.4645860925067769,0.2864537411835113,0.48410688295036886,0.8150230813564854,0.6045350120640033,0.38968679040070375,11.341018879131862,11.257925808486558,11.160539991813739,11.238074560653768
2037-11-11,0.6205695181523855,0.45453818622384673,0.464586092506775,0.286453741183505,0.484106882950369,0.8150230813564869,0.6045350120639986,0.3896867904006975,11.341018879131402,11.257925808486094,11.160539991813284,11.238074560653308
2037-11-12,0.6205695181523809,0.45453818622384945,0.4645860925067754,0.28645374118350025,0.48410688295037096,0.8150230813564867,0.6045350120639956,0.3896867904006937,11.341018879130946,11.25792580848563,11.160539991812836,11.238074560652848
2037-11-13,0.6205695181523778,0.45453818622385417,0.46458609250677557,0.2864537411834949,0.48410688295037196,0.8150230813564892,0.6045350120639924,0.3896867904006886,11.341018879130502,11.257925808485174,11.16053999181238,11.2380745606524
2037-11-16,0.6205695181523747,0.4545381862238557,0.46458609250677513,0.28645374118348915,0.48410688295037313,0.815023081356487,0.6045350120639895,0.38968679040068427,11.341018879130056,11.257925808484721,11.160539991811946,11.238074560651956
2037-11-17,0.6205695181523713,0.4545381862238592,0.46458609250677363,0.28645374118348294,0.4841068829503741,0.81502308135649,0.6045350120639837,0.3896867904006816,11.341018879129615,11.257925808484268,11.160539991811504,11.238074560651512
2037-11-18,0.6205695181523669,0.45453818622386205,0.4645860925067718,0.28645374118347694,0.48410688295037574,0.8150230813564895,0.6045350120639801,0.38968679040067783,11.341018879129178,11.257925808483826,11.160539991811078,11.238074560651068
2037-11-19,0.6205695181523617,0.45453818622386527,0.46458609250677174,0.28645374118347194,0.4841068829503774,0.8150230813564906,0.6045350120639772,0.3896867904006727,11.34101887912874,11.257925808483376,11.160539991810639,11.238074560650631
2037-11-20,0.6205695181523602,0.4545381862238682,0.4645860925067717,0.28645374118346645,0.48410688295037807,0.8150230813564917,0.6045350120639726,0.3896867904006694,11.341018879128313,11.257925808482945,11.160539991810214,11.238074560650203
2037-11-23,0.6205695181523565,0.45453818622387315,0.46458609250677124,0.28645374118346306,0.4841068829503786,0.8150230813564929,0.6045350120639703,0.3896867904006652,11.341018879127885,11.257925808482504,11.16053999180979,11.238074560649775
2037-11-24,0.6205695181523525,0.4545381862238764,0.46458609250676947,0.2864537411834571,0.4841068829503792,0.8150230813564943,0.6045350120639662,0.3896867904006609,11.341018879127466,11.25792580848208,11.160539991809369,11.23807456064935
2037-11-25,0.6205695181523501,0.45453818622387854,0.4645860925067696,0.2864537411834517,0.48410688295038196,0.8150230813564953,0.604535012063963,0.38968679040065846,11.34101887912704,11.257925808481652,11.160539991808951,11.238074560648931
2037-11-26,0.6205695181523458,0.4545381862238829,0.4645860925067688,0.28645374118344696,0.484106882950383,0.8150230813564955,0.604535012063959,0.38968679040065296,11.341018879126638,11.257925808481223,11.160539991808548,11.238074560648514
2037-11-27,0.6205695181523438,0.4545381862238836,0.46458609250676897,0.2864537411834414,0.48410688295038246,0.8150230813564958,0.6045350120639564,0.38968679040065013,11.341018879126224,11.257925808480811,11.160539991808134,11.238074560648103
2037-11-30,0.620569518152339,0.45453818622388675,0.4645860925067683,0.28645374118343564,0.4841068829503855,0.8150230813564943,0.604535012063952,0.3896867904006448,11.341018879125809,11.257925808480396,11.160539991807733,11.238074560647691
2037-12-01,0.6205695181523382,0.4545381862238917,0.46458609250676614,0.2864537411834308,0.48410688295038606,0.8150230813564964,0.6045350120639496,0.3896867904006405,11.341018879125407,11.25792580847998,11.160539991807331,11.238074560647284
2037-12-02,0.6205695181523314,0.4545381862238935,0.4645860925067661,0.28645374118342753,0.4841068829503855,0.8150230813564971,0.6045350120639453,0.38968679040063703,11.341018879125011,11.257925808479579,11.160539991806932,11.238074560646883
2037-12-03,0.6205695181523301,0.4545381862238963,0.46458609250676597,0.2864537411834214,0.4841068829503878,0.8150230813564976,0.6045350120639416,0.3896867904006331,11.341018879124611,11.257925808479168,11.160539991806534,11.238074560646487
2037-12-04,0.6205695181523261,0.4545381862239,0.46458609250676575,0.28645374118341627,0.4841068829503884,0.8150230813564987,0.6045350120639389,0.38968679040063237,11.341018879124217,11.257925808478765,11.160539991806148,11.238074560646087
2037-12-07,0.6205695181523216,0.4545381862239036,0.46458609250676547,0.2864537411834114,0.4841068829503914,0.8150230813565001,0.6045350120639373,0.3896867904006259,11.341018879123837,11.257925808478374,11.160539991805765,11.238074560645709
2037-12-08,0.6205695181523186,0.4545381862239048,0.4645860925067641,0.2864537411834065,0.48410688295039095,0.8150230813565,0.6045350120639338,0.38968679040062354,11.341018879123443,11.257925808477978,11.16053999180538,11.23807456064532
2037-12-09,0.6205695181523165,0.4545381862239074,0.46458609250676297,0.2864537411834022,0.4841068829503924,0.8150230813565013,0.6045350120639301,0.3896867904006193,11.341018879123062,11.257925808477584,11.160539991805,11.238074560644929
2037-12-10,0.6205695181523133,0.4545381862239106,0.46458609250676214,0.28645374118339734,0.4841068829503933,0.8150230813564988,0.6045350120639269,0.3896867904006151,11.341018879122679,11.257925808477196,11.160539991804612,11.238074560644542
2037-12-11,0.620569518152311,0.45453818622391395,0.46458609250676225,0.28645374118339173,0.48410688295039367,0.8150230813565024,0.6045350120639245,0.3896867904006106,11.341018879122307,11.257925808476815,11.160539991804251,11.238074560644167
2037-12-14,0.6205695181523072,0.4545381862239173,0.4645860925067608,0.28645374118338895,0.4841068829503943,0.8150230813565019,0.6045350120639212,0.3896867904006079,11.341018879121936,11.257925808476434,11.160539991803876,11.238074560643792
2037-12-15,0.6205695181523039,0.45453818622391906,0.4645860925067611,0.2864537411833827,0.4841068829503972,0.815023081356503,0.6045350120639164,0.38968679040060455,11.341018879121561,11.257925808476061,11.160539991803507,11.238074560643422
2037-12-16,0.6205695181523017,0.45453818622392145,0.4645860925067602,0.2864537411833788,0.48410688295039805,0.8150230813565047,0.6045350120639136,0.3896867904006005,11.341018879121197,11.257925808475692,11.160539991803148,11.238074560643058
2037-12-17,0.620569518152297,0.4545381862239253,0.46458609250676053,0.28645374118337563,0.48410688295039883,0.8150230813565051,0.6045350120639124,0.389686790400598,11.341018879120838,11.257925808475319,11.16053999180278,11.238074560642692
2037-12-18,0.6205695181522939,0.45453818622392594,0.4645860925067594,0.2864537411833692,0.48410688295039916,0.8150230813565036,0.6045350120639077,0.38968679040059556,11.341018879120474,11.257925808474951,11.160539991802427,11.23807456064233
2037-12-21,0.6205695181522923,0.45453818622393116,0.46458609250675975,0.28645374118336586,0.48410688295040055,0.8150230813565061,0.6045350120639064,0.3896867904005917,11.34101887912012,11.257925808474587,11.160539991802073,11.238074560641973
2037-12-22,0.6205695181522894,0.4545381862239333,0.4645860925067585,0.2864537411833605,0.4841068829504018,0.8150230813565064,0.6045350120639014,0.3896867904005871,11.341018879119764,11.257925808474225,11.160539991801725,11.23807456064161
2037-12-23,0.6205695181522872,0.4545381862239342,0.4645860925067574,0.2864537411833569,0.4841068829504022,0.8150230813565077,0.6045350120639003,0.38968679040058474,11.341018879119412,11.257925808473871,11.160539991801379,11.238074560641264
2037-12-24,0.6205695181522836,0.4545381862239367,0.4645860925067564,0.28645374118335204,0.48410688295040327,0.8150230813565065,0.6045350120638969,0.3896867904005804,11.34101887911906,11.257925808473512,11.16053999180103,11.238074560640912
2037-12-25,0.6205695181522808,0.4545381862239411,0.4645860925067563,0.2864537411833469,0.4841068829504036,0.815023081356509,0.6045350120638947,0.3896867904005786,11.341018879118725,11.257925808473159,11.16053999180069,11.23807456064057
2037-12-28,0.6205695181522786,0.45453818622394243,0.4645860925067566,0.28645374118334377,0.4841068829504051,0.8150230813565081,0.6045350120638902,0.3896867904005758,11.341018879118383,11.25792580847282,11.160539991800354,11.238074560640229
2037-12-29,0.6205695181522759,0.45453818622394626,0.4645860925067551,0.2864537411833399,0.4841068829504053,0.8150230813565098,0.6045350120638887,0.38968679040057047,11.341018879118042,11.257925808472471,11.160539991800011,11.238074560639884
2037-12-30,0.6205695181522719,0.45453818622394815,0.46458609250675553,0.28645374118333533,0.48410688295040605,0.8150230813565087,0.6045350120638848,0.38968679040056825,11.341018879117708,11.257925808472129,11.160539991799679,11.238074560639548
2037-12-31,0.6205695181522701,0.4545381862239509,0.4645860925067547,0.28645374118333233,0.48410688295040794,0.8150230813565107,0.604535012063883,0.3896867904005639,11.341018879117376,11.257925808471795,11.160539991799352,11.238074560639216
2038-01-01,0.6205695181522666,0.4545381862239535,0.4645860925067549,0.28645374118332645,0.4841068829504078,0.8150230813565102,0.60453501206388,0.38968679040056187,11.341018879117048,11.257925808471455,11.160539991799025,11.238074560638893
2038-01-04,0.6205695181522641,0.4545381862239565,0.4645860925067523,0.2864537411833227,0.4841068829504109,0.8150230813565132,0.604535012063877,0.38968679040055954,11.34101887911672,11.257925808471125,11.160539991798705,11.238074560638557
2038-01-05,0.6205695181522621,0.45453818622395736,0.46458609250675365,0.2864537411833198,0.48410688295041127,0.8150230813565129,0.6045350120638749,0.38968679040055687,11.341018879116394,11.257925808470794,11.160539991798384,11.238074560638232
2038-01-06,0.6205695181522588,0.45453818622396003,0.4645860925067525,0.28645374118331524,0.4841068829504119,0.8150230813565115,0.604535012063872,0.38968679040055326,11.341018879116078,11.25792580847047,11.16053999179806,11.238074560637916
2038-01-07,0.6205695181522566,0.4545381862239615,0.46458609250675253,0.28645374118331135,0.4841068829504116,0.8150230813565126,0.6045350120638687,0.38968679040055093,11.341018879115756,11.25792580847014,11.160539991797743,11.238074560637589
2038-01-08,0.6205695181522528,0.4545381862239661,0.4645860925067524,0.2864537411833063,0.48410688295041415,0.8150230813565147,0.6045350120638668,0.38968679040054693,11.34101887911544,11.257925808469821,11.160539991797432,11.238074560637278
2038-01-11,0.6205695181522508,0.45453818622396724,0.4645860925067513,0.2864537411833035,0.48410688295041415,0.8150230813565132,0.6045350120638641,0.38968679040054427,11.341018879115136,11.2579258084695,11.160539991797124,11.23807456063696
2038-01-12,0.6205695181522475,0.45453818622396935,0.46458609250675037,0.2864537411833007,0.4841068829504154,0.8150230813565145,0.6045350120638608,0.3896867904005403,11.341018879114827,11.257925808469187,11.160539991796815,11.238074560636655
2038-01-13,0.6205695181522461,0.4545381862239705,0.4645860925067499,0.28645374118329786,0.48410688295041526,0.8150230813565156,0.6045350120638605,0.38968679040053783,11.341018879114515,11.257925808468878,11.16053999179651,11.238074560636342
2038-01-14,0.6205695181522435,0.4545381862239735,0.46458609250675004,0.28645374118329187,0.4841068829504163,0.8150230813565167,0.6045350120638563,0.38968679040053505,11.341018879114213,11.257925808468563,11.16053999179621,11.23807456063604
2038-01-15,0.6205695181522406,0.4545381862239749,0.4645860925067483,0.2864537411832881,0.4841068829504188,0.8150230813565176,0.6045350120638536,0.38968679040053383,11.341018879113916,11.257925808468258,11.160539991795915,11.238074560635738
2038-01-18,0.6205695181522383,0.4545381862239778,0.4645860925067504,0.28645374118328687,0.4841068829504176,0.815023081356517,0.6045350120638533,0.38968679040052995,11.341018879113614,11.257925808467956,11.160539991795615,11.238074560635438
2038-01-19,0.6205695181522368,0.45453818622397946,0.4645860925067482,0.2864537411832815,0.48410688295042004,0.8150230813565175,0.6045350120638497,0.38968679040052784,11.341018879113316,11.257925808467654,11.16053999179532,11.238074560635134
2038-01-20,0.6205695181522328,0.454538186223983,0.46458609250674815,0.28645374118327865,0.48410688295041954,0.8150230813565192,0.6045350120638464,0.38968679040052473,11.341018879113024,11.25792580846736,11.160539991795028,11.238074560634846
2038-01-21,0.6205695181522313,0.45453818622398506,0.46458609250674787,0.28645374118327543,0.4841068829504201,0.8150230813565195,0.6045350120638451,0.38968679040052134,11.341018879112736,11.257925808467062,11.160539991794744,11.238074560634553
2038-01-22,0.6205695181522283,0.4545381862239861,0.46458609250674615,0.28645374118327055,0.4841068829504209,0.8150230813565197,0.6045350120638402,0.3896867904005186,11.341018879112447,11.257925808466766,11.160539991794455,11.238074560634264
2038-01-25,0.6205695181522262,0.4545381862239888,0.46458609250674654,0.28645374118326744,0.48410688295042215,0.8150230813565205,0.604535012063839,0.3896867904005166,11.34101887911216,11.25792580846647,11.160539991794172,11.238074560633974
2038-01-26,0.620569518152223,0.45453818622399156,0.46458609250674665,0.2864537411832635,0.4841068829504226,0.815023081356521,0.6045350120638373,0.3896867904005134,11.341018879111882,11.257925808466185,11.160539991793888,11.238074560633699
2038-01-27,0.6205695181522222,0.45453818622399217,0.4645860925067456,0.28645374118326034,0.4841068829504231,0.8150230813565205,0.6045350120638349,0.3896867904005116,11.341018879111594,11.2579258084659,11.160539991793609,11.238074560633413
2038-01-28,0.6205695181522185,0.4545381862239956,0.464586092506748,0.28645374118325656,0.4841068829504245,0.8150230813565211,0.604535012063833,0.38968679040050747,11.341018879111319,11.257925808465616,11.160539991793328,11.238074560633132
2038-01-29,0.6205695181522177,0.4545381862239969,0.4645860925067446,0.2864537411832543,0.4841068829504257,0.8150230813565207,0.6045350120638286,0.3896867904005073,11.341018879111042,11.257925808465338,11.160539991793064,11.238074560632853
2038-02-01,0.6205695181522147,0.45453818622400044,0.46458609250674604,0.286453741183249,0.4841068829504246,0.8150230813565227,0.6045350120638274,0.38968679040050413,11.341018879110766,11.257925808465057,11.160539991792787,11.238074560632581
2038-02-02,0.6205695181522134,0.4545381862240004,0.46458609250674415,0.2864537411832462,0.48410688295042803,0.8150230813565228,0.6045350120638258,0.38968679040050086,11.341018879110498,11.257925808464785,11.160539991792525,11.23807456063231
2038-02-03,0.6205695181522123,0.454538186224002,0.464586092506744,0.28645374118324374,0.484106882950427,0.8150230813565222,0.6045350120638244,0.3896867904004971,11.341018879110232,11.257925808464512,11.160539991792255,11.238074560632041
2038-02-04,0.6205695181522071,0.4545381862240058,0.4645860925067439,0.28645374118323996,0.48410688295042803,0.815023081356524,0.6045350120638219,0.38968679040049575,11.341018879109964,11.257925808464236,11.160539991791987,11.238074560631775
2038-02-05,0.620569518152205,0.4545381862240072,0.4645860925067434,0.28645374118323763,0.48410688295042953,0.8150230813565232,0.6045350120638205,0.3896867904004943,11.341018879109704,11.257925808463972,11.160539991791731,11.238074560631508
2038-02-08,0.6205695181522055,0.45453818622400893,0.4645860925067432,0.2864537411832328,0.4841068829504309,0.8150230813565257,0.604535012063817,0.3896867904004907,11.341018879109443,11.2579258084637,11.160539991791472,11.238074560631244
2038-02-09,0.6205695181522031,0.45453818622401027,0.4645860925067423,0.2864537411832295,0.4841068829504316,0.8150230813565252,0.6045350120638149,0.3896867904004882,11.34101887910918,11.257925808463442,11.160539991791211,11.23807456063099
2038-02-10,0.6205695181522003,0.45453818622401193,0.46458609250674104,0.2864537411832264,0.48410688295043164,0.8150230813565251,0.6045350120638132,0.3896867904004854,11.341018879108924,11.25792580846318,11.16053999179096,11.23807456063073
2038-02-11,0.6205695181521973,0.4545381862240145,0.46458609250674227,0.2864537411832247,0.48410688295043125,0.8150230813565266,0.6045350120638113,0.3896867904004844,11.341018879108674,11.257925808462916,11.160539991790708,11.238074560630473
2038-02-12,0.6205695181521955,0.45453818622401587,0.46458609250674116,0.28645374118322053,0.4841068829504328,0.815023081356526,0.6045350120638093,0.3896867904004798,11.341018879108418,11.25792580846266,11.16053999179046,11.238074560630217
2038-02-15,0.620569518152195,0.454538186224019,0.46458609250674227,0.2864537411832176,0.48410688295043425,0.8150230813565269,0.6045350120638069,0.38968679040047877,11.341018879108168,11.257925808462403,11.160539991790207,11.238074560629968
2038-02-16,0.6205695181521897,0.4545381862240208,0.4645860925067392,0.28645374118321476,0.4841068829504338,0.8150230813565268,0.6045350120638048,0.38968679040047693,11.341018879107919,11.257925808462154,11.16053999178996,11.238074560629718
2038-02-17,0.6205695181521887,0.4545381862240221,0.46458609250673977,0.28645374118321104,0.4841068829504349,0.8150230813565271,0.6045350120638014,0.3896867904004732,11.341018879107676,11.257925808461906,11.160539991789717,11.23807456062947
2038-02-18,0.6205695181521866,0.4545381862240241,0.46458609250673977,0.2864537411832092,0.48410688295043536,0.8150230813565277,0.604535012063802,0.38968679040047033,11.341018879107434,11.257925808461655,11.160539991789472,11.238074560629233
2038-02-19,0.620569518152186,0.45453818622402464,0.46458609250673916,0.2864537411832053,0.4841068829504367,0.8150230813565293,0.6045350120637978,0.389686790400468,11.341018879107196,11.257925808461415,11.160539991789241,11.238074560628988
2038-02-22,0.6205695181521834,0.45453818622402675,0.46458609250673866,0.28645374118320316,0.48410688295043663,0.8150230813565307,0.6045350120637959,0.38968679040046755,11.341018879106953,11.257925808461167,11.160539991789001,11.238074560628748
2038-02-23,0.6205695181521798,0.454538186224029,0.46458609250673844,0.2864537411831999,0.484106882950437,0.8150230813565293,0.6045350120637958,0.3896867904004659,11.341018879106722,11.257925808460929,11.160539991788765,11.238074560628508
2038-02-24,0.6205695181521809,0.4545381862240316,0.4645860925067366,0.28645374118319666,0.4841068829504386,0.8150230813565305,0.6045350120637921,0.38968679040046067,11.341018879106478,11.257925808460685,11.160539991788532,11.23807456062827
2038-02-25,0.6205695181521783,0.4545381862240312,0.46458609250673755,0.2864537411831944,0.4841068829504389,0.8150230813565295,0.6045350120637898,0.38968679040046106,11.341018879106246,11.257925808460444,11.160539991788296,11.238074560628037
2038-02-26,0.6205695181521738,0.45453818622403486,0.46458609250673755,0.2864537411831908,0.484106882950439,0.8150230813565305,0.604535012063788,0.3896867904004579,11.34101887910602,11.257925808460215,11.16053999178807,11.23807456062781
2038-03-01,0.6205695181521753,0.4545381862240351,0.46458609250673716,0.2864537411831876,0.4841068829504397,0.8150230813565317,0.6045350120637861,0.38968679040045623,11.341018879105793,11.257925808459985,11.160539991787848,11.238074560627584
2038-03-02,0.6205695181521732,0.45453818622403674,0.46458609250673677,0.28645374118318667,0.4841068829504396,0.8150230813565325,0.6045350120637859,0.3896867904004538,11.341018879105562,11.257925808459746,11.16053999178762,11.238074560627352
2038-03-03,0.6205695181521691,0.4545381862240391,0.46458609250673766,0.2864537411831821,0.4841068829504416,0.8150230813565318,0.6045350120637829,0.3896867904004523,11.341018879105334,11.257925808459522,11.1605399917874,11.238074560627128
2038-03-04,0.6205695181521684,0.4545381862240405,0.4645860925067351,0.2864537411831813,0.484106882950443,0.815023081356533,0.6045350120637816,0.38968679040045057,11.341018879105118,11.257925808459296,11.160539991787177,11.2380745606269
2038-03-05,0.620569518152168,0.45453818622404174,0.4645860925067354,0.28645374118317724,0.4841068829504426,0.8150230813565342,0.6045350120637796,0.38968679040044646,11.341018879104896,11.257925808459069,11.160539991786955,11.23807456062668
2038-03-08,0.6205695181521638,0.4545381862240426,0.4645860925067354,0.2864537411831735,0.484106882950443,0.8150230813565329,0.6045350120637775,0.38968679040044446,11.341018879104679,11.25792580845885,11.16053999178674,11.238074560626462
2038-03-09,0.6205695181521627,0.45453818622404607,0.4645860925067356,0.28645374118317174,0.4841068829504449,0.815023081356533,0.6045350120637769,0.38968679040044363,11.341018879104462,11.257925808458628,11.16053999178652,11.238074560626245
2038-03-10,0.6205695181521618,0.45453818622404707,0.4645860925067344,0.28645374118316885,0.4841068829504433,0.8150230813565337,0.6045350120637741,0.3896867904004411,11.341018879104247,11.25792580845841,11.160539991786314,11.238074560626023
2038-03-11,0.6205695181521598,0.4545381862240496,0.46458609250673577,0.28645374118316536,0.4841068829504458,0.8150230813565345,0.604535012063773,0.38968679040044,11.341018879104032,11.257925808458191,11.160539991786106,11.238074560625815
2038-03-12,0.6205695181521573,0.4545381862240494,0.46458609250673233,0.28645374118316397,0.4841068829504437,0.8150230813565336,0.6045350120637701,0.389686790400438,11.341018879103824,11.257925808457978,11.160539991785889,11.238074560625599
2038-03-15,0.620569518152155,0.45453818622405245,0.46458609250673283,0.2864537411831625,0.48410688295044524,0.8150230813565346,0.6045350120637694,0.3896867904004358,11.341018879103613,11.257925808457761,11.160539991785685,11.238074560625392
2038-03-16,0.6205695181521536,0.45453818622405373,0.46458609250673344,0.28645374118315886,0.48410688295044524,0.8150230813565342,0.6045350120637679,0.3896867904004347,11.341018879103407,11.25792580845755,11.160539991785482,11.238074560625186
2038-03-17,0.6205695181521528,0.4545381862240552,0.46458609250673244,0.28645374118315575,0.48410688295044624,0.815023081356536,0.6045350120637657,0.38968679040043125,11.341018879103201,11.257925808457344,11.160539991785278,11.238074560624979
2038-03-18,0.6205695181521504,0.4545381862240573,0.46458609250673444,0.28645374118315353,0.48410688295044624,0.8150230813565342,0.6045350120637643,0.3896867904004304,11.341018879102997,11.257925808457136,11.160539991785075,11.238074560624776
2038-03-19,0.6205695181521493,0.4545381862240586,0.4645860925067332,0.28645374118315264,0.4841068829504488,0.8150230813565359,0.6045350120637617,0.38968679040042736,11.341018879102792,11.257925808456926,11.160539991784875,11.238074560624572
2038-03-22,0.6205695181521472,0.45453818622405995,0.4645860925067317,0.2864537411831503,0.4841068829504488,0.8150230813565382,0.6045350120637606,0.3896867904004249,11.3410188791026,11.25792580845673,11.160539991784677,11.238074560624371
2038-03-23,0.6205695181521477,0.45453818622405967,0.46458609250673194,0.28645374118314576,0.4841068829504497,0.8150230813565352,0.6045350120637578,0.38968679040042475,11.3410188791024,11.257925808456523,11.160539991784477,11.238074560624169
2038-03-24,0.6205695181521456,0.4545381862240613,0.4645860925067319,0.28645374118314454,0.484106882950451,0.8150230813565372,0.6045350120637575,0.3896867904004215,11.341018879102199,11.257925808456324,11.160539991784287,11.238074560623977
2038-03-25,0.6205695181521427,0.45453818622406417,0.4645860925067312,0.2864537411831419,0.48410688295044985,0.8150230813565387,0.604535012063756,0.3896867904004197,11.341018879102007,11.257925808456125,11.160539991784086,11.238074560623772
2038-03-26,0.6205695181521407,0.4545381862240644,0.46458609250673194,0.28645374118313915,0.48410688295045046,0.8150230813565398,0.6045350120637544,0.38968679040041804,11.34101887910181,11.257925808455925,11.160539991783894,11.238074560623586
2038-03-29,0.6205695181521405,0.4545381862240664,0.46458609250673044,0.286453741183136,0.4841068829504528,0.815023081356538,0.6045350120637522,0.38968679040041704,11.341018879101624,11.257925808455735,11.16053999178371,11.238074560623394
2038-03-30,0.6205695181521382,0.45453818622406694,0.46458609250673133,0.28645374118313427,0.4841068829504517,0.8150230813565386,0.6045350120637514,0.3896867904004146,11.341018879101432,11.257925808455536,11.160539991783516,11.238074560623202
2038-03-31,0.6205695181521373,0.45453818622406816,0.4645860925067282,0.2864537411831324,0.48410688295045334,0.8150230813565391,0.6045350120637497,0.38968679040041315,11.341018879101245,11.257925808455353,11.160539991783335,11.238074560623016
2038-04-01,0.6205695181521367,0.45453818622407083,0.46458609250672905,0.2864537411831304,0.48410688295045307,0.8150230813565379,0.6045350120637486,0.38968679040041126,11.34101887910106,11.257925808455157,11.16053999178315,11.238074560622822
2038-04-02,0.6205695181521327,0.45453818622407105,0.46458609250672983,0.28645374118312855,0.4841068829504539,0.8150230813565397,0.604535012063746,0.3896867904004095,11.34101887910087,11.25792580845497,11.160539991782963,11.238074560622634
2038-04-05,0.6205695181521327,0.45453818622407405,0.4645860925067303,0.28645374118312394,0.484106882950455,0.8150230813565401,0.6045350120637424,0.38968679040040816,11.341018879100691,11.257925808454782,11.16053999178278,11.238074560622458
2038-04-06,0.6205695181521312,0.45453818622407394,0.4645860925067292,0.2864537411831238,0.48410688295045423,0.8150230813565403,0.6045350120637447,0.3896867904004057,11.341018879100508,11.2579258084546,11.160539991782604,11.238074560622275
2038-04-07,0.6205695181521282,0.4545381862240765,0.4645860925067299,0.28645374118312117,0.48410688295045606,0.8150230813565419,0.604535012063742,0.38968679040040505,11.341018879100329,11.257925808454411,11.160539991782416,11.238074560622094
2038-04-08,0.6205695181521269,0.4545381862240768,0.4645860925067287,0.28645374118311756,0.4841068829504541,0.8150230813565398,0.6045350120637419,0.38968679040040366,11.34101887910015,11.257925808454228,11.16053999178224,11.238074560621907
2038-04-09,0.6205695181521264,0.45453818622407854,0.464586092506729,0.2864537411831165,0.48410688295045634,0.8150230813565417,0.6045350120637389,0.38968679040040244,11.341018879099973,11.257925808454052,11.160539991782072,11.238074560621742
2038-04-12,0.620569518152125,0.4545381862240807,0.464586092506728,0.2864537411831135,0.4841068829504556,0.8150230813565401,0.6045350120637389,0.38968679040039905,11.341018879099803,11.257925808453876,11.160539991781901,11.238074560621566
2038-04-13,0.6205695181521229,0.4545381862240818,0.4645860925067279,0.2864537411831121,0.48410688295045784,0.8150230813565418,0.6045350120637357,0.38968679040039705,11.341018879099625,11.2579258084537,11.160539991781727,11.238074560621392
2038-04-14,0.6205695181521209,0.454538186224082,0.4645860925067278,0.2864537411831106,0.484106882950458,0.8150230813565414,0.6045350120637348,0.3896867904003956,11.341018879099451,11.257925808453521,11.16053999178155,11.238074560621211
2038-04-15,0.620569518152121,0.4545381862240826,0.46458609250672706,0.2864537411831074,0.4841068829504576,0.8150230813565436,0.6045350120637345,0.389686790400395,11.341018879099286,11.257925808453347,11.160539991781379,11.238074560621047
2038-04-16,0.6205695181521194,0.4545381862240848,0.46458609250672467,0.2864537411831046,0.4841068829504583,0.8150230813565432,0.6045350120637323,0.38968679040039195,11.341018879099114,11.257925808453178,11.160539991781219,11.238074560620873
2038-04-19,0.6205695181521175,0.4545381862240866,0.46458609250672733,0.2864537411831044,0.4841068829504591,0.8150230813565453,0.6045350120637314,0.38968679040039134,11.341018879098954,11.257925808453006,11.160539991781047,11.238074560620706
2038-04-20,0.6205695181521158,0.45453818622408615,0.4645860925067251,0.2864537411831019,0.48410688295045845,0.8150230813565447,0.6045350120637295,0.38968679040038906,11.341018879098788,11.257925808452837,11.160539991780885,11.23807456062054
2038-04-21,0.6205695181521163,0.4545381862240889,0.4645860925067259,0.2864537411830996,0.48410688295046,0.8150230813565423,0.6045350120637273,0.38968679040038845,11.341018879098618,11.257925808452669,11.16053999178072,11.238074560620374
2038-04-22,0.6205695181521145,0.4545381862240895,0.4645860925067272,0.28645374118309663,0.4841068829504597,0.8150230813565433,0.6045350120637264,0.3896867904003887,11.341018879098456,11.257925808452503,11.160539991780562,11.238074560620213
2038-04-23,0.620569518152112,0.4545381862240912,0.46458609250672445,0.28645374118309513,0.48410688295046045,0.815023081356544,0.6045350120637243,0.3896867904003855,11.341018879098296,11.257925808452342,11.160539991780404,11.238074560620053
2038-04-26,0.6205695181521091,0.45453818622409214,0.4645860925067243,0.28645374118309475,0.48410688295046084,0.8150230813565447,0.6045350120637233,0.38968679040038245,11.341018879098135,11.257925808452173,11.160539991780244,11.238074560619888
2038-04-27,0.6205695181521108,0.45453818622409353,0.4645860925067276,0.28645374118309114,0.4841068829504611,0.8150230813565446,0.6045350120637236,0.3896867904003823,11.341018879097975,11.257925808452017,11.160539991780082,11.238074560619726
2038-04-28,0.6205695181521087,0.45453818622409436,0.4645860925067254,0.28645374118309036,0.4841068829504617,0.8150230813565454,0.6045350120637214,0.38968679040038073,11.341018879097817,11.257925808451853,11.160539991779926,11.238074560619568
2038-04-29,0.620569518152107,0.45453818622409503,0.464586092506725,0.28645374118308836,0.4841068829504632,0.8150230813565447,0.6045350120637201,0.3896867904003791,11.341018879097662,11.257925808451693,11.160539991779773,11.238074560619415
2038-04-30,0.6205695181521041,0.4545381862240965,0.46458609250672384,0.28645374118308803,0.4841068829504618,0.8150230813565477,0.6045350120637186,0.38968679040037707,11.341018879097508,11.257925808451533,11.160539991779618,11.238074560619259
2038-05-03,0.6205695181521034,0.45453818622409925,0.46458609250672434,0.28645374118308436,0.48410688295046256,0.8150230813565452,0.604535012063717,0.3896867904003774,11.341018879097348,11.257925808451379,11.160539991779466,11.2380745606191
2038-05-04,0.6205695181521022,0.4545381862241,0.4645860925067228,0.28645374118308253,0.48410688295046467,0.8150230813565477,0.6045350120637158,0.3896867904003742,11.341018879097197,11.257925808451224,11.160539991779316,11.238074560618948
2038-05-05,0.6205695181521018,0.4545381862240987,0.464586092506723,0.2864537411830814,0.4841068829504639,0.8150230813565478,0.6045350120637147,0.38968679040037235,11.34101887909705,11.257925808451073,11.16053999177916,11.238074560618795
2038-05-06,0.6205695181520992,0.4545381862241003,0.4645860925067244,0.2864537411830789,0.48410688295046467,0.8150230813565464,0.6045350120637137,0.3896867904003724,11.341018879096902,11.257925808450915,11.160539991779006,11.238074560618646
2038-05-07,0.6205695181520986,0.45453818622410225,0.464586092506722,0.28645374118307615,0.48410688295046483,0.8150230813565471,0.6045350120637114,0.38968679040037135,11.341018879096755,11.257925808450768,11.16053999177887,11.238074560618498
2038-05-10,0.6205695181520976,0.45453818622410325,0.4645860925067222,0.28645374118307454,0.48410688295046556,0.815023081356548,0.6045350120637113,0.3896867904003692,11.341018879096604,11.257925808450615,11.160539991778725,11.238074560618351
2038-05-11,0.6205695181520978,0.4545381862241049,0.4645860925067238,0.2864537411830728,0.4841068829504653,0.8150230813565476,0.6045350120637104,0.38968679040036913,11.341018879096458,11.257925808450475,11.160539991778581,11.238074560618207
2038-05-12,0.620569518152097,0.4545381862241047,0.46458609250672234,0.28645374118307204,0.4841068829504659,0.8150230813565471,0.6045350120637085,0.3896867904003682,11.341018879096312,11.257925808450327,11.16053999177844,11.238074560618063
2038-05-13,0.6205695181520952,0.4545381862241058,0.46458609250672195,0.28645374118306954,0.4841068829504663,0.8150230813565493,0.6045350120637082,0.38968679040036375,11.341018879096174,11.257925808450176,11.16053999177829,11.238074560617914
2038-05-14,0.6205695181520947,0.4545381862241078,0.46458609250672145,0.28645374118306766,0.4841068829504665,0.815023081356547,0.6045350120637074,0.3896867904003648,11.341018879096033,11.257925808450032,11.160539991778158,11.238074560617775
2038-05-17,0.6205695181520945,0.454538186224108,0.4645860925067209,0.28645374118306594,0.48410688295046705,0.8150230813565468,0.6045350120637044,0.38968679040036386,11.341018879095891,11.257925808449892,11.160539991778018,11.238074560617637
2038-05-18,0.620569518152092,0.45453818622410846,0.4645860925067227,0.28645374118306416,0.484106882950468,0.8150230813565496,0.6045350120637043,0.3896867904003623,11.341018879095753,11.25792580844975,11.160539991777881,11.238074560617497
2038-05-19,0.6205695181520887,0.4545381862241116,0.4645860925067213,0.28645374118306244,0.48410688295046883,0.8150230813565487,0.604535012063703,0.3896867904003608,11.341018879095614,11.25792580844961,11.160539991777743,11.238074560617358
2038-05-20,0.6205695181520887,0.4545381862241122,0.46458609250672067,0.28645374118306133,0.484106882950468,0.81502308135655,0.6045350120637024,0.3896867904003599,11.341018879095483,11.25792580844947,11.160539991777602,11.238074560617221
2038-05-21,0.6205695181520874,0.4545381862241138,0.46458609250672056,0.28645374118305816,0.48410688295046744,0.8150230813565498,0.6045350120637015,0.3896867904003565,11.34101887909534,11.257925808449329,11.160539991777474,11.238074560617084
2038-05-24,0.6205695181520855,0.4545381862241139,0.4645860925067205,0.28645374118305683,0.4841068829504682,0.8150230813565501,0.6045350120636988,0.38968679040035603,11.341018879095211,11.257925808449194,11.160539991777334,11.23807456061695
2038-05-25,0.6205695181520865,0.45453818622411535,0.46458609250672156,0.28645374118305633,0.4841068829504693,0.8150230813565497,0.6045350120636988,0.389686790400355,11.341018879095081,11.257925808449057,11.1605399917772,11.238074560616818
2038-05-26,0.620569518152086,0.454538186224114,0.4645860925067199,0.2864537411830544,0.4841068829504692,0.8150230813565508,0.6045350120636981,0.38968679040035353,11.341018879094944,11.257925808448924,11.160539991777073,11.238074560616685
2038-05-27,0.6205695181520837,0.454538186224117,0.46458609250671984,0.28645374118305283,0.4841068829504706,0.8150230813565503,0.6045350120636958,0.38968679040035176,11.341018879094811,11.257925808448796,11.160539991776941,11.238074560616555
2038-05-28,0.6205695181520836,0.45453818622411823,0.4645860925067205,0.28645374118304984,0.48410688295046983,0.8150230813565503,0.6045350120636949,0.38968679040035054,11.341018879094683,11.25792580844866,11.160539991776814,11.238074560616424
2038-05-31,0.6205695181520792,0.4545381862241177,0.4645860925067197,0.28645374118304984,0.48410688295047016,0.8150230813565518,0.6045350120636941,0.389686790400349,11.341018879094557,11.25792580844853,11.160539991776684,11.238074560616292
2038-06-01,0.6205695181520805,0.4545381862241189,0.4645860925067195,0.28645374118304784,0.48410688295047133,0.8150230813565501,0.6045350120636934,0.38968679040034876,11.341018879094428,11.2579258084484,11.160539991776558,11.238074560616168
2038-06-02,0.6205695181520796,0.45453818622412,0.46458609250672067,0.28645374118304506,0.4841068829504711,0.8150230813565503,0.6045350120636926,0.389686790400347,11.341018879094301,11.257925808448272,11.160539991776439,11.238074560616035
2038-06-03,0.6205695181520774,0.4545381862241215,0.46458609250671823,0.2864537411830445,0.48410688295047244,0.8150230813565523,0.6045350120636898,0.38968679040034776,11.34101887909418,11.257925808448148,11.160539991776318,11.23807456061592
2038-06-04,0.6205695181520776,0.4545381862241207,0.46458609250671906,0.2864537411830426,0.48410688295047255,0.8150230813565502,0.6045350120636898,0.38968679040034393,11.341018879094053,11.257925808448016,11.160539991776195,11.238074560615786
2038-06-07,0.6205695181520758,0.45453818622412323,0.4645860925067196,0.2864537411830415,0.48410688295047116,0.8150230813565505,0.604535012063689,0.389686790400344,11.341018879093934,11.257925808447892,11.160539991776066,11.238074560615665
2038-06-08,0.6205695181520737,0.4545381862241237,0.4645860925067194,0.2864537411830406,0.4841068829504729,0.8150230813565522,0.6045350120636881,0.3896867904003444,11.34101887909381,11.25792580844777,11.160539991775954,11.238074560615544
2038-06-09,0.6205695181520731,0.4545381862241248,0.46458609250671973,0.28645374118303907,0.4841068829504742,0.815023081356553,0.6045350120636876,0.3896867904003428,11.341018879093689,11.257925808447645,11.160539991775833,11.238074560615424
2038-06-10,0.6205695181520743,0.4545381862241258,0.4645860925067167,0.28645374118303724,0.484106882950474,0.815023081356553,0.6045350120636862,0.38968679040033866,11.341018879093568,11.257925808447524,11.16053999177571,11.238074560615303
2038-06-11,0.6205695181520734,0.4545381862241269,0.46458609250671823,0.28645374118303574,0.48410688295047366,0.8150230813565522,0.6045350120636857,0.38968679040033866,11.341018879093458,11.257925808447407,11.16053999177559,11.238074560615178
2038-06-14,0.6205695181520718,0.454538186224127,0.464586092506717,0.28645374118303396,0.48410688295047427,0.8150230813565511,0.6045350120636827,0.3896867904003394,11.341018879093335,11.257925808447283,11.160539991775472,11.238074560615063
2038-06-15,0.6205695181520694,0.4545381862241286,0.4645860925067182,0.28645374118303196,0.48410688295047377,0.8150230813565515,0.6045350120636848,0.38968679040033766,11.341018879093223,11.257925808447165,11.160539991775359,11.23807456061495
2038-06-16,0.6205695181520701,0.45453818622412834,0.46458609250671623,0.28645374118303185,0.48410688295047466,0.8150230813565545,0.6045350120636822,0.38968679040033577,11.341018879093106,11.25792580844705,11.160539991775247,11.238074560614828
2038-06-17,0.6205695181520683,0.45453818622413056,0.4645860925067168,0.28645374118302963,0.48410688295047544,0.8150230813565534,0.6045350120636803,0.38968679040033594,11.341018879092992,11.257925808446927,11.160539991775133,11.23807456061472
2038-06-18,0.6205695181520673,0.45453818622413134,0.4645860925067163,0.2864537411830285,0.48410688295047555,0.8150230813565535,0.6045350120636801,0.3896867904003346,11.341018879092877,11.257925808446812,11.160539991775021,11.238074560614605
2038-06-21,0.6205695181520648,0.45453818622413134,0.46458609250671756,0.2864537411830275,0.48410688295047477,0.8150230813565533,0.6045350120636799,0.3896867904003333,11.341018879092768,11.257925808446704,11.16053999177491,11.238074560614495
2038-06-22,0.6205695181520663,0.45453818622413156,0.46458609250671584,0.2864537411830248,0.48410688295047594,0.8150230813565538,0.6045350120636783,0.38968679040033255,11.341018879092655,11.25792580844659,11.160539991774801,11.238074560614375
2038-06-23,0.6205695181520642,0.45453818622413245,0.4645860925067192,0.2864537411830252,0.4841068829504771,0.8150230813565552,0.6045350120636774,0.3896867904003318,11.341018879092537,11.25792580844647,11.160539991774684,11.238074560614264
2038-06-24,0.6205695181520627,0.45453818622413544,0.46458609250671595,0.2864537411830241,0.48410688295047577,0.8150230813565549,0.6045350120636785,0.38968679040032933,11.341018879092434,11.257925808446364,11.16053999177458,11.23807456061416
2038-06-25,0.6205695181520633,0.45453818622413467,0.46458609250671634,0.28645374118302175,0.4841068829504774,0.8150230813565552,0.6045350120636749,0.3896867904003301,11.341018879092328,11.257925808446252,11.160539991774467,11.238074560614054
2038-06-28,0.6205695181520618,0.4545381862241359,0.4645860925067159,0.28645374118302114,0.4841068829504773,0.8150230813565551,0.6045350120636747,0.3896867904003273,11.341018879092218,11.257925808446144,11.160539991774362,11.238074560613946
2038-06-29,0.6205695181520606,0.45453818622413633,0.46458609250671584,0.28645374118301864,0.48410688295047777,0.815023081356555,0.6045350120636742,0.38968679040032833,11.341018879092113,11.257925808446036,11.160539991774257,11.238074560613837
2038-06-30,0.6205695181520607,0.45453818622413716,0.4645860925067159,0.2864537411830182,0.4841068829504775,0.8150230813565542,0.6045350120636725,0.389686790400327,11.341018879092005,11.257925808445927,11.160539991774153,11.23807456061373
2038-07-01,0.6205695181520601,0.4545381862241367,0.4645860925067147,0.2864537411830182,0.4841068829504781,0.8150230813565541,0.6045350120636725,0.38968679040032517,11.341018879091898,11.257925808445824,11.160539991774053,11.238074560613626
2038-07-02,0.6205695181520585,0.45453818622413955,0.46458609250671573,0.2864537411830137,0.4841068829504794,0.815023081356555,0.6045350120636708,0.3896867904003242,11.341018879091797,11.257925808445718,11.160539991773948,11.23807456061353
2038-07-05,0.6205695181520565,0.45453818622413994,0.4645860925067153,0.286453741183014,0.484106882950478,0.8150230813565547,0.6045350120636717,0.3896867904003222,11.341018879091695,11.25792580844561,11.160539991773847,11.238074560613418
2038-07-06,0.6205695181520556,0.454538186224141,0.4645860925067155,0.28645374118301237,0.48410688295047977,0.8150230813565557,0.6045350120636699,0.3896867904003222,11.341018879091598,11.257925808445505,11.16053999177375,11.238074560613317
2038-07-07,0.6205695181520556,0.45453818622414205,0.4645860925067151,0.2864537411830117,0.48410688295048077,0.8150230813565544,0.6045350120636688,0.38968679040032117,11.341018879091491,11.257925808445401,11.160539991773645,11.238074560613219
2038-07-08,0.6205695181520559,0.454538186224142,0.4645860925067165,0.28645374118301037,0.4841068829504803,0.8150230813565557,0.6045350120636678,0.3896867904003199,11.341018879091395,11.257925808445304,11.160539991773549,11.238074560613116
2038-07-09,0.620569518152055,0.4545381862241428,0.46458609250671473,0.2864537411830101,0.4841068829504801,0.8150230813565582,0.6045350120636678,0.3896867904003188,11.341018879091292,11.257925808445197,11.160539991773447,11.238074560613018
2038-07-12,0.6205695181520541,0.4545381862241432,0.46458609250671545,0.28645374118300765,0.48410688295048077,0.8150230813565574,0.6045350120636667,0.38968679040031784,11.341018879091195,11.2579258084451,11.16053999177335,11.238074560612915
2038-07-13,0.6205695181520546,0.45453818622414255,0.4645860925067137,0.2864537411830076,0.4841068829504803,0.8150230813565572,0.604535012063666,0.38968679040031756,11.341018879091099,11.257925808445005,11.160539991773254,11.238074560612821
2038-07-14,0.6205695181520503,0.45453818622414577,0.4645860925067149,0.28645374118300526,0.4841068829504793,0.8150230813565569,0.6045350120636646,0.3896867904003169,11.341018879091,11.257925808444906,11.16053999177315,11.238074560612716
2038-07-15,0.6205695181520505,0.454538186224145,0.4645860925067151,0.28645374118300515,0.48410688295047977,0.8150230813565582,0.6045350120636648,0.3896867904003152,11.3410188790909,11.257925808444808,11.160539991773062,11.238074560612624
2038-07-16,0.6205695181520519,0.45453818622414643,0.4645860925067133,0.2864537411830026,0.4841068829504813,0.8150230813565573,0.6045350120636637,0.38968679040031445,11.341018879090813,11.25792580844471,11.16053999177297,11.238074560612533
2038-07-19,0.62056951815205,0.45453818622414777,0.46458609250671523,0.2864537411830009,0.48410688295048165,0.8150230813565564,0.6045350120636623,0.38968679040031406,11.341018879090715,11.257925808444611,11.160539991772874,11.238074560612436
2038-07-20,0.6205695181520485,0.4545381862241474,0.46458609250671423,0.28645374118300054,0.484106882950482,0.8150230813565588,0.6045350120636617,0.3896867904003133,11.341018879090619,11.257925808444519,11.160539991772783,11.238074560612349
2038-07-21,0.6205695181520472,0.4545381862241483,0.46458609250671434,0.28645374118300104,0.4841068829504812,0.8150230813565582,0.6045350120636611,0.3896867904003121,11.341018879090532,11.257925808444423,11.160539991772689,11.23807456061225
2038-07-22,0.620569518152047,0.4545381862241495,0.46458609250671257,0.2864537411829991,0.48410688295048265,0.8150230813565588,0.6045350120636596,0.3896867904003117,11.341018879090443,11.257925808444332,11.160539991772598,11.238074560612157
2038-07-23,0.6205695181520472,0.4545381862241502,0.4645860925067148,0.2864537411829982,0.48410688295048254,0.8150230813565598,0.6045350120636604,0.3896867904003118,11.341018879090347,11.257925808444234,11.160539991772506,11.238074560612066
2038-07-26,0.6205695181520468,0.45453818622415026,0.4645860925067149,0.286453741182995,0.48410688295048365,0.8150230813565583,0.6045350120636581,0.38968679040031035,11.34101887909026,11.257925808444151,11.160539991772417,11.238074560611977
2038-07-27,0.6205695181520431,0.4545381862241512,0.46458609250671484,0.28645374118299416,0.4841068829504822,0.8150230813565577,0.6045350120636575,0.3896867904003097,11.34101887909017,11.257925808444055,11.160539991772332,11.23807456061189
2038-07-28,0.6205695181520432,0.45453818622415204,0.46458609250671257,0.2864537411829936,0.4841068829504831,0.815023081356558,0.6045350120636566,0.38968679040030757,11.341018879090084,11.257925808443964,11.160539991772243,11.238074560611798
2038-07-29,0.6205695181520439,0.4545381862241529,0.4645860925067122,0.28645374118299244,0.4841068829504833,0.8150230813565583,0.6045350120636578,0.38968679040030646,11.341018879089994,11.25792580844388,11.160539991772152,11.238074560611715
2038-07-30,0.6205695181520445,0.45453818622415254,0.4645860925067121,0.2864537411829918,0.4841068829504832,0.8150230813565607,0.6045350120636543,0.38968679040030624,11.341018879089908,11.257925808443789,11.160539991772069,11.238074560611624
2038-08-02,0.6205695181520409,0.4545381862241543,0.46458609250671185,0.2864537411829919,0.4841068829504837,0.8150230813565585,0.6045350120636561,0.38968679040030524,11.341018879089821,11.257925808443701,11.16053999177199,11.238074560611535
2038-08-03,0.6205695181520412,0.454538186224155,0.46458609250671073,0.2864537411829902,0.48410688295048465,0.8150230813565597,0.6045350120636557,0.38968679040030424,11.341018879089741,11.257925808443616,11.160539991771902,11.238074560611452
2038-08-04,0.6205695181520412,0.4545381862241532,0.46458609250671234,0.2864537411829904,0.4841068829504846,0.81502308135656,0.604535012063654,0.389686790400304,11.34101887908965,11.25792580844353,11.160539991771817,11.238074560611365
2038-08-05,0.6205695181520389,0.4545381862241571,0.4645860925067124,0.286453741182988,0.484106882950485,0.815023081356559,0.6045350120636543,0.3896867904003019,11.34101887908957,11.25792580844344,11.160539991771735,11.238074560611285
2038-08-06,0.620569518152039,0.4545381862241561,0.46458609250671135,0.2864537411829871,0.4841068829504861,0.8150230813565598,0.6045350120636523,0.3896867904003018,11.341018879089487,11.257925808443357,11.160539991771651,11.238074560611201
2038-08-09,0.6205695181520385,0.4545381862241571,0.4645860925067125,0.2864537411829857,0.48410688295048576,0.8150230813565595,0.6045350120636518,0.3896867904003016,11.341018879089404,11.257925808443273,11.160539991771579,11.238074560611114
2038-08-10,0.6205695181520379,0.4545381862241571,0.4645860925067121,0.2864537411829848,0.48410688295048687,0.815023081356558,0.6045350120636496,0.38968679040030024,11.341018879089326,11.257925808443193,11.160539991771492,11.238074560611034
2038-08-11,0.6205695181520379,0.4545381862241583,0.46458609250671157,0.28645374118298467,0.48410688295048543,0.8150230813565612,0.6045350120636501,0.3896867904002996,11.34101887908924,11.257925808443106,11.160539991771408,11.238074560610952
2038-08-12,0.6205695181520352,0.45453818622415787,0.46458609250671223,0.2864537411829833,0.4841068829504864,0.8150230813565612,0.6045350120636493,0.3896867904002976,11.341018879089155,11.257925808443025,11.160539991771328,11.238074560610874
2038-08-13,0.6205695181520363,0.45453818622415815,0.46458609250671207,0.2864537411829824,0.48410688295048554,0.8150230813565607,0.604535012063649,0.38968679040029763,11.341018879089082,11.25792580844295,11.160539991771252,11.238074560610794
2038-08-16,0.6205695181520348,0.45453818622415953,0.46458609250671107,0.28645374118298156,0.4841068829504859,0.8150230813565614,0.6045350120636479,0.38968679040029786,11.341018879089003,11.257925808442872,11.160539991771174,11.238074560610718
2038-08-17,0.6205695181520345,0.45453818622415965,0.46458609250671146,0.28645374118298056,0.4841068829504861,0.8150230813565602,0.6045350120636468,0.38968679040029613,11.341018879088924,11.257925808442787,11.160539991771097,11.238074560610636
2038-08-18,0.6205695181520354,0.45453818622416103,0.4645860925067113,0.2864537411829784,0.48410688295048643,0.8150230813565608,0.6045350120636476,0.3896867904002966,11.341018879088844,11.257925808442707,11.160539991771016,11.23807456061056
2038-08-19,0.6205695181520332,0.4545381862241613,0.46458609250671085,0.28645374118297773,0.4841068829504871,0.815023081356562,0.6045350120636468,0.3896867904002956,11.34101887908877,11.257925808442629,11.160539991770943,11.238074560610482
2038-08-20,0.620569518152033,0.45453818622416176,0.46458609250670974,0.28645374118297756,0.4841068829504866,0.8150230813565615,0.6045350120636459,0.3896867904002944,11.341018879088692,11.25792580844255,11.16053999177087,11.238074560610404
2038-08-23,0.6205695181520337,0.4545381862241622,0.4645860925067094,0.28645374118297734,0.48410688295048765,0.8150230813565621,0.6045350120636451,0.3896867904002936,11.341018879088617,11.257925808442476,11.160539991770792,11.238074560610327
2038-08-24,0.6205695181520312,0.454538186224163,0.4645860925067114,0.2864537411829748,0.4841068829504884,0.8150230813565605,0.604535012063644,0.389686790400293,11.34101887908854,11.257925808442398,11.160539991770715,11.238074560610254
2038-08-25,0.6205695181520319,0.4545381862241632,0.46458609250671035,0.2864537411829749,0.48410688295048687,0.8150230813565609,0.6045350120636445,0.38968679040029347,11.341018879088473,11.257925808442325,11.16053999177064,11.23807456061018
2038-08-26,0.6205695181520303,0.4545381862241642,0.4645860925067108,0.2864537411829728,0.48410688295048865,0.8150230813565617,0.6045350120636426,0.3896867904002936,11.341018879088391,11.257925808442248,11.16053999177057,11.23807456061011
2038-08-27,0.6205695181520299,0.45453818622416553,0.4645860925067097,0.2864537411829723,0.4841068829504882,0.815023081356562,0.6045350120636426,0.38968679040029114,11.341018879088324,11.257925808442174,11.1605399917705,11.23807456061004
2038-08-30,0.620569518152029,0.454538186224164,0.4645860925067104,0.2864537411829715,0.484106882950488,0.8150230813565618,0.6045350120636419,0.3896867904002906,11.341018879088253,11.257925808442106,11.160539991770431,11.238074560609963
2038-08-31,0.6205695181520285,0.45453818622416575,0.4645860925067105,0.286453741182971,0.48410688295048876,0.8150230813565629,0.604535012063642,0.38968679040028986,11.34101887908818,11.257925808442028,11.160539991770355,11.238074560609887
2038-09-01,0.6205695181520283,0.4545381862241666,0.46458609250671123,0.2864537411829698,0.4841068829504881,0.8150230813565617,0.6045350120636418,0.38968679040028864,11.341018879088107,11.257925808441954,11.160539991770285,11.238074560609816
2038-09-02,0.6205695181520281,0.4545381862241669,0.4645860925067099,0.286453741182968,0.48410688295048876,0.8150230813565622,0.6045350120636402,0.3896867904002867,11.341018879088042,11.257925808441883,11.160539991770216,11.238074560609753
2038-09-03,0.6205695181520253,0.45453818622416714,0.46458609250671073,0.28645374118296846,0.4841068829504903,0.8150230813565629,0.6045350120636399,0.38968679040028825,11.341018879087967,11.257925808441815,11.16053999177014,11.238074560609679
2038-09-06,0.6205695181520259,0.4545381862241685,0.4645860925067095,0.28645374118296674,0.48410688295048854,0.8150230813565617,0.604535012063639,0.3896867904002875,11.341018879087901,11.257925808441744,11.160539991770078,11.238074560609613
2038-09-07,0.6205695181520261,0.45453818622416864,0.4645860925067094,0.2864537411829674,0.4841068829504906,0.815023081356563,0.6045350120636395,0.3896867904002868,11.341018879087835,11.257925808441676,11.16053999177001,11.238074560609542
2038-09-08,0.6205695181520259,0.4545381862241689,0.4645860925067096,0.2864537411829666,0.4841068829504904,0.8150230813565633,0.6045350120636379,0.3896867904002859,11.34101887908777,11.25792580844161,11.160539991769946,11.238074560609476
2038-09-09,0.6205695181520235,0.45453818622417014,0.4645860925067105,0.28645374118296474,0.4841068829504904,0.8150230813565631,0.6045350120636364,0.3896867904002843,11.341018879087693,11.257925808441534,11.160539991769879,11.238074560609407
2038-09-10,0.6205695181520239,0.45453818622416947,0.4645860925067082,0.2864537411829639,0.48410688295049065,0.8150230813565619,0.6045350120636375,0.3896867904002845,11.341018879087633,11.257925808441467,11.160539991769815,11.23807456060934
2038-09-13,0.6205695181520248,0.45453818622416925,0.46458609250670935,0.2864537411829641,0.48410688295049203,0.8150230813565639,0.6045350120636359,0.3896867904002844,11.34101887908757,11.2579258084414,11.160539991769749,11.238074560609272
2038-09-14,0.6205695181520232,0.4545381862241704,0.46458609250670896,0.28645374118296196,0.4841068829504896,0.8150230813565623,0.6045350120636356,0.3896867904002834,11.3410188790875,11.257925808441335,11.16053999176968,11.238074560609208
2038-09-15,0.6205695181520221,0.45453818622417064,0.4645860925067078,0.28645374118296235,0.48410688295049,0.815023081356563,0.604535012063635,0.3896867904002813,11.341018879087438,11.257925808441268,11.160539991769612,11.238074560609144
2038-09-16,0.6205695181520223,0.45453818622417214,0.46458609250670807,0.28645374118296113,0.4841068829504914,0.8150230813565634,0.6045350120636342,0.3896867904002827,11.341018879087372,11.257925808441207,11.160539991769555,11.238074560609082
2038-09-17,0.6205695181520223,0.4545381862241715,0.4645860925067087,0.28645374118296,0.48410688295049104,0.8150230813565634,0.6045350120636346,0.38968679040028165,11.341018879087308,11.257925808441138,11.160539991769493,11.238074560609016
2038-09-20,0.6205695181520217,0.4545381862241734,0.46458609250670807,0.2864537411829598,0.48410688295049104,0.8150230813565631,0.6045350120636347,0.38968679040028187,11.341018879087242,11.257925808441074,11.160539991769427,11.238074560608949
2038-09-21,0.620569518152021,0.4545381862241731,0.4645860925067078,0.28645374118295913,0.48410688295049076,0.8150230813565639,0.6045350120636337,0.38968679040028026,11.341018879087184,11.25792580844101,11.160539991769367,11.23807456060889
2038-09-22,0.6205695181520193,0.4545381862241735,0.4645860925067083,0.2864537411829579,0.48410688295049054,0.8150230813565644,0.6045350120636316,0.38968679040027987,11.341018879087125,11.257925808440948,11.160539991769307,11.238074560608828
2038-09-23,0.6205695181520205,0.4545381862241743,0.4645860925067089,0.28645374118295736,0.48410688295049237,0.815023081356564,0.6045350120636334,0.3896867904002789,11.341018879087061,11.257925808440888,11.160539991769243,11.238074560608764
2038-09-24,0.62056951815202,0.4545381862241741,0.46458609250670824,0.2864537411829559,0.48410688295049253,0.8150230813565638,0.6045350120636316,0.38968679040027865,11.341018879087,11.257925808440827,11.16053999176918,11.2380745606087
2038-09-27,0.6205695181520186,0.4545381862241751,0.4645860925067066,0.2864537411829561,0.484106882950492,0.8150230813565659,0.604535012063632,0.3896867904002765,11.341018879086942,11.257925808440767,11.160539991769125,11.238074560608645
2038-09-28,0.6205695181520183,0.45453818622417486,0.4645860925067085,0.2864537411829526,0.4841068829504908,0.8150230813565638,0.6045350120636299,0.38968679040027815,11.341018879086882,11.257925808440705,11.160539991769063,11.238074560608585
2038-09-29,0.6205695181520178,0.4545381862241776,0.4645860925067092,0.2864537411829535,0.484106882950493,0.8150230813565643,0.6045350120636311,0.38968679040027737,11.341018879086823,11.257925808440639,11.160539991769005,11.238074560608524
2038-09-30,0.6205695181520172,0.45453818622417486,0.4645860925067069,0.2864537411829532,0.48410688295049265,0.815023081356564,0.6045350120636299,0.38968679040027604,11.341018879086763,11.257925808440586,11.160539991768944,11.238074560608467
2038-10-01,0.6205695181520169,0.45453818622417563,0.4645860925067081,0.2864537411829527,0.48410688295049287,0.8150230813565648,0.6045350120636301,0.38968679040027565,11.341018879086706,11.257925808440524,11.160539991768891,11.238074560608405
2038-10-04,0.6205695181520158,0.4545381862241772,0.46458609250670746,0.28645374118295247,0.4841068829504929,0.8150230813565654,0.6045350120636287,0.38968679040027604,11.341018879086649,11.257925808440467,11.160539991768836,11.238074560608352
2038-10-05,0.6205695181520157,0.45453818622417697,0.4645860925067077,0.28645374118295003,0.48410688295049287,0.8150230813565646,0.6045350120636298,0.3896867904002767,11.341018879086592,11.257925808440403,11.160539991768776,11.23807456060829
2038-10-06,0.6205695181520179,0.4545381862241773,0.46458609250670835,0.28645374118295003,0.4841068829504934,0.8150230813565654,0.6045350120636283,0.3896867904002739,11.341018879086533,11.257925808440351,11.16053999176872,11.238074560608235
2038-10-07,0.6205695181520154,0.4545381862241783,0.4645860925067077,0.2864537411829493,0.4841068829504931,0.815023081356566,0.6045350120636295,0.3896867904002726,11.341018879086478,11.257925808440296,11.160539991768662,11.238074560608174
2038-10-08,0.6205695181520146,0.4545381862241789,0.4645860925067073,0.28645374118294803,0.484106882950494,0.8150230813565658,0.6045350120636287,0.3896867904002729,11.341018879086423,11.257925808440236,11.16053999176861,11.238074560608126
2038-10-11,0.6205695181520146,0.45453818622417896,0.46458609250670846,0.2864537411829479,0.48410688295049364,0.8150230813565646,0.6045350120636264,0.3896867904002728,11.341018879086365,11.25792580844018,11.16053999176855,11.238074560608066
2038-10-12,0.6205695181520134,0.4545381862241781,0.4645860925067062,0.28645374118294825,0.48410688295049426,0.8150230813565651,0.6045350120636255,0.3896867904002724,11.341018879086315,11.257925808440126,11.160539991768502,11.23807456060802
2038-10-13,0.6205695181520122,0.4545381862241808,0.464586092506707,0.28645374118294664,0.48410688295049387,0.8150230813565658,0.604535012063625,0.3896867904002723,11.34101887908626,11.25792580844007,11.160539991768438,11.238074560607961
2038-10-14,0.6205695181520113,0.4545381862241806,0.46458609250670735,0.28645374118294614,0.48410688295049326,0.8150230813565649,0.6045350120636254,0.3896867904002701,11.341018879086205,11.257925808440014,11.160539991768388,11.238074560607897
2038-10-15,0.6205695181520124,0.45453818622418035,0.46458609250670546,0.28645374118294503,0.4841068829504943,0.8150230813565661,0.6045350120636249,0.3896867904002707,11.34101887908615,11.25792580843996,11.160539991768339,11.238074560607847
2038-10-18,0.6205695181520111,0.45453818622418,0.4645860925067062,0.2864537411829447,0.4841068829504945,0.8150230813565646,0.6045350120636248,0.38968679040027066,11.341018879086104,11.257925808439905,11.16053999176829,11.238074560607798
2038-10-19,0.6205695181520118,0.45453818622418235,0.46458609250670724,0.2864537411829439,0.48410688295049464,0.8150230813565671,0.6045350120636243,0.3896867904002686,11.341018879086048,11.257925808439854,11.160539991768236,11.238074560607751
2038-10-20,0.6205695181520114,0.4545381862241813,0.46458609250670685,0.2864537411829438,0.4841068829504934,0.8150230813565646,0.6045350120636231,0.38968679040026893,11.341018879085992,11.257925808439799,11.160539991768182,11.238074560607686
2038-10-21,0.6205695181520114,0.4545381862241822,0.4645860925067072,0.2864537411829419,0.4841068829504953,0.8150230813565655,0.6045350120636237,0.3896867904002694,11.341018879085942,11.257925808439746,11.160539991768134,11.238074560607643
2038-10-22,0.6205695181520094,0.45453818622418374,0.46458609250670635,0.28645374118294165,0.4841068829504951,0.8150230813565659,0.604535012063623,0.3896867904002687,11.341018879085894,11.257925808439696,11.160539991768085,11.238074560607592
2038-10-25,0.6205695181520098,0.4545381862241833,0.4645860925067054,0.28645374118294087,0.48410688295049553,0.815023081356565,0.6045350120636227,0.3896867904002674,11.34101887908584,11.257925808439644,11.160539991768031,11.238074560607538
2038-10-26,0.6205695181520074,0.4545381862241842,0.46458609250670585,0.2864537411829404,0.48410688295049503,0.8150230813565665,0.604535012063622,0.38968679040026616,11.34101887908579,11.257925808439595,11.160539991767983,11.238074560607492
2038-10-27,0.6205695181520078,0.4545381862241842,0.4645860925067067,0.2864537411829418,0.4841068829504975,0.8150230813565658,0.6045350120636214,0.38968679040026705,11.341018879085741,11.257925808439541,11.16053999176793,11.238074560607439
2038-10-28,0.6205695181520092,0.4545381862241836,0.4645860925067071,0.2864537411829388,0.4841068829504956,0.8150230813565674,0.604535012063622,0.38968679040026494,11.34101887908569,11.257925808439493,11.160539991767886,11.238074560607393
2038-10-29,0.6205695181520081,0.4545381862241846,0.4645860925067063,0.2864537411829391,0.4841068829504973,0.8150230813565661,0.6045350120636206,0.38968679040026627,11.341018879085647,11.257925808439442,11.16053999176784,11.238074560607343
2038-11-01,0.6205695181520071,0.45453818622418385,0.4645860925067072,0.28645374118293876,0.4841068829504966,0.8150230813565664,0.6045350120636198,0.38968679040026527,11.341018879085595,11.257925808439392,11.16053999176779,11.238074560607291
2038-11-02,0.620569518152007,0.4545381862241846,0.4645860925067064,0.2864537411829376,0.48410688295049503,0.8150230813565668,0.6045350120636196,0.38968679040026527,11.341018879085548,11.257925808439348,11.160539991767743,11.238074560607249
2038-11-03,0.6205695181520062,0.4545381862241857,0.46458609250670674,0.28645374118293726,0.4841068829504959,0.8150230813565665,0.6045350120636188,0.3896867904002647,11.341018879085501,11.257925808439298,11.160539991767694,11.238074560607197
2038-11-04,0.6205695181520072,0.4545381862241854,0.46458609250670524,0.2864537411829369,0.4841068829504949,0.815023081356567,0.6045350120636197,0.3896867904002642,11.341018879085453,11.257925808439248,11.160539991767651,11.238074560607146
2038-11-05,0.6205695181520079,0.4545381862241848,0.4645860925067056,0.2864537411829362,0.48410688295049553,0.815023081356566,0.6045350120636189,0.38968679040026316,11.341018879085407,11.257925808439204,11.160539991767603,11.238074560607101
2038-11-08,0.6205695181520043,0.4545381862241866,0.4645860925067056,0.286453741182936,0.4841068829504959,0.8150230813565662,0.6045350120636185,0.38968679040026266,11.341018879085365,11.257925808439156,11.160539991767559,11.238074560607053
2038-11-09,0.6205695181520063,0.45453818622418624,0.4645860925067059,0.2864537411829349,0.4841068829504963,0.8150230813565676,0.6045350120636185,0.3896867904002628,11.34101887908532,11.257925808439108,11.16053999176751,11.238074560607016
2038-11-10,0.6205695181520055,0.45453818622418657,0.46458609250670657,0.286453741182934,0.4841068829504962,0.8150230813565679,0.6045350120636165,0.38968679040026316,11.34101887908527,11.257925808439062,11.160539991767465,11.238074560606966
2038-11-11,0.6205695181520057,0.4545381862241869,0.46458609250670363,0.2864537411829342,0.48410688295049686,0.815023081356567,0.6045350120636169,0.3896867904002617,11.341018879085228,11.257925808439017,11.160539991767424,11.23807456060692
2038-11-12,0.6205695181520052,0.45453818622418823,0.4645860925067079,0.2864537411829321,0.48410688295049636,0.8150230813565676,0.6045350120636174,0.3896867904002613,11.34101887908518,11.257925808438973,11.160539991767378,11.238074560606877
2038-11-15,0.6205695181520043,0.4545381862241882,0.46458609250670585,0.2864537411829323,0.48410688295049725,0.8150230813565675,0.6045350120636162,0.38968679040026155,11.341018879085139,11.25792580843893,11.160539991767335,11.238074560606833
2038-11-16,0.6205695181520043,0.45453818622418746,0.46458609250670574,0.28645374118293176,0.4841068829504973,0.8150230813565671,0.6045350120636178,0.3896867904002619,11.341018879085095,11.257925808438886,11.160539991767289,11.23807456060679
2038-11-17,0.620569518152003,0.4545381862241881,0.4645860925067049,0.28645374118293193,0.4841068829504976,0.8150230813565683,0.6045350120636155,0.3896867904002607,11.341018879085055,11.25792580843884,11.16053999176725,11.23807456060675
2038-11-18,0.620569518152003,0.45453818622418746,0.46458609250670624,0.28645374118293143,0.4841068829504972,0.8150230813565668,0.6045350120636154,0.38968679040026094,11.34101887908501,11.257925808438799,11.160539991767203,11.238074560606702
2038-11-19,0.620569518152003,0.45453818622418846,0.46458609250670446,0.2864537411829303,0.4841068829504974,0.8150230813565665,0.6045350120636149,0.3896867904002583,11.34101887908497,11.257925808438754,11.160539991767168,11.238074560606663
2038-11-22,0.6205695181520019,0.4545381862241896,0.46458609250670446,0.2864537411829302,0.48410688295049753,0.8150230813565671,0.6045350120636147,0.38968679040025894,11.341018879084928,11.25792580843871,11.160539991767122,11.238074560606618
2038-11-23,0.620569518152001,0.45453818622418907,0.46458609250670513,0.2864537411829312,0.484106882950497,0.8150230813565689,0.604535012063614,0.3896867904002585,11.341018879084885,11.257925808438667,11.160539991767084,11.238074560606577
2038-11-24,0.620569518152001,0.4545381862241901,0.46458609250670546,0.2864537411829291,0.4841068829504984,0.8150230813565662,0.6045350120636144,0.3896867904002594,11.341018879084842,11.25792580843862,11.16053999176704,11.238074560606535
2038-11-25,0.6205695181520011,0.45453818622419123,0.46458609250670735,0.28645374118292877,0.4841068829504994,0.815023081356568,0.6045350120636132,0.38968679040025755,11.341018879084805,11.257925808438586,11.160539991767001,11.238074560606494
2038-11-26,0.6205695181520003,0.4545381862241919,0.46458609250670396,0.286453741182928,0.48410688295049764,0.8150230813565668,0.6045350120636148,0.38968679040025794,11.341018879084764,11.25792580843854,11.160539991766958,11.238074560606455
2038-11-29,0.6205695181520012,0.4545381862241912,0.4645860925067047,0.2864537411829282,0.4841068829504978,0.8150230813565685,0.6045350120636135,0.3896867904002575,11.341018879084725,11.2579258084385,11.160539991766925,11.238074560606414
2038-11-30,0.6205695181520001,0.4545381862241904,0.46458609250670413,0.28645374118292677,0.48410688295049825,0.8150230813565664,0.6045350120636127,0.3896867904002567,11.34101887908468,11.25792580843846,11.160539991766877,11.238074560606373
2038-12-01,0.6205695181519987,0.4545381862241935,0.4645860925067043,0.2864537411829263,0.48410688295049914,0.8150230813565664,0.6045350120636132,0.38968679040025533,11.341018879084642,11.25792580843842,11.160539991766841,11.238074560606329
2038-12-02,0.620569518151999,0.4545381862241914,0.46458609250670424,0.28645374118292655,0.4841068829504989,0.8150230813565683,0.6045350120636122,0.38968679040025683,11.341018879084604,11.257925808438385,11.1605399917668,11.238074560606295
2038-12-03,0.6205695181519986,0.4545381862241935,0.4645860925067049,0.286453741182925,0.4841068829504984,0.8150230813565683,0.6045350120636112,0.389686790400255,11.341018879084562,11.257925808438342,11.160539991766761,11.238074560606254
2038-12-06,0.6205695181520006,0.4545381862241925,0.4645860925067038,0.28645374118292527,0.4841068829504979,0.8150230813565688,0.6045350120636113,0.38968679040025583,11.341018879084524,11.257925808438298,11.160539991766722,11.238074560606215
2038-12-07,0.6205695181519971,0.4545381862241936,0.46458609250670374,0.2864537411829255,0.4841068829504991,0.81502308135657,0.6045350120636109,0.3896867904002545,11.341018879084487,11.257925808438264,11.160539991766688,11.238074560606176
2038-12-08,0.6205695181519961,0.4545381862241934,0.464586092506705,0.2864537411829253,0.4841068829504985,0.8150230813565684,0.6045350120636115,0.38968679040025495,11.34101887908445,11.25792580843822,11.160539991766653,11.238074560606139
2038-12-09,0.6205695181519982,0.45453818622419395,0.4645860925067047,0.286453741182924,0.48410688295049953,0.815023081356568,0.6045350120636115,0.38968679040025395,11.34101887908441,11.257925808438182,11.16053999176661,11.238074560606101
2038-12-10,0.6205695181519967,0.45453818622419384,0.46458609250670346,0.28645374118292355,0.4841068829504992,0.815023081356568,0.6045350120636098,0.38968679040025367,11.341018879084375,11.257925808438149,11.160539991766575,11.23807456060607
2038-12-13,0.6205695181519963,0.4545381862241935,0.4645860925067032,0.2864537411829234,0.484106882950499,0.8150230813565694,0.6045350120636108,0.3896867904002523,11.341018879084341,11.257925808438111,11.160539991766539,11.238074560606032
2038-12-14,0.620569518151995,0.4545381862241953,0.46458609250670435,0.286453741182922,0.484106882950501,0.8150230813565689,0.6045350120636085,0.3896867904002537,11.3410188790843,11.25792580843807,11.160539991766502,11.238074560605996
2038-12-15,0.620569518151998,0.45453818622419406,0.4645860925067042,0.2864537411829227,0.4841068829505005,0.8150230813565691,0.6045350120636089,0.3896867904002535,11.341018879084265,11.25792580843803,11.160539991766464,11.238074560605954
2038-12-16,0.6205695181519957,0.4545381862241957,0.4645860925067045,0.2864537411829219,0.4841068829505001,0.8150230813565698,0.6045350120636085,0.3896867904002515,11.34101887908423,11.257925808438001,11.160539991766433,11.23807456060592
2038-12-17,0.6205695181519956,0.4545381862241953,0.46458609250670446,0.28645374118291933,0.4841068829505008,0.8150230813565694,0.6045350120636085,0.3896867904002527,11.341018879084192,11.257925808437967,11.160539991766395,11.238074560605883
2038-12-20,0.6205695181519953,0.4545381862241965,0.46458609250670524,0.28645374118292044,0.4841068829504991,0.8150230813565689,0.6045350120636077,0.3896867904002515,11.341018879084157,11.25792580843793,11.16053999176636,11.238074560605849
2038-12-21,0.6205695181519946,0.45453818622419495,0.46458609250670346,0.28645374118292094,0.48410688295050086,0.8150230813565694,0.6045350120636075,0.38968679040025195,11.341018879084123,11.257925808437891,11.160539991766324,11.238074560605815
2038-12-22,0.6205695181519955,0.45453818622419473,0.46458609250670446,0.28645374118291955,0.4841068829505007,0.8150230813565685,0.6045350120636058,0.38968679040025184,11.341018879084082,11.257925808437854,11.160539991766287,11.238074560605778
2038-12-23,0.6205695181519939,0.454538186224196,0.4645860925067042,0.286453741182921,0.4841068829504982,0.8150230813565688,0.6045350120636082,0.38968679040024984,11.341018879084057,11.257925808437825,11.160539991766255,11.238074560605742
2038-12-24,0.6205695181519937,0.4545381862241974,0.4645860925067038,0.28645374118291944,0.4841068829505012,0.8150230813565709,0.6045350120636064,0.3896867904002494,11.341018879084018,11.25792580843779,11.160539991766226,11.23807456060571
2038-12-27,0.6205695181519926,0.45453818622419745,0.4645860925067042,0.28645374118291894,0.4841068829505006,0.815023081356569,0.6045350120636064,0.3896867904002485,11.341018879083983,11.25792580843775,11.160539991766184,11.238074560605673
2038-12-28,0.6205695181519932,0.4545381862241977,0.4645860925067035,0.286453741182919,0.48410688295050003,0.8150230813565706,0.6045350120636067,0.38968679040024873,11.341018879083952,11.25792580843772,11.160539991766159,11.23807456060564
2038-12-29,0.6205695181519928,0.4545381862241984,0.46458609250670424,0.28645374118291705,0.4841068829505002,0.8150230813565698,0.6045350120636058,0.38968679040025045,11.34101887908392,11.257925808437685,11.16053999176612,11.23807456060561
2038-12-30,0.6205695181519946,0.4545381862241975,0.4645860925067037,0.2864537411829183,0.48410688295050075,0.8150230813565691,0.6045350120636063,0.3896867904002497,11.341018879083885,11.257925808437653,11.160539991766088,11.238074560605577
2038-12-31,0.6205695181519932,0.45453818622419795,0.4645860925067033,0.286453741182917,0.4841068829505001,0.8150230813565711,0.6045350120636054,0.38968679040024956,11.341018879083856,11.257925808437617,11.160539991766056,11.238074560605545
2039-01-03,0.6205695181519919,0.45453818622419895,0.46458609250670313,0.2864537411829158,0.48410688295049953,0.8150230813565701,0.6045350120636055,0.3896867904002485,11.341018879083821,11.257925808437587,11.16053999176602,11.238074560605511
2039-01-04,0.6205695181519922,0.4545381862241978,0.46458609250670324,0.28645374118291694,0.4841068829505002,0.8150230813565684,0.6045350120636039,0.3896867904002472,11.341018879083789,11.257925808437554,11.160539991765996,11.23807456060548
2039-01-05,0.6205695181519914,0.4545381862241972,0.4645860925067029,0.286453741182916,0.4841068829505018,0.8150230813565682,0.6045350120636042,0.3896867904002481,11.34101887908376,11.257925808437522,11.160539991765962,11.23807456060545
2039-01-06,0.6205695181519918,0.45453818622419767,0.46458609250670346,0.2864537411829161,0.48410688295050086,0.8150230813565693,0.6045350120636047,0.389686790400248,11.341018879083725,11.25792580843749,11.16053999176593,11.238074560605412
2039-01-07,0.6205695181519917,0.4545381862241987,0.4645860925067026,0.2864537411829147,0.48410688295050064,0.8150230813565706,0.6045350120636052,0.38968679040024706,11.341018879083693,11.257925808437452,11.160539991765896,11.238074560605385
2039-01-10,0.620569518151991,0.45453818622419906,0.4645860925067019,0.2864537411829156,0.4841068829505018,0.8150230813565696,0.6045350120636034,0.38968679040024806,11.341018879083663,11.257925808437426,11.160539991765864,11.238074560605352
2039-01-11,0.6205695181519908,0.4545381862242007,0.4645860925067015,0.28645374118291395,0.48410688295050125,0.8150230813565702,0.604535012063604,0.3896867904002472,11.341018879083629,11.257925808437397,11.16053999176584,11.238074560605323
2039-01-12,0.6205695181519911,0.4545381862241992,0.46458609250670274,0.2864537411829135,0.4841068829505019,0.8150230813565694,0.6045350120636038,0.38968679040024706,11.341018879083602,11.257925808437362,11.160539991765807,11.23807456060529
2039-01-13,0.6205695181519889,0.45453818622420195,0.4645860925067032,0.28645374118291406,0.4841068829505005,0.8150230813565709,0.6045350120636017,0.3896867904002463,11.341018879083572,11.257925808437331,11.160539991765773,11.238074560605261
2039-01-14,0.6205695181519914,0.45453818622419895,0.4645860925067024,0.2864537411829125,0.4841068829505009,0.8150230813565699,0.6045350120636029,0.38968679040024773,11.341018879083547,11.257925808437305,11.160539991765749,11.238074560605233
2039-01-17,0.6205695181519919,0.45453818622419967,0.46458609250670346,0.2864537411829128,0.48410688295050164,0.8150230813565699,0.6045350120636033,0.3896867904002453,11.341018879083508,11.257925808437273,11.16053999176572,11.2380745606052
2039-01-18,0.6205695181519908,0.45453818622419967,0.46458609250670346,0.2864537411829119,0.484106882950502,0.8150230813565688,0.6045350120636022,0.3896867904002453,11.341018879083482,11.257925808437241,11.16053999176569,11.238074560605176
2039-01-19,0.6205695181519916,0.45453818622420067,0.4645860925067028,0.2864537411829116,0.4841068829505008,0.8150230813565711,0.6045350120636029,0.3896867904002459,11.341018879083451,11.257925808437205,11.160539991765658,11.238074560605138
2039-01-20,0.6205695181519888,0.4545381862242013,0.4645860925067023,0.2864537411829124,0.4841068829505018,0.8150230813565706,0.604535012063602,0.3896867904002445,11.341018879083425,11.25792580843718,11.160539991765631,11.23807456060511
2039-01-21,0.62056951815199,0.45453818622420017,0.46458609250670213,0.28645374118291167,0.48410688295050175,0.8150230813565708,0.6045350120636019,0.3896867904002453,11.341018879083398,11.257925808437154,11.160539991765603,11.238074560605087
2039-01-24,0.6205695181519889,0.4545381862242025,0.46458609250670285,0.28645374118291284,0.48410688295050297,0.8150230813565703,0.6045350120636013,0.38968679040024395,11.341018879083366,11.257925808437127,11.160539991765582,11.238074560605057
2039-01-25,0.6205695181519888,0.45453818622420206,0.46458609250670313,0.2864537411829103,0.4841068829505023,0.8150230813565706,0.6045350120636013,0.3896867904002445,11.341018879083336,11.257925808437097,11.160539991765551,11.238074560605025
2039-01-26,0.6205695181519897,0.45453818622420195,0.46458609250670396,0.28645374118291067,0.48410688295050314,0.8150230813565711,0.6045350120636015,0.38968679040024384,11.341018879083313,11.257925808437063,11.160539991765521,11.238074560604998
2039-01-27,0.6205695181519885,0.45453818622420195,0.46458609250670097,0.28645374118290884,0.48410688295050264,0.8150230813565694,0.6045350120636002,0.3896867904002436,11.34101887908328,11.257925808437037,11.160539991765491,11.238074560604975
2039-01-28,0.6205695181519888,0.4545381862242005,0.4645860925067038,0.28645374118290917,0.4841068829505023,0.8150230813565706,0.6045350120636004,0.3896867904002433,11.341018879083261,11.257925808437017,11.160539991765473,11.238074560604945
2039-01-31,0.6205695181519869,0.45453818622420117,0.46458609250670424,0.2864537411829099,0.4841068829505032,0.8150230813565714,0.6045350120636,0.38968679040024373,11.341018879083231,11.257925808436983,11.16053999176544,11.238074560604923
2039-02-01,0.6205695181519879,0.45453818622420183,0.46458609250670346,0.2864537411829099,0.48410688295050214,0.8150230813565714,0.6045350120635999,0.38968679040024207,11.341018879083201,11.257925808436958,11.160539991765413,11.23807456060489
2039-02-02,0.6205695181519888,0.4545381862242026,0.4645860925067028,0.2864537411829084,0.4841068829505024,0.8150230813565694,0.6045350120636013,0.38968679040024107,11.341018879083176,11.257925808436932,11.160539991765388,11.238074560604863
2039-02-03,0.6205695181519877,0.45453818622420217,0.46458609250670296,0.28645374118290845,0.484106882950503,0.8150230813565721,0.6045350120635986,0.38968679040024273,11.341018879083153,11.257925808436905,11.160539991765361,11.23807456060484
2039-02-04,0.620569518151987,0.454538186224203,0.46458609250670246,0.2864537411829069,0.48410688295050286,0.8150230813565694,0.6045350120636003,0.38968679040024123,11.34101887908313,11.257925808436877,11.160539991765338,11.238074560604813
2039-02-07,0.6205695181519857,0.4545381862242033,0.46458609250670296,0.28645374118290806,0.48410688295050147,0.815023081356571,0.6045350120635996,0.38968679040024196,11.341018879083101,11.25792580843685,11.16053999176531,11.238074560604783
2039-02-08,0.6205695181519886,0.4545381862242024,0.46458609250670346,0.2864537411829077,0.48410688295050275,0.8150230813565709,0.604535012063599,0.3896867904002416,11.341018879083071,11.257925808436823,11.160539991765287,11.23807456060476
2039-02-09,0.6205695181519864,0.45453818622420405,0.4645860925067018,0.2864537411829072,0.4841068829505031,0.8150230813565716,0.6045350120635983,0.3896867904002409,11.341018879083048,11.257925808436797,11.160539991765257,11.238074560604732
2039-02-10,0.6205695181519857,0.45453818622420405,0.4645860925067026,0.28645374118290634,0.48410688295050197,0.8150230813565701,0.6045350120635985,0.3896867904002425,11.341018879083022,11.257925808436774,11.160539991765239,11.238074560604714
2039-02-11,0.6205695181519855,0.4545381862242034,0.46458609250670047,0.2864537411829074,0.4841068829505014,0.8150230813565702,0.6045350120635972,0.38968679040024085,11.341018879083,11.257925808436747,11.160539991765214,11.238074560604684
2039-02-14,0.6205695181519852,0.4545381862242037,0.4645860925067018,0.2864537411829066,0.4841068829505023,0.8150230813565729,0.6045350120635972,0.3896867904002411,11.341018879082972,11.257925808436722,11.160539991765187,11.238074560604664
2039-02-15,0.6205695181519854,0.45453818622420417,0.4645860925067019,0.28645374118290595,0.48410688295050275,0.8150230813565701,0.6045350120635973,0.38968679040024007,11.34101887908295,11.257925808436699,11.160539991765159,11.23807456060464
2039-02-16,0.620569518151986,0.45453818622420517,0.46458609250670235,0.28645374118290584,0.48410688295050286,0.815023081356572,0.6045350120635975,0.38968679040024073,11.341018879082927,11.257925808436669,11.160539991765136,11.238074560604613
2039-02-17,0.6205695181519859,0.4545381862242057,0.4645860925067011,0.28645374118290595,0.48410688295050286,0.8150230813565723,0.6045350120635962,0.3896867904002405,11.341018879082903,11.257925808436646,11.160539991765113,11.238074560604588
2039-02-18,0.6205695181519842,0.4545381862242045,0.4645860925067028,0.28645374118290473,0.4841068829505031,0.8150230813565719,0.6045350120635983,0.3896867904002391,11.341018879082885,11.257925808436621,11.160539991765093,11.238074560604565
2039-02-21,0.620569518151984,0.4545381862242044,0.464586092506701,0.2864537411829052,0.4841068829505033,0.815023081356572,0.6045350120635964,0.38968679040024007,11.341018879082853,11.257925808436594,11.160539991765065,11.238074560604536
2039-02-22,0.6205695181519846,0.4545381862242047,0.46458609250670135,0.28645374118290345,0.48410688295050397,0.8150230813565713,0.6045350120635963,0.3896867904002396,11.341018879082831,11.257925808436575,11.160539991765038,11.238074560604522
2039-02-23,0.6205695181519832,0.4545381862242045,0.4645860925067021,0.2864537411829058,0.48410688295050325,0.8150230813565696,0.6045350120635968,0.38968679040023996,11.341018879082807,11.257925808436555,11.160539991765026,11.238074560604494
2039-02-24,0.6205695181519839,0.4545381862242064,0.46458609250670174,0.2864537411829037,0.4841068829505035,0.8150230813565712,0.6045350120635967,0.38968679040023907,11.341018879082787,11.257925808436527,11.160539991764994,11.238074560604469
2039-02-25,0.6205695181519852,0.4545381862242055,0.4645860925067013,0.2864537411829042,0.4841068829505033,0.8150230813565716,0.6045350120635974,0.38968679040023785,11.341018879082768,11.257925808436504,11.160539991764974,11.238074560604447
2039-02-28,0.6205695181519824,0.4545381862242051,0.4645860925067015,0.2864537411829037,0.4841068829505034,0.8150230813565694,0.6045350120635965,0.3896867904002387,11.34101887908274,11.25792580843648,11.160539991764956,11.23807456060443
2039-03-01,0.6205695181519841,0.4545381862242051,0.46458609250670174,0.2864537411829025,0.48410688295050275,0.8150230813565705,0.604535012063596,0.38968679040023796,11.34101887908272,11.257925808436458,11.160539991764924,11.2380745606044
2039-03-02,0.6205695181519837,0.4545381862242065,0.4645860925067024,0.28645374118290284,0.4841068829505039,0.8150230813565721,0.604535012063597,0.3896867904002386,11.341018879082691,11.257925808436433,11.160539991764907,11.238074560604378
2039-03-03,0.6205695181519846,0.45453818622420583,0.4645860925067026,0.2864537411829018,0.4841068829505045,0.8150230813565709,0.6045350120635963,0.38968679040023774,11.341018879082672,11.257925808436417,11.160539991764884,11.23807456060436
2039-03-04,0.6205695181519844,0.45453818622420594,0.4645860925067009,0.2864537411829032,0.4841068829505028,0.815023081356571,0.604535012063597,0.3896867904002368,11.341018879082648,11.257925808436388,11.160539991764866,11.238074560604332
2039-03-07,0.6205695181519832,0.45453818622420655,0.4645860925067029,0.2864537411829013,0.4841068829505053,0.8150230813565719,0.6045350120635956,0.3896867904002385,11.341018879082627,11.257925808436369,11.160539991764841,11.238074560604312
2039-03-08,0.6205695181519831,0.4545381862242059,0.4645860925067013,0.28645374118290295,0.484106882950504,0.8150230813565716,0.6045350120635953,0.3896867904002375,11.341018879082608,11.257925808436346,11.160539991764821,11.238074560604293
2039-03-09,0.6205695181519832,0.45453818622420655,0.464586092506702,0.2864537411829005,0.48410688295050375,0.8150230813565709,0.6045350120635958,0.3896867904002375,11.341018879082585,11.257925808436324,11.160539991764798,11.23807456060427
2039-03-10,0.6205695181519827,0.45453818622420655,0.46458609250670135,0.28645374118290146,0.4841068829505035,0.8150230813565709,0.6045350120635953,0.38968679040023585,11.341018879082565,11.257925808436305,11.160539991764773,11.238074560604247
2039-03-11,0.6205695181519841,0.454538186224206,0.46458609250670135,0.28645374118290107,0.48410688295050397,0.8150230813565724,0.6045350120635952,0.38968679040023885,11.341018879082544,11.257925808436283,11.16053999176476,11.23807456060423
2039-03-14,0.6205695181519835,0.45453818622420816,0.4645860925067009,0.28645374118290157,0.4841068829505031,0.8150230813565734,0.6045350120635938,0.38968679040023657,11.341018879082524,11.257925808436262,11.160539991764738,11.238074560604206
2039-03-15,0.6205695181519819,0.45453818622420666,0.46458609250670097,0.2864537411829001,0.4841068829505035,0.8150230813565708,0.6045350120635947,0.3896867904002365,11.3410188790825,11.257925808436237,11.160539991764715,11.238074560604181
2039-03-16,0.6205695181519807,0.4545381862242084,0.46458609250670274,0.2864537411828981,0.4841068829505053,0.8150230813565714,0.6045350120635948,0.3896867904002352,11.341018879082483,11.257925808436216,11.160539991764695,11.238074560604167
2039-03-17,0.6205695181519839,0.4545381862242074,0.4645860925067009,0.2864537411828993,0.48410688295050386,0.8150230813565721,0.6045350120635938,0.3896867904002355,11.34101887908246,11.257925808436202,11.16053999176468,11.238074560604138
2039-03-18,0.620569518151982,0.45453818622420855,0.46458609250670146,0.2864537411828996,0.4841068829505042,0.8150230813565722,0.6045350120635937,0.3896867904002363,11.341018879082442,11.257925808436179,11.16053999176466,11.23807456060413
2039-03-21,0.6205695181519804,0.45453818622420855,0.4645860925067019,0.2864537411828988,0.48410688295050464,0.8150230813565703,0.604535012063594,0.3896867904002369,11.341018879082425,11.257925808436159,11.16053999176464,11.238074560604105
2039-03-22,0.6205695181519812,0.4545381862242085,0.46458609250670124,0.28645374118289946,0.4841068829505045,0.8150230813565712,0.604535012063593,0.3896867904002343,11.341018879082402,11.257925808436138,11.160539991764615,11.238074560604087
2039-03-23,0.6205695181519797,0.4545381862242099,0.46458609250670224,0.28645374118289907,0.48410688295050375,0.8150230813565724,0.6045350120635938,0.3896867904002347,11.341018879082384,11.257925808436116,11.160539991764594,11.238074560604066
2039-03-24,0.6205695181519811,0.4545381862242093,0.4645860925066997,0.28645374118289935,0.48410688295050414,0.8150230813565721,0.6045350120635946,0.3896867904002355,11.341018879082364,11.257925808436102,11.160539991764582,11.238074560604044
2039-03-25,0.6205695181519788,0.45453818622421027,0.46458609250670185,0.286453741182898,0.4841068829505051,0.8150230813565713,0.6045350120635933,0.3896867904002334,11.341018879082343,11.25792580843608,11.160539991764557,11.238074560604028
2039-03-28,0.6205695181519797,0.45453818622420966,0.46458609250669997,0.2864537411828985,0.48410688295050475,0.8150230813565735,0.6045350120635924,0.38968679040023324,11.341018879082323,11.257925808436058,11.160539991764542,11.238074560604009
2039-03-29,0.620569518151981,0.45453818622420883,0.46458609250670035,0.2864537411828977,0.48410688295050547,0.8150230813565723,0.6045350120635938,0.3896867904002345,11.341018879082311,11.257925808436042,11.160539991764525,11.238074560603986
2039-03-30,0.6205695181519811,0.4545381862242099,0.46458609250670047,0.2864537411828969,0.4841068829505055,0.815023081356572,0.6045350120635913,0.38968679040023413,11.341018879082288,11.257925808436022,11.160539991764507,11.238074560603975
2039-03-31,0.6205695181519797,0.4545381862242087,0.4645860925067,0.2864537411828979,0.4841068829505038,0.8150230813565721,0.6045350120635921,0.38968679040023263,11.341018879082267,11.257925808436001,11.160539991764486,11.238074560603952
2039-04-01,0.6205695181519807,0.45453818622421,0.4645860925067004,0.28645374118289707,0.4841068829505061,0.8150230813565721,0.6045350120635924,0.38968679040023263,11.34101887908225,11.257925808435985,11.160539991764468,11.238074560603936
2039-04-04,0.6205695181519791,0.45453818622420944,0.4645860925067008,0.2864537411828978,0.48410688295050597,0.8150230813565733,0.6045350120635914,0.38968679040023463,11.341018879082236,11.257925808435964,11.160539991764447,11.238074560603915
2039-04-05,0.62056951815198,0.45453818622421016,0.4645860925066999,0.28645374118289757,0.48410688295050497,0.8150230813565721,0.6045350120635917,0.38968679040023346,11.341018879082219,11.257925808435948,11.160539991764434,11.238074560603899
2039-04-06,0.6205695181519794,0.4545381862242108,0.46458609250670124,0.28645374118289635,0.4841068829505053,0.8150230813565729,0.6045350120635917,0.38968679040023396,11.341018879082197,11.257925808435928,11.160539991764416,11.23807456060388
2039-04-07,0.6205695181519788,0.4545381862242107,0.46458609250670146,0.2864537411828962,0.48410688295050414,0.8150230813565714,0.6045350120635913,0.38968679040023385,11.34101887908218,11.257925808435912,11.160539991764397,11.238074560603861
2039-04-08,0.6205695181519806,0.4545381862242091,0.4645860925066997,0.28645374118289646,0.4841068829505055,0.8150230813565722,0.6045350120635917,0.38968679040023263,11.341018879082162,11.2579258084359,11.160539991764386,11.238074560603843
2039-04-11,0.6205695181519797,0.4545381862242099,0.4645860925066996,0.28645374118289646,0.4841068829505034,0.815023081356572,0.6045350120635921,0.38968679040023363,11.341018879082148,11.257925808435878,11.16053999176436,11.238074560603826
2039-04-12,0.6205695181519788,0.45453818622420994,0.4645860925067008,0.28645374118289674,0.4841068829505054,0.8150230813565723,0.6045350120635922,0.38968679040023235,11.341018879082128,11.257925808435854,11.160539991764342,11.238074560603806
2039-04-13,0.6205695181519788,0.4545381862242107,0.46458609250670013,0.28645374118289574,0.48410688295050497,0.8150230813565732,0.6045350120635918,0.3896867904002325,11.341018879082116,11.25792580843584,11.160539991764328,11.23807456060379
2039-04-14,0.6205695181519788,0.45453818622421116,0.4645860925067014,0.28645374118289624,0.4841068829505058,0.8150230813565733,0.6045350120635905,0.3896867904002335,11.341018879082094,11.257925808435825,11.160539991764315,11.238074560603774
2039-04-15,0.6205695181519786,0.4545381862242107,0.46458609250670013,0.28645374118289507,0.48410688295050386,0.815023081356574,0.6045350120635915,0.3896867904002313,11.341018879082075,11.2579258084358,11.160539991764287,11.238074560603755
2039-04-18,0.6205695181519777,0.45453818622421094,0.464586092506701,0.2864537411828947,0.48410688295050563,0.8150230813565738,0.604535012063591,0.3896867904002324,11.341018879082064,11.257925808435784,11.160539991764278,11.238074560603742
2039-04-19,0.6205695181519788,0.4545381862242113,0.46458609250670047,0.2864537411828953,0.48410688295050563,0.815023081356572,0.6045350120635924,0.3896867904002342,11.341018879082046,11.257925808435774,11.16053999176426,11.238074560603726
2039-04-20,0.6205695181519764,0.4545381862242115,0.46458609250670146,0.28645374118289446,0.48410688295050497,0.8150230813565716,0.6045350120635895,0.3896867904002314,11.34101887908203,11.257925808435761,11.160539991764244,11.238074560603708
2039-04-21,0.6205695181519797,0.45453818622420983,0.4645860925067008,0.28645374118289535,0.4841068829505055,0.8150230813565719,0.6045350120635914,0.3896867904002315,11.341018879082013,11.257925808435738,11.16053999176423,11.238074560603692
2039-04-22,0.6205695181519768,0.45453818622421155,0.4645860925066998,0.2864537411828946,0.4841068829505049,0.8150230813565728,0.6045350120635903,0.3896867904002316,11.341018879081995,11.257925808435722,11.16053999176421,11.238074560603673
2039-04-25,0.6205695181519788,0.4545381862242117,0.4645860925067,0.286453741182895,0.48410688295050575,0.8150230813565742,0.6045350120635904,0.3896867904002297,11.341018879081982,11.25792580843571,11.16053999176419,11.238074560603655
2039-04-26,0.6205695181519782,0.45453818622421005,0.46458609250670035,0.28645374118289363,0.4841068829505041,0.8150230813565732,0.6045350120635905,0.3896867904002315,11.341018879081965,11.257925808435692,11.160539991764175,11.238074560603643
2039-04-27,0.6205695181519758,0.4545381862242134,0.46458609250670024,0.2864537411828937,0.484106882950506,0.815023081356573,0.6045350120635903,0.3896867904002301,11.341018879081949,11.257925808435672,11.160539991764162,11.238074560603629
2039-04-28,0.6205695181519779,0.4545381862242118,0.46458609250670063,0.2864537411828929,0.4841068829505062,0.8150230813565725,0.6045350120635881,0.38968679040022974,11.34101887908193,11.25792580843566,11.16053999176415,11.238074560603613
2039-04-29,0.6205695181519763,0.45453818622421194,0.4645860925067,0.28645374118289246,0.4841068829505063,0.8150230813565731,0.6045350120635895,0.3896867904002303,11.341018879081918,11.257925808435642,11.16053999176413,11.238074560603597
2039-05-02,0.6205695181519778,0.4545381862242113,0.4645860925066998,0.28645374118289396,0.48410688295050497,0.8150230813565733,0.6045350120635897,0.3896867904002308,11.341018879081902,11.257925808435624,11.16053999176412,11.238074560603579
2039-05-03,0.6205695181519765,0.4545381862242108,0.46458609250670124,0.286453741182893,0.4841068829505064,0.8150230813565714,0.604535012063589,0.3896867904002287,11.341018879081883,11.257925808435612,11.160539991764098,11.238074560603565
2039-05-04,0.620569518151976,0.45453818622421216,0.46458609250670024,0.28645374118289324,0.4841068829505053,0.815023081356573,0.6045350120635894,0.3896867904002307,11.341018879081874,11.257925808435601,11.16053999176409,11.238074560603554
2039-05-05,0.6205695181519769,0.4545381862242128,0.46458609250669936,0.28645374118289174,0.4841068829505054,0.8150230813565715,0.6045350120635891,0.3896867904002294,11.341018879081854,11.257925808435578,11.160539991764077,11.238074560603534
2039-05-06,0.6205695181519768,0.45453818622421227,0.4645860925067,0.28645374118289235,0.4841068829505071,0.8150230813565722,0.6045350120635897,0.3896867904002301,11.341018879081838,11.257925808435566,11.160539991764056,11.238074560603518
2039-05-09,0.6205695181519764,0.45453818622421294,0.4645860925067004,0.2864537411828916,0.4841068829505065,0.8150230813565733,0.6045350120635895,0.38968679040022874,11.341018879081824,11.257925808435552,11.160539991764043,11.23807456060351
2039-05-10,0.620569518151976,0.45453818622421294,0.4645860925066998,0.2864537411828913,0.4841068829505063,0.8150230813565733,0.6045350120635894,0.3896867904002301,11.341018879081812,11.257925808435537,11.160539991764027,11.238074560603495
2039-05-11,0.6205695181519737,0.4545381862242118,0.4645860925067002,0.2864537411828924,0.48410688295050497,0.8150230813565733,0.6045350120635895,0.3896867904002302,11.341018879081798,11.25792580843552,11.160539991764015,11.238074560603478
2039-05-12,0.6205695181519766,0.4545381862242125,0.46458609250669997,0.28645374118288924,0.4841068829505078,0.8150230813565716,0.6045350120635881,0.3896867904002285,11.341018879081782,11.257925808435505,11.160539991763997,11.238074560603462
2039-05-13,0.6205695181519753,0.4545381862242125,0.4645860925066987,0.28645374118289135,0.4841068829505062,0.8150230813565732,0.6045350120635887,0.3896867904002282,11.341018879081767,11.257925808435491,11.160539991763983,11.238074560603447
2039-05-16,0.620569518151977,0.45453818622421227,0.4645860925067004,0.286453741182892,0.4841068829505067,0.8150230813565728,0.6045350120635881,0.38968679040022813,11.341018879081757,11.257925808435477,11.16053999176397,11.238074560603433
2039-05-17,0.6205695181519757,0.45453818622421405,0.4645860925067011,0.28645374118289085,0.4841068829505061,0.8150230813565734,0.60453501206359,0.3896867904002291,11.341018879081737,11.257925808435465,11.160539991763958,11.238074560603424
2039-05-18,0.6205695181519776,0.4545381862242128,0.46458609250669985,0.28645374118289063,0.4841068829505081,0.8150230813565722,0.604535012063588,0.3896867904002292,11.341018879081721,11.257925808435452,11.160539991763944,11.238074560603401
2039-05-19,0.6205695181519748,0.45453818622421316,0.4645860925067,0.2864537411828917,0.4841068829505054,0.8150230813565744,0.6045350120635876,0.38968679040022824,11.341018879081714,11.25792580843544,11.16053999176393,11.238074560603396
2039-05-20,0.6205695181519773,0.45453818622421294,0.46458609250670013,0.2864537411828904,0.48410688295050497,0.8150230813565732,0.604535012063589,0.38968679040022836,11.341018879081703,11.257925808435417,11.160539991763915,11.238074560603378
2039-05-23,0.6205695181519754,0.4545381862242145,0.4645860925066997,0.28645374118288863,0.4841068829505075,0.8150230813565716,0.6045350120635876,0.3896867904002284,11.341018879081684,11.257925808435408,11.160539991763905,11.23807456060337
2039-05-24,0.6205695181519759,0.4545381862242127,0.4645860925066981,0.2864537411828897,0.4841068829505071,0.8150230813565735,0.6045350120635865,0.38968679040022836,11.341018879081675,11.257925808435393,11.160539991763896,11.238074560603355
2039-05-25,0.6205695181519753,0.4545381862242144,0.46458609250670047,0.28645374118288897,0.4841068829505073,0.8150230813565738,0.6045350120635875,0.3896867904002271,11.341018879081659,11.257925808435377,11.160539991763876,11.238074560603335
2039-05-26,0.6205695181519749,0.4545381862242135,0.464586092506701,0.28645374118288996,0.4841068829505073,0.8150230813565718,0.6045350120635886,0.3896867904002284,11.341018879081647,11.257925808435362,11.160539991763864,11.238074560603323
2039-05-27,0.6205695181519753,0.4545381862242128,0.4645860925067011,0.28645374118289113,0.4841068829505065,0.8150230813565733,0.6045350120635877,0.3896867904002291,11.34101887908163,11.25792580843535,11.160539991763853,11.238074560603312
2039-05-30,0.6205695181519747,0.4545381862242145,0.46458609250670035,0.2864537411828899,0.48410688295050763,0.815023081356573,0.6045350120635872,0.3896867904002281,11.34101887908162,11.257925808435344,11.16053999176384,11.238074560603302
2039-05-31,0.6205695181519747,0.45453818622421294,0.4645860925067006,0.2864537411828887,0.4841068829505075,0.8150230813565718,0.6045350120635855,0.38968679040022897,11.341018879081606,11.257925808435328,11.160539991763828,11.238074560603287
2039-06-01,0.6205695181519746,0.4545381862242135,0.46458609250669886,0.2864537411828902,0.4841068829505054,0.8150230813565739,0.6045350120635888,0.38968679040022797,11.34101887908159,11.257925808435315,11.160539991763812,11.238074560603275
2039-06-02,0.6205695181519748,0.4545381862242138,0.46458609250669985,0.2864537411828891,0.48410688295050697,0.8150230813565742,0.6045350120635877,0.3896867904002284,11.341018879081583,11.257925808435298,11.160539991763802,11.23807456060326
2039-06-03,0.6205695181519741,0.4545381862242136,0.46458609250669936,0.2864537411828891,0.48410688295050675,0.815023081356574,0.6045350120635861,0.3896867904002261,11.341018879081568,11.257925808435289,11.16053999176379,11.238074560603248
2039-06-06,0.6205695181519759,0.4545381862242137,0.4645860925066988,0.28645374118288924,0.48410688295050697,0.8150230813565739,0.6045350120635876,0.3896867904002281,11.341018879081556,11.257925808435276,11.160539991763779,11.238074560603236
2039-06-07,0.620569518151977,0.45453818622421405,0.4645860925066997,0.28645374118288874,0.4841068829505055,0.8150230813565739,0.6045350120635881,0.3896867904002275,11.341018879081542,11.257925808435264,11.160539991763764,11.238074560603222
2039-06-08,0.6205695181519741,0.4545381862242138,0.46458609250670146,0.2864537411828891,0.48410688295050686,0.8150230813565726,0.6045350120635864,0.3896867904002271,11.341018879081533,11.25792580843525,11.160539991763754,11.238074560603211
2039-06-09,0.6205695181519721,0.45453818622421616,0.4645860925067011,0.28645374118288847,0.4841068829505068,0.815023081356574,0.6045350120635872,0.3896867904002268,11.34101887908152,11.25792580843524,11.160539991763745,11.238074560603202
2039-06-10,0.6205695181519743,0.4545381862242146,0.46458609250669936,0.28645374118288813,0.48410688295050686,0.815023081356575,0.6045350120635873,0.3896867904002264,11.34101887908151,11.25792580843523,11.16053999176373,11.23807456060319
2039-06-13,0.6205695181519744,0.45453818622421455,0.4645860925067002,0.2864537411828881,0.48410688295050736,0.8150230813565728,0.6045350120635872,0.3896867904002251,11.341018879081501,11.257925808435216,11.160539991763718,11.238074560603177
2039-06-14,0.6205695181519745,0.4545381862242148,0.4645860925067007,0.2864537411828872,0.48410688295050686,0.8150230813565744,0.6045350120635851,0.3896867904002265,11.341018879081483,11.257925808435202,11.16053999176371,11.238074560603167
2039-06-15,0.6205695181519746,0.4545381862242144,0.4645860925066996,0.2864537411828882,0.4841068829505062,0.8150230813565741,0.6045350120635857,0.3896867904002263,11.341018879081474,11.257925808435186,11.160539991763692,11.238074560603152
2039-06-16,0.6205695181519724,0.4545381862242158,0.4645860925067003,0.28645374118288797,0.48410688295050675,0.8150230813565736,0.6045350120635857,0.38968679040022564,11.341018879081465,11.25792580843518,11.160539991763684,11.238074560603144
2039-06-17,0.620569518151973,0.4545381862242145,0.4645860925066987,0.28645374118288813,0.48410688295050675,0.8150230813565725,0.6045350120635867,0.3896867904002263,11.341018879081451,11.257925808435171,11.160539991763676,11.238074560603131
2039-06-20,0.620569518151973,0.45453818622421543,0.4645860925067004,0.2864537411828874,0.48410688295050797,0.8150230813565721,0.6045350120635852,0.3896867904002275,11.341018879081437,11.257925808435159,11.16053999176366,11.238074560603122
2039-06-21,0.6205695181519735,0.45453818622421405,0.46458609250670024,0.28645374118288675,0.4841068829505067,0.8150230813565749,0.604535012063586,0.38968679040022564,11.341018879081433,11.257925808435147,11.160539991763647,11.238074560603106
2039-06-22,0.6205695181519724,0.454538186224215,0.46458609250669947,0.2864537411828876,0.48410688295050663,0.8150230813565738,0.6045350120635854,0.3896867904002252,11.34101887908142,11.257925808435136,11.16053999176364,11.238074560603097
2039-06-23,0.6205695181519721,0.45453818622421427,0.4645860925067006,0.28645374118288663,0.48410688295050774,0.815023081356574,0.6045350120635846,0.38968679040022547,11.341018879081407,11.25792580843512,11.160539991763631,11.238074560603081
2039-06-24,0.6205695181519721,0.45453818622421527,0.4645860925066998,0.2864537411828874,0.4841068829505077,0.8150230813565744,0.6045350120635846,0.3896867904002254,11.341018879081398,11.25792580843511,11.160539991763624,11.238074560603073
2039-06-27,0.6205695181519726,0.45453818622421677,0.4645860925067006,0.28645374118288686,0.48410688295050763,0.8150230813565733,0.6045350120635846,0.3896867904002251,11.341018879081384,11.257925808435102,11.160539991763606,11.238074560603067
2039-06-28,0.6205695181519727,0.45453818622421466,0.4645860925066999,0.28645374118288525,0.48410688295050697,0.8150230813565744,0.6045350120635843,0.389686790400226,11.341018879081373,11.25792580843509,11.160539991763597,11.238074560603051
2039-06-29,0.6205695181519726,0.4545381862242171,0.46458609250670074,0.28645374118288625,0.48410688295050863,0.8150230813565742,0.604535012063584,0.3896867904002244,11.341018879081362,11.257925808435079,11.160539991763587,11.238074560603039
2039-06-30,0.6205695181519724,0.45453818622421527,0.4645860925067001,0.28645374118288663,0.4841068829505076,0.8150230813565759,0.6045350120635835,0.38968679040022586,11.341018879081355,11.25792580843507,11.160539991763576,11.238074560603032
2039-07-01,0.6205695181519715,0.45453818622421577,0.4645860925066999,0.2864537411828855,0.4841068829505076,0.8150230813565731,0.6045350120635854,0.38968679040022586,11.341018879081341,11.25792580843506,11.160539991763564,11.238074560603021
2039-07-04,0.6205695181519726,0.45453818622421555,0.4645860925066993,0.28645374118288525,0.48410688295050747,0.8150230813565739,0.6045350120635843,0.3896867904002261,11.341018879081334,11.257925808435045,11.160539991763555,11.23807456060301
2039-07-05,0.620569518151972,0.4545381862242163,0.46458609250670035,0.28645374118288613,0.48410688295050885,0.8150230813565743,0.6045350120635844,0.38968679040022386,11.34101887908132,11.257925808435036,11.160539991763544,11.238074560602998
2039-07-06,0.6205695181519746,0.4545381862242154,0.4645860925067003,0.2864537411828852,0.4841068829505075,0.8150230813565741,0.6045350120635842,0.38968679040022464,11.341018879081313,11.257925808435026,11.160539991763535,11.23807456060299
2039-07-07,0.6205695181519706,0.45453818622421743,0.46458609250670013,0.2864537411828847,0.48410688295050786,0.8150230813565735,0.6045350120635834,0.389686790400225,11.341018879081304,11.257925808435019,11.160539991763528,11.23807456060298
2039-07-08,0.6205695181519737,0.4545381862242172,0.4645860925067016,0.2864537411828833,0.4841068829505082,0.8150230813565732,0.6045350120635855,0.38968679040022497,11.341018879081291,11.257925808435008,11.16053999176352,11.23807456060297
2039-07-11,0.620569518151973,0.4545381862242162,0.4645860925066996,0.28645374118288564,0.4841068829505075,0.8150230813565734,0.6045350120635851,0.3896867904002234,11.341018879081282,11.257925808435,11.160539991763507,11.238074560602962
2039-07-12,0.6205695181519727,0.45453818622421593,0.46458609250669847,0.28645374118288475,0.48410688295050713,0.8150230813565759,0.6045350120635844,0.3896867904002249,11.341018879081277,11.25792580843499,11.160539991763494,11.238074560602957
2039-07-13,0.6205695181519724,0.4545381862242156,0.4645860925067,0.28645374118288486,0.48410688295050763,0.8150230813565736,0.6045350120635845,0.3896867904002254,11.34101887908127,11.257925808434976,11.160539991763486,11.23807456060294
2039-07-14,0.6205695181519719,0.45453818622421616,0.4645860925067004,0.2864537411828851,0.4841068829505085,0.8150230813565731,0.6045350120635834,0.38968679040022525,11.341018879081256,11.257925808434965,11.160539991763475,11.238074560602925
2039-07-15,0.6205695181519727,0.454538186224216,0.4645860925066996,0.28645374118288536,0.48410688295050697,0.8150230813565731,0.6045350120635845,0.38968679040022464,11.341018879081247,11.25792580843496,11.160539991763468,11.23807456060292
2039-07-18,0.6205695181519719,0.4545381862242176,0.4645860925066997,0.286453741182884,0.4841068829505093,0.8150230813565753,0.6045350120635834,0.38968679040022486,11.341018879081235,11.257925808434953,11.160539991763462,11.238074560602918
2039-07-19,0.6205695181519728,0.4545381862242169,0.4645860925066996,0.2864537411828838,0.4841068829505075,0.8150230813565741,0.6045350120635843,0.3896867904002242,11.341018879081226,11.257925808434944,11.160539991763452,11.238074560602902
2039-07-20,0.6205695181519715,0.45453818622421716,0.4645860925066981,0.28645374118288364,0.48410688295050774,0.815023081356574,0.6045350120635836,0.3896867904002242,11.341018879081219,11.257925808434928,11.16053999176344,11.238074560602891
2039-07-21,0.6205695181519706,0.4545381862242169,0.46458609250669985,0.2864537411828849,0.48410688295050885,0.8150230813565744,0.604535012063583,0.38968679040022297,11.34101887908121,11.257925808434917,11.16053999176343,11.23807456060289
2039-07-22,0.6205695181519724,0.4545381862242167,0.46458609250670013,0.28645374118288564,0.48410688295050763,0.8150230813565726,0.6045350120635847,0.38968679040022386,11.341018879081203,11.257925808434916,11.160539991763422,11.238074560602875
2039-07-25,0.620569518151973,0.45453818622421577,0.4645860925066991,0.28645374118288436,0.48410688295050697,0.8150230813565744,0.6045350120635844,0.3896867904002246,11.341018879081188,11.257925808434901,11.160539991763414,11.238074560602865
2039-07-26,0.6205695181519704,0.4545381862242164,0.46458609250669947,0.2864537411828837,0.48410688295050724,0.8150230813565733,0.6045350120635832,0.3896867904002243,11.341018879081183,11.2579258084349,11.16053999176341,11.23807456060286
2039-07-27,0.6205695181519706,0.4545381862242177,0.4645860925066994,0.28645374118288464,0.4841068829505078,0.815023081356574,0.6045350120635828,0.3896867904002233,11.341018879081169,11.257925808434885,11.160539991763391,11.238074560602849
2039-07-28,0.6205695181519699,0.45453818622421943,0.4645860925066999,0.28645374118288325,0.48410688295050797,0.8150230813565744,0.6045350120635832,0.3896867904002237,11.341018879081162,11.25792580843488,11.160539991763388,11.23807456060284
2039-07-29,0.6205695181519726,0.45453818622421754,0.4645860925067,0.2864537411828831,0.4841068829505082,0.815023081356574,0.6045350120635826,0.3896867904002241,11.341018879081158,11.257925808434873,11.160539991763384,11.238074560602834
2039-08-01,0.6205695181519711,0.4545381862242176,0.4645860925066988,0.2864537411828838,0.4841068829505091,0.8150230813565755,0.6045350120635835,0.38968679040022364,11.341018879081142,11.257925808434859,11.16053999176337,11.238074560602822
2039-08-02,0.6205695181519701,0.45453818622421743,0.4645860925066982,0.2864537411828846,0.48410688295050747,0.8150230813565742,0.6045350120635834,0.3896867904002233,11.341018879081139,11.257925808434852,11.160539991763363,11.238074560602815
2039-08-03,0.6205695181519695,0.4545381862242186,0.4645860925066998,0.2864537411828832,0.4841068829505081,0.8150230813565744,0.6045350120635824,0.3896867904002237,11.341018879081135,11.257925808434845,11.160539991763356,11.23807456060281
2039-08-04,0.6205695181519704,0.45453818622421843,0.4645860925066989,0.2864537411828836,0.484106882950508,0.8150230813565753,0.6045350120635836,0.3896867904002231,11.341018879081119,11.25792580843484,11.16053999176335,11.2380745606028
2039-08-05,0.6205695181519703,0.45453818622421893,0.4645860925066999,0.28645374118288336,0.484106882950509,0.8150230813565729,0.6045350120635828,0.3896867904002235,11.341018879081114,11.257925808434829,11.160539991763336,11.238074560602794
2039-08-08,0.6205695181519706,0.45453818622421777,0.4645860925066992,0.2864537411828835,0.4841068829505094,0.815023081356574,0.6045350120635827,0.3896867904002234,11.341018879081107,11.257925808434814,11.160539991763327,11.238074560602785
2039-08-09,0.6205695181519717,0.4545381862242189,0.46458609250669847,0.28645374118288264,0.4841068829505071,0.8150230813565753,0.6045350120635825,0.38968679040022336,11.3410188790811,11.257925808434809,11.16053999176332,11.238074560602778
2039-08-10,0.6205695181519707,0.4545381862242183,0.46458609250669886,0.28645374118288286,0.48410688295050797,0.815023081356575,0.6045350120635831,0.38968679040022175,11.341018879081094,11.257925808434806,11.160539991763315,11.238074560602765
2039-08-11,0.6205695181519708,0.4545381862242179,0.46458609250669836,0.2864537411828814,0.4841068829505073,0.815023081356573,0.6045350120635824,0.3896867904002229,11.341018879081076,11.257925808434791,11.160539991763308,11.238074560602763
2039-08-12,0.6205695181519695,0.4545381862242186,0.4645860925066993,0.2864537411828833,0.4841068829505083,0.8150230813565749,0.6045350120635826,0.38968679040022297,11.341018879081073,11.257925808434786,11.160539991763297,11.238074560602753
2039-08-15,0.6205695181519684,0.4545381862242189,0.4645860925066997,0.28645374118288264,0.4841068829505088,0.8150230813565748,0.6045350120635826,0.3896867904002224,11.34101887908107,11.257925808434777,11.16053999176329,11.238074560602744
2039-08-16,0.62056951815197,0.4545381862242193,0.4645860925067009,0.28645374118288214,0.4841068829505084,0.8150230813565749,0.6045350120635834,0.3896867904002225,11.34101887908106,11.25792580843477,11.160539991763285,11.238074560602737
2039-08-17,0.6205695181519698,0.4545381862242169,0.46458609250669913,0.28645374118288264,0.4841068829505081,0.815023081356573,0.6045350120635846,0.3896867904002233,11.341018879081052,11.257925808434761,11.160539991763276,11.238074560602728
2039-08-18,0.6205695181519687,0.4545381862242183,0.4645860925066978,0.2864537411828832,0.48410688295050847,0.8150230813565739,0.6045350120635821,0.38968679040022175,11.341018879081044,11.257925808434756,11.160539991763272,11.238074560602719
2039-08-19,0.6205695181519708,0.4545381862242172,0.46458609250669924,0.2864537411828818,0.48410688295050824,0.815023081356574,0.6045350120635816,0.3896867904002213,11.34101887908104,11.25792580843475,11.16053999176326,11.238074560602714
2039-08-22,0.6205695181519694,0.4545381862242182,0.46458609250669924,0.28645374118288364,0.4841068829505078,0.8150230813565744,0.6045350120635826,0.389686790400222,11.341018879081027,11.25792580843474,11.160539991763255,11.238074560602705
2039-08-23,0.6205695181519707,0.4545381862242171,0.4645860925066989,0.28645374118288314,0.4841068829505084,0.8150230813565743,0.6045350120635824,0.3896867904002224,11.341018879081025,11.257925808434734,11.160539991763246,11.238074560602694
2039-08-24,0.6205695181519699,0.45453818622421854,0.464586092506698,0.2864537411828823,0.48410688295050786,0.8150230813565746,0.6045350120635832,0.38968679040022136,11.341018879081012,11.25792580843473,11.160539991763237,11.23807456060269
2039-08-25,0.6205695181519706,0.45453818622421777,0.46458609250669836,0.286453741182882,0.4841068829505091,0.8150230813565755,0.604535012063582,0.3896867904002218,11.341018879081007,11.257925808434718,11.160539991763232,11.238074560602685
2039-08-26,0.6205695181519704,0.4545381862242179,0.4645860925066988,0.286453741182882,0.4841068829505091,0.8150230813565746,0.6045350120635818,0.3896867904002218,11.341018879080998,11.257925808434711,11.160539991763223,11.238074560602682
2039-08-29,0.6205695181519699,0.4545381862242185,0.46458609250669824,0.28645374118288186,0.48410688295050774,0.8150230813565746,0.6045350120635826,0.3896867904002215,11.341018879080991,11.2579258084347,11.160539991763216,11.23807456060267
2039-08-30,0.6205695181519708,0.45453818622421777,0.4645860925066989,0.2864537411828808,0.48410688295050974,0.8150230813565748,0.6045350120635824,0.38968679040022275,11.341018879080982,11.257925808434695,11.160539991763208,11.238074560602664
2039-08-31,0.6205695181519693,0.45453818622421804,0.4645860925066989,0.28645374118288097,0.4841068829505086,0.8150230813565746,0.6045350120635815,0.3896867904002216,11.341018879080977,11.25792580843469,11.160539991763207,11.23807456060266
2039-09-01,0.6205695181519703,0.45453818622421766,0.46458609250669797,0.286453741182882,0.48410688295050863,0.8150230813565731,0.604535012063582,0.3896867904002224,11.341018879080972,11.257925808434681,11.160539991763201,11.23807456060265
2039-09-02,0.6205695181519688,0.45453818622421865,0.4645860925066983,0.286453741182883,0.4841068829505071,0.8150230813565729,0.604535012063581,0.38968679040022075,11.341018879080963,11.257925808434672,11.160539991763192,11.23807456060264
2039-09-05,0.6205695181519689,0.45453818622421815,0.46458609250669836,0.2864537411828814,0.48410688295050847,0.8150230813565731,0.6045350120635826,0.38968679040022075,11.341018879080957,11.257925808434669,11.160539991763184,11.238074560602634
2039-09-06,0.6205695181519695,0.4545381862242197,0.46458609250669874,0.2864537411828811,0.48410688295050913,0.8150230813565744,0.6045350120635815,0.38968679040022075,11.341018879080949,11.257925808434656,11.160539991763176,11.238074560602625
2039-09-07,0.6205695181519701,0.45453818622421804,0.46458609250670013,0.2864537411828827,0.48410688295050786,0.8150230813565734,0.6045350120635814,0.38968679040022164,11.341018879080943,11.25792580843465,11.160539991763166,11.238074560602618
2039-09-08,0.6205695181519686,0.45453818622421915,0.4645860925066988,0.2864537411828826,0.4841068829505071,0.815023081356576,0.6045350120635808,0.389686790400222,11.341018879080938,11.257925808434644,11.160539991763162,11.238074560602618
2039-09-09,0.6205695181519709,0.4545381862242187,0.4645860925066976,0.2864537411828809,0.48410688295050863,0.8150230813565755,0.6045350120635813,0.38968679040022086,11.341018879080933,11.25792580843464,11.160539991763157,11.23807456060261
2039-09-12,0.6205695181519679,0.45453818622421926,0.4645860925066981,0.2864537411828811,0.4841068829505085,0.815023081356574,0.6045350120635822,0.38968679040022075,11.341018879080929,11.257925808434633,11.160539991763152,11.238074560602598
2039-09-13,0.6205695181519697,0.4545381862242186,0.4645860925066991,0.2864537411828809,0.4841068829505083,0.8150230813565753,0.6045350120635818,0.3896867904002201,11.34101887908092,11.25792580843463,11.160539991763143,11.238074560602595
2039-09-14,0.620569518151969,0.4545381862242192,0.46458609250669775,0.28645374118288247,0.4841068829505082,0.8150230813565758,0.6045350120635825,0.38968679040021914,11.34101887908091,11.257925808434624,11.16053999176314,11.238074560602586
2039-09-15,0.6205695181519677,0.4545381862242199,0.46458609250669847,0.2864537411828788,0.48410688295050885,0.8150230813565751,0.6045350120635826,0.389686790400221,11.341018879080906,11.257925808434614,11.160539991763128,11.238074560602582
2039-09-16,0.6205695181519687,0.4545381862242211,0.4645860925066987,0.28645374118288025,0.48410688295050874,0.8150230813565748,0.6045350120635814,0.3896867904002202,11.341018879080899,11.257925808434605,11.160539991763125,11.238074560602579
2039-09-19,0.6205695181519683,0.45453818622422004,0.46458609250669886,0.2864537411828814,0.48410688295050797,0.8150230813565749,0.604535012063582,0.38968679040022053,11.341018879080895,11.2579258084346,11.160539991763118,11.238074560602572
2039-09-20,0.6205695181519705,0.4545381862242183,0.4645860925066989,0.28645374118288136,0.48410688295050897,0.8150230813565751,0.604535012063582,0.38968679040022114,11.341018879080888,11.257925808434594,11.160539991763114,11.238074560602566
2039-09-21,0.6205695181519701,0.4545381862242195,0.4645860925066985,0.286453741182881,0.4841068829505082,0.8150230813565743,0.6045350120635807,0.3896867904002215,11.341018879080881,11.257925808434583,11.16053999176311,11.238074560602561
2039-09-22,0.6205695181519686,0.4545381862242191,0.46458609250669847,0.28645374118288,0.4841068829505084,0.8150230813565751,0.6045350120635805,0.3896867904002211,11.341018879080876,11.25792580843458,11.160539991763098,11.238074560602554
2039-09-23,0.6205695181519695,0.45453818622422,0.4645860925066986,0.28645374118288014,0.48410688295050974,0.8150230813565744,0.6045350120635803,0.3896867904002211,11.341018879080872,11.257925808434575,11.160539991763093,11.238074560602549
2039-09-26,0.6205695181519697,0.4545381862242199,0.46458609250669813,0.2864537411828805,0.4841068829505084,0.8150230813565731,0.6045350120635805,0.3896867904002208,11.341018879080863,11.257925808434573,11.16053999176309,11.238074560602545
2039-09-27,0.6205695181519679,0.45453818622422065,0.46458609250669974,0.2864537411828794,0.4841068829505093,0.8150230813565749,0.6045350120635818,0.38968679040022114,11.34101887908086,11.25792580843457,11.160539991763086,11.238074560602541
2039-09-28,0.6205695181519675,0.4545381862242203,0.464586092506699,0.28645374118288014,0.4841068829505072,0.8150230813565746,0.6045350120635804,0.3896867904002199,11.34101887908085,11.257925808434557,11.160539991763079,11.238074560602529
2039-09-29,0.6205695181519677,0.4545381862242204,0.4645860925066998,0.28645374118287875,0.48410688295050963,0.8150230813565755,0.6045350120635796,0.3896867904002204,11.341018879080847,11.257925808434555,11.160539991763075,11.238074560602529
2039-09-30,0.6205695181519693,0.45453818622421993,0.46458609250669824,0.28645374118287903,0.4841068829505087,0.8150230813565755,0.6045350120635801,0.3896867904002201,11.341018879080838,11.257925808434548,11.16053999176307,11.238074560602518
2039-10-03,0.6205695181519683,0.4545381862242207,0.464586092506699,0.286453741182879,0.4841068829505086,0.8150230813565746,0.6045350120635792,0.389686790400221,11.341018879080835,11.25792580843454,11.160539991763057,11.238074560602515
2039-10-04,0.6205695181519686,0.4545381862242188,0.46458609250669786,0.2864537411828805,0.4841068829505091,0.815023081356575,0.6045350120635803,0.3896867904002199,11.341018879080828,11.257925808434535,11.160539991763054,11.238074560602508
2039-10-05,0.6205695181519676,0.45453818622422054,0.4645860925066994,0.286453741182881,0.48410688295050863,0.8150230813565746,0.6045350120635806,0.3896867904002188,11.341018879080824,11.25792580843453,11.160539991763049,11.238074560602502
2039-10-06,0.620569518151968,0.454538186224219,0.4645860925066988,0.2864537411828797,0.4841068829505091,0.8150230813565746,0.6045350120635801,0.38968679040022003,11.341018879080819,11.257925808434525,11.160539991763047,11.238074560602495
2039-10-07,0.6205695181519677,0.4545381862242209,0.4645860925066979,0.2864537411828799,0.48410688295050863,0.8150230813565733,0.6045350120635808,0.38968679040021903,11.341018879080817,11.257925808434518,11.16053999176304,11.238074560602488
2039-10-10,0.6205695181519679,0.4545381862242195,0.46458609250669897,0.28645374118287864,0.48410688295050874,0.8150230813565743,0.6045350120635801,0.3896867904002191,11.341018879080806,11.257925808434514,11.16053999176304,11.238074560602481
2039-10-11,0.6205695181519686,0.4545381862242185,0.4645860925066993,0.2864537411828799,0.4841068829505094,0.8150230813565726,0.6045350120635806,0.38968679040021886,11.341018879080803,11.257925808434509,11.160539991763034,11.23807456060248
2039-10-12,0.620569518151969,0.4545381862242186,0.4645860925067,0.2864537411828801,0.4841068829505083,0.815023081356574,0.6045350120635806,0.38968679040022075,11.341018879080798,11.257925808434504,11.16053999176303,11.238074560602476
2039-10-13,0.6205695181519688,0.45453818622422,0.4645860925066995,0.2864537411828801,0.48410688295050797,0.8150230813565746,0.6045350120635812,0.38968679040021875,11.341018879080792,11.257925808434496,11.16053999176302,11.23807456060247
2039-10-14,0.6205695181519699,0.45453818622421915,0.4645860925066996,0.2864537411828791,0.4841068829505084,0.8150230813565745,0.6045350120635815,0.38968679040021975,11.341018879080787,11.257925808434488,11.160539991763013,11.238074560602463
2039-10-17,0.6205695181519679,0.4545381862242195,0.46458609250669874,0.2864537411828784,0.48410688295050897,0.8150230813565755,0.6045350120635818,0.38968679040022,11.34101887908078,11.257925808434482,11.16053999176301,11.238074560602458
2039-10-18,0.6205695181519685,0.4545381862242196,0.46458609250669725,0.2864537411828787,0.48410688295050924,0.8150230813565751,0.6045350120635814,0.38968679040021953,11.341018879080776,11.257925808434484,11.160539991763004,11.238074560602458
2039-10-19,0.6205695181519688,0.45453818622422104,0.46458609250669936,0.2864537411828784,0.4841068829505097,0.8150230813565752,0.6045350120635811,0.38968679040022,11.34101887908077,11.257925808434472,11.160539991762992,11.238074560602447
2039-10-20,0.6205695181519695,0.4545381862242193,0.4645860925066986,0.2864537411828797,0.4841068829505081,0.8150230813565765,0.6045350120635803,0.3896867904002204,11.341018879080767,11.257925808434472,11.16053999176299,11.238074560602442
2039-10-21,0.6205695181519675,0.454538186224221,0.4645860925067008,0.2864537411828782,0.4841068829505091,0.8150230813565755,0.6045350120635811,0.3896867904002197,11.34101887908076,11.257925808434466,11.160539991762988,11.238074560602438
2039-10-24,0.6205695181519676,0.4545381862242208,0.4645860925066999,0.2864537411828795,0.4841068829505097,0.8150230813565745,0.6045350120635814,0.38968679040021875,11.341018879080757,11.257925808434463,11.160539991762985,11.238074560602437
2039-10-25,0.620569518151968,0.45453818622421943,0.46458609250669913,0.2864537411828791,0.4841068829505085,0.8150230813565753,0.6045350120635805,0.389686790400219,11.341018879080751,11.257925808434456,11.160539991762972,11.238074560602433
2039-10-26,0.6205695181519679,0.45453818622421915,0.46458609250669913,0.28645374118287886,0.48410688295050797,0.8150230813565748,0.6045350120635801,0.38968679040021853,11.341018879080748,11.257925808434454,11.160539991762972,11.238074560602424
2039-10-27,0.6205695181519674,0.4545381862242204,0.464586092506699,0.28645374118287864,0.4841068829505084,0.8150230813565748,0.6045350120635804,0.3896867904002194,11.34101887908074,11.25792580843445,11.160539991762972,11.238074560602415
2039-10-28,0.6205695181519661,0.45453818622422165,0.46458609250669913,0.28645374118287925,0.4841068829505094,0.8150230813565758,0.6045350120635804,0.3896867904002183,11.341018879080735,11.257925808434447,11.160539991762969,11.238074560602415
2039-10-31,0.6205695181519659,0.4545381862242203,0.46458609250669913,0.2864537411828795,0.4841068829505102,0.8150230813565758,0.6045350120635803,0.3896867904002192,11.34101887908073,11.257925808434436,11.160539991762962,11.23807456060241
2039-11-01,0.6205695181519661,0.4545381862242222,0.4645860925066988,0.28645374118287853,0.4841068829505093,0.8150230813565761,0.6045350120635796,0.38968679040021853,11.341018879080726,11.25792580843443,11.160539991762956,11.238074560602403
2039-11-02,0.6205695181519686,0.4545381862242207,0.4645860925066986,0.28645374118287875,0.4841068829505091,0.8150230813565746,0.6045350120635806,0.38968679040021836,11.341018879080725,11.257925808434429,11.160539991762956,11.238074560602403
2039-11-03,0.6205695181519673,0.4545381862242207,0.46458609250669947,0.286453741182879,0.4841068829505083,0.8150230813565751,0.6045350120635796,0.3896867904002184,11.341018879080723,11.257925808434424,11.160539991762946,11.238074560602394
2039-11-04,0.6205695181519669,0.4545381862242206,0.4645860925066996,0.2864537411828794,0.4841068829505083,0.815023081356575,0.6045350120635805,0.3896867904002197,11.341018879080718,11.25792580843442,11.160539991762938,11.238074560602394
2039-11-07,0.6205695181519694,0.45453818622422143,0.46458609250669874,0.2864537411828784,0.48410688295050974,0.8150230813565758,0.6045350120635802,0.3896867904002174,11.341018879080712,11.257925808434415,11.160539991762938,11.238074560602389
2039-11-08,0.6205695181519675,0.454538186224221,0.4645860925067001,0.28645374118287764,0.48410688295050897,0.8150230813565738,0.6045350120635814,0.3896867904002183,11.341018879080709,11.25792580843441,11.160539991762935,11.238074560602385
2039-11-09,0.620569518151969,0.45453818622422015,0.46458609250669997,0.28645374118287725,0.4841068829505099,0.8150230813565755,0.6045350120635801,0.3896867904002192,11.3410188790807,11.257925808434406,11.16053999176293,11.238074560602382
2039-11-10,0.6205695181519677,0.45453818622422015,0.4645860925067001,0.28645374118287786,0.4841068829505098,0.8150230813565751,0.6045350120635805,0.38968679040021986,11.341018879080698,11.2579258084344,11.160539991762924,11.238074560602373
2039-11-11,0.6205695181519659,0.4545381862242214,0.4645860925067001,0.28645374118287803,0.48410688295050874,0.8150230813565746,0.60453501206358,0.3896867904002192,11.341018879080696,11.257925808434392,11.160539991762922,11.238074560602367
2039-11-14,0.6205695181519668,0.4545381862242215,0.4645860925066993,0.2864537411828765,0.4841068829505099,0.8150230813565762,0.6045350120635798,0.38968679040021886,11.34101887908069,11.25792580843439,11.160539991762919,11.238074560602364
2039-11-15,0.6205695181519668,0.454538186224221,0.46458609250669947,0.28645374118287736,0.4841068829505094,0.8150230813565755,0.6045350120635795,0.3896867904002191,11.341018879080687,11.257925808434388,11.160539991762914,11.238074560602362
2039-11-16,0.6205695181519667,0.45453818622422126,0.4645860925066988,0.2864537411828768,0.48410688295051085,0.8150230813565748,0.6045350120635802,0.3896867904002194,11.341018879080682,11.257925808434383,11.160539991762908,11.238074560602355
2039-11-17,0.6205695181519661,0.4545381862242213,0.4645860925066994,0.2864537411828776,0.4841068829505102,0.8150230813565752,0.6045350120635792,0.38968679040021953,11.341018879080675,11.257925808434377,11.160539991762901,11.238074560602351
2039-11-18,0.6205695181519675,0.4545381862242214,0.4645860925066999,0.28645374118287925,0.4841068829505085,0.8150230813565764,0.604535012063581,0.389686790400219,11.341018879080675,11.257925808434377,11.160539991762901,11.23807456060235
2039-11-21,0.6205695181519685,0.4545381862242197,0.464586092506699,0.2864537411828775,0.4841068829505092,0.8150230813565748,0.6045350120635802,0.38968679040021853,11.341018879080673,11.257925808434374,11.160539991762898,11.23807456060235
2039-11-22,0.6205695181519675,0.4545381862242213,0.4645860925066981,0.28645374118287725,0.48410688295050963,0.8150230813565751,0.6045350120635793,0.3896867904002184,11.341018879080666,11.257925808434367,11.160539991762892,11.23807456060234
2039-11-23,0.6205695181519666,0.4545381862242217,0.4645860925066997,0.2864537411828773,0.48410688295050974,0.8150230813565764,0.6045350120635796,0.38968679040021964,11.341018879080663,11.257925808434363,11.160539991762887,11.238074560602339
2039-11-24,0.6205695181519666,0.45453818622422215,0.46458609250669874,0.2864537411828773,0.4841068829505092,0.8150230813565763,0.6045350120635797,0.3896867904002196,11.341018879080659,11.25792580843436,11.160539991762887,11.238074560602339
2039-11-25,0.6205695181519655,0.4545381862242222,0.46458609250669863,0.28645374118287825,0.48410688295050996,0.8150230813565755,0.6045350120635796,0.3896867904002191,11.341018879080652,11.257925808434354,11.160539991762882,11.238074560602332
2039-11-28,0.6205695181519667,0.45453818622422215,0.4645860925066987,0.2864537411828771,0.484106882950509,0.8150230813565753,0.60453501206358,0.38968679040021764,11.341018879080645,11.257925808434349,11.160539991762874,11.238074560602325
2039-11-29,0.6205695181519674,0.4545381862242218,0.4645860925066988,0.28645374118287686,0.4841068829505102,0.8150230813565746,0.6045350120635798,0.3896867904002181,11.341018879080641,11.257925808434347,11.160539991762871,11.238074560602321
2039-11-30,0.620569518151967,0.4545381862242209,0.4645860925066985,0.28645374118287564,0.48410688295050885,0.8150230813565742,0.60453501206358,0.38968679040021803,11.341018879080634,11.257925808434347,11.160539991762867,11.238074560602314
2039-12-01,0.6205695181519668,0.4545381862242205,0.4645860925066989,0.2864537411828754,0.48410688295050963,0.8150230813565738,0.6045350120635798,0.38968679040021936,11.34101887908063,11.257925808434344,11.160539991762862,11.238074560602312
2039-12-02,0.6205695181519657,0.45453818622421965,0.46458609250669947,0.2864537411828781,0.48410688295050924,0.8150230813565742,0.6045350120635793,0.3896867904002192,11.34101887908063,11.25792580843434,11.160539991762858,11.23807456060231
2039-12-05,0.6205695181519664,0.45453818622422176,0.46458609250669936,0.2864537411828774,0.48410688295051063,0.8150230813565765,0.6045350120635798,0.38968679040021925,11.341018879080625,11.257925808434331,11.160539991762855,11.238074560602305
2039-12-06,0.6205695181519673,0.4545381862242225,0.4645860925066967,0.2864537411828774,0.48410688295050813,0.8150230813565764,0.604535012063579,0.38968679040021786,11.341018879080623,11.257925808434328,11.16053999176285,11.238074560602305
2039-12-07,0.6205695181519659,0.45453818622422343,0.46458609250669786,0.28645374118287725,0.48410688295050813,0.8150230813565763,0.6045350120635786,0.38968679040021814,11.341018879080622,11.257925808434328,11.160539991762848,11.238074560602298
2039-12-08,0.6205695181519668,0.454538186224221,0.4645860925066966,0.28645374118287786,0.4841068829505088,0.8150230813565759,0.6045350120635791,0.3896867904002177,11.341018879080622,11.25792580843432,11.160539991762848,11.238074560602294
2039-12-09,0.6205695181519657,0.4545381862242208,0.46458609250669836,0.28645374118287753,0.4841068829505085,0.8150230813565772,0.6045350120635786,0.38968679040021853,11.34101887908062,11.257925808434317,11.160539991762844,11.238074560602291
2039-12-12,0.6205695181519677,0.4545381862242204,0.46458609250669836,0.28645374118287786,0.48410688295050885,0.8150230813565759,0.6045350120635777,0.3896867904002199,11.341018879080615,11.257925808434317,11.16053999176284,11.238074560602287
2039-12-13,0.6205695181519664,0.4545381862242217,0.4645860925066979,0.28645374118287703,0.48410688295050963,0.8150230813565753,0.6045350120635794,0.38968679040021764,11.34101887908061,11.257925808434313,11.160539991762834,11.238074560602286
2039-12-14,0.6205695181519673,0.4545381862242205,0.464586092506698,0.28645374118287625,0.48410688295050985,0.8150230813565738,0.604535012063579,0.3896867904002177,11.341018879080606,11.257925808434306,11.160539991762828,11.238074560602282
2039-12-15,0.6205695181519676,0.4545381862242218,0.46458609250669813,0.286453741182877,0.48410688295050885,0.8150230813565756,0.6045350120635795,0.3896867904002179,11.341018879080604,11.257925808434308,11.160539991762828,11.238074560602277
2039-12-16,0.6205695181519669,0.4545381862242204,0.464586092506698,0.2864537411828774,0.4841068829505091,0.8150230813565738,0.6045350120635788,0.3896867904002183,11.341018879080595,11.257925808434297,11.160539991762823,11.238074560602271
2039-12-19,0.6205695181519679,0.45453818622422015,0.46458609250669797,0.2864537411828773,0.4841068829505082,0.8150230813565741,0.6045350120635807,0.38968679040021675,11.341018879080595,11.257925808434297,11.160539991762821,11.23807456060227
2039-12-20,0.6205695181519673,0.4545381862242217,0.4645860925066975,0.28645374118287675,0.4841068829505094,0.8150230813565754,0.604535012063579,0.3896867904002169,11.341018879080586,11.257925808434296,11.16053999176282,11.238074560602264
2039-12-21,0.6205695181519668,0.4545381862242227,0.4645860925066987,0.28645374118287725,0.4841068829505092,0.8150230813565749,0.6045350120635796,0.38968679040021664,11.341018879080588,11.257925808434296,11.160539991762821,11.238074560602266
2039-12-22,0.6205695181519675,0.45453818622422115,0.4645860925066981,0.2864537411828776,0.48410688295050835,0.8150230813565762,0.604535012063579,0.38968679040021753,11.341018879080583,11.25792580843429,11.160539991762812,11.238074560602257
2039-12-23,0.6205695181519661,0.45453818622422154,0.4645860925066985,0.28645374118287736,0.48410688295050935,0.8150230813565752,0.6045350120635804,0.389686790400217,11.341018879080577,11.257925808434285,11.160539991762812,11.238074560602254
2039-12-26,0.6205695181519667,0.4545381862242226,0.46458609250669924,0.2864537411828772,0.4841068829505095,0.8150230813565758,0.6045350120635788,0.38968679040021775,11.341018879080575,11.25792580843428,11.160539991762809,11.238074560602254
2039-12-27,0.6205695181519657,0.4545381862242224,0.4645860925066983,0.28645374118287703,0.4841068829505094,0.8150230813565748,0.6045350120635786,0.38968679040021764,11.341018879080575,11.257925808434276,11.160539991762805,11.23807456060225
2039-12-28,0.6205695181519658,0.45453818622422293,0.4645860925066975,0.28645374118287703,0.48410688295050913,0.8150230813565751,0.6045350120635786,0.389686790400218,11.341018879080574,11.25792580843427,11.160539991762798,11.238074560602243
2039-12-29,0.6205695181519661,0.45453818622422204,0.4645860925066986,0.286453741182877,0.4841068829505103,0.8150230813565768,0.6045350120635786,0.38968679040021664,11.341018879080568,11.257925808434265,11.160539991762795,11.238074560602243
2039-12-30,0.6205695181519673,0.45453818622422115,0.4645860925066985,0.28645374118287714,0.4841068829505083,0.8150230813565761,0.6045350120635776,0.3896867904002191,11.341018879080567,11.257925808434265,11.160539991762791,11.23807456060224
2040-01-02,0.6205695181519667,0.4545381862242229,0.4645860925066986,0.2864537411828764,0.48410688295050985,0.815023081356575,0.6045350120635794,0.3896867904002172,11.341018879080563,11.257925808434264,11.16053999176279,11.238074560602236
2040-01-03,0.6205695181519668,0.45453818622422193,0.4645860925066997,0.28645374118287553,0.48410688295050996,0.8150230813565742,0.6045350120635785,0.3896867904002184,11.34101887908056,11.257925808434258,11.160539991762782,11.23807456060223
2040-01-04,0.6205695181519664,0.45453818622422204,0.4645860925066993,0.2864537411828767,0.48410688295050963,0.8150230813565743,0.6045350120635781,0.389686790400217,11.341018879080552,11.257925808434255,11.160539991762779,11.238074560602227
2040-01-05,0.6205695181519643,0.4545381862242217,0.4645860925066997,0.28645374118287664,0.4841068829505095,0.815023081356575,0.6045350120635788,0.3896867904002172,11.341018879080552,11.257925808434257,11.160539991762777,11.238074560602223
2040-01-06,0.6205695181519659,0.4545381862242216,0.4645860925066987,0.286453741182876,0.4841068829505094,0.8150230813565759,0.6045350120635788,0.3896867904002182,11.341018879080549,11.257925808434251,11.160539991762775,11.238074560602223
2040-01-09,0.620569518151965,0.4545381862242226,0.4645860925066987,0.2864537411828758,0.4841068829505094,0.8150230813565749,0.6045350120635782,0.38968679040021714,11.341018879080549,11.257925808434246,11.160539991762775,11.238074560602218
2040-01-10,0.6205695181519664,0.4545381862242218,0.4645860925066988,0.28645374118287675,0.4841068829505091,0.8150230813565751,0.6045350120635785,0.3896867904002161,11.341018879080542,11.257925808434248,11.160539991762771,11.238074560602216
2040-01-11,0.6205695181519666,0.4545381862242217,0.46458609250669924,0.2864537411828751,0.48410688295050786,0.8150230813565754,0.6045350120635793,0.3896867904002184,11.34101887908054,11.257925808434242,11.160539991762764,11.238074560602218
2040-01-12,0.6205695181519659,0.4545381862242217,0.46458609250669924,0.2864537411828757,0.4841068829505105,0.8150230813565742,0.6045350120635786,0.3896867904002162,11.341018879080535,11.257925808434237,11.160539991762764,11.238074560602213
2040-01-13,0.6205695181519659,0.45453818622422315,0.46458609250669947,0.28645374118287575,0.48410688295051046,0.8150230813565749,0.6045350120635787,0.38968679040021664,11.341018879080535,11.257925808434234,11.160539991762759,11.23807456060221
2040-01-16,0.6205695181519657,0.45453818622422126,0.4645860925066975,0.2864537411828749,0.4841068829505101,0.815023081356576,0.6045350120635775,0.3896867904002164,11.341018879080533,11.257925808434234,11.160539991762757,11.238074560602207
2040-01-17,0.6205695181519667,0.45453818622422204,0.4645860925066986,0.2864537411828755,0.4841068829505103,0.8150230813565734,0.6045350120635791,0.3896867904002174,11.341018879080531,11.25792580843423,11.160539991762757,11.238074560602207
2040-01-18,0.6205695181519674,0.4545381862242214,0.4645860925066992,0.2864537411828755,0.48410688295050985,0.8150230813565743,0.6045350120635774,0.38968679040021714,11.341018879080528,11.257925808434225,11.160539991762752,11.238074560602197
2040-01-19,0.620569518151966,0.45453818622422326,0.46458609250669924,0.28645374118287376,0.48410688295050996,0.8150230813565738,0.6045350120635777,0.38968679040021814,11.34101887908052,11.257925808434223,11.160539991762754,11.238074560602193
2040-01-20,0.6205695181519655,0.4545381862242205,0.4645860925066978,0.2864537411828744,0.4841068829505089,0.8150230813565748,0.6045350120635775,0.38968679040021864,11.341018879080526,11.257925808434221,11.160539991762752,11.238074560602197
2040-01-23,0.6205695181519648,0.4545381862242225,0.4645860925066986,0.28645374118287587,0.484106882950509,0.8150230813565734,0.6045350120635786,0.389686790400217,11.34101887908052,11.257925808434218,11.160539991762747,11.238074560602193
2040-01-24,0.6205695181519665,0.4545381862242226,0.46458609250669813,0.28645374118287525,0.48410688295050963,0.8150230813565744,0.6045350120635784,0.3896867904002164,11.341018879080517,11.25792580843422,11.160539991762745,11.23807456060219
2040-01-25,0.6205695181519664,0.45453818622422293,0.4645860925066989,0.28645374118287575,0.48410688295051,0.8150230813565753,0.6045350120635776,0.3896867904002163,11.341018879080513,11.257925808434214,11.16053999176274,11.238074560602188
2040-01-26,0.6205695181519657,0.4545381862242239,0.46458609250669874,0.28645374118287537,0.4841068829505104,0.8150230813565754,0.6045350120635772,0.3896867904002172,11.341018879080506,11.257925808434205,11.160539991762734,11.238074560602186
2040-01-27,0.6205695181519659,0.4545381862242215,0.46458609250669924,0.2864537411828753,0.48410688295050974,0.8150230813565759,0.6045350120635793,0.38968679040021653,11.341018879080508,11.257925808434205,11.16053999176273,11.238074560602183
2040-01-30,0.6205695181519649,0.45453818622422304,0.46458609250669974,0.2864537411828759,0.484106882950509,0.8150230813565764,0.604535012063579,0.3896867904002169,11.341018879080504,11.257925808434203,11.16053999176273,11.238074560602183
2040-01-31,0.6205695181519648,0.45453818622422376,0.464586092506699,0.2864537411828749,0.4841068829505099,0.8150230813565759,0.6045350120635781,0.389686790400218,11.341018879080503,11.2579258084342,11.160539991762725,11.238074560602175
2040-02-01,0.620569518151964,0.45453818622422204,0.46458609250669824,0.2864537411828757,0.4841068829505087,0.8150230813565748,0.6045350120635784,0.3896867904002184,11.341018879080494,11.257925808434194,11.16053999176272,11.23807456060217
2040-02-02,0.6205695181519657,0.4545381862242224,0.4645860925066983,0.2864537411828752,0.4841068829505094,0.8150230813565748,0.6045350120635782,0.3896867904002171,11.341018879080494,11.257925808434193,11.16053999176272,11.23807456060217
2040-02-03,0.6205695181519648,0.4545381862242225,0.4645860925066978,0.2864537411828761,0.4841068829505103,0.8150230813565755,0.6045350120635785,0.3896867904002169,11.341018879080492,11.257925808434189,11.160539991762718,11.238074560602167
2040-02-06,0.6205695181519658,0.4545381862242216,0.46458609250669625,0.28645374118287503,0.48410688295050935,0.8150230813565751,0.6045350120635778,0.38968679040021664,11.341018879080483,11.257925808434186,11.160539991762715,11.238074560602161
2040-02-07,0.6205695181519667,0.4545381862242223,0.46458609250669725,0.2864537411828755,0.4841068829505092,0.8150230813565746,0.6045350120635784,0.389686790400217,11.341018879080488,11.257925808434189,11.160539991762715,11.238074560602161
2040-02-08,0.6205695181519659,0.45453818622422193,0.4645860925066969,0.2864537411828759,0.48410688295050974,0.8150230813565761,0.6045350120635773,0.38968679040021775,11.341018879080483,11.257925808434186,11.160539991762715,11.23807456060216
2040-02-09,0.6205695181519661,0.45453818622422143,0.4645860925066979,0.28645374118287514,0.4841068829505095,0.8150230813565762,0.6045350120635786,0.3896867904002174,11.341018879080483,11.257925808434182,11.160539991762711,11.238074560602152
2040-02-10,0.6205695181519658,0.4545381862242221,0.4645860925066978,0.28645374118287514,0.4841068829505082,0.8150230813565766,0.6045350120635783,0.38968679040021753,11.34101887908048,11.257925808434177,11.160539991762708,11.238074560602156
2040-02-13,0.6205695181519646,0.45453818622422304,0.4645860925066977,0.2864537411828761,0.48410688295050885,0.8150230813565755,0.6045350120635784,0.3896867904002172,11.341018879080478,11.257925808434173,11.160539991762706,11.238074560602152
2040-02-14,0.6205695181519642,0.4545381862242226,0.4645860925066968,0.28645374118287553,0.4841068829505082,0.8150230813565766,0.6045350120635784,0.38968679040021875,11.34101887908047,11.25792580843417,11.160539991762704,11.238074560602147
2040-02-15,0.6205695181519663,0.4545381862242228,0.46458609250669686,0.2864537411828756,0.48410688295050985,0.8150230813565762,0.6045350120635774,0.38968679040021764,11.341018879080469,11.25792580843417,11.160539991762702,11.23807456060215
2040-02-16,0.6205695181519655,0.4545381862242235,0.4645860925066981,0.28645374118287487,0.4841068829505093,0.8150230813565762,0.6045350120635767,0.38968679040021803,11.341018879080467,11.25792580843417,11.160539991762697,11.238074560602147
2040-02-17,0.6205695181519639,0.4545381862242235,0.46458609250669747,0.2864537411828753,0.48410688295050947,0.8150230813565755,0.6045350120635778,0.3896867904002163,11.341018879080465,11.257925808434164,11.160539991762695,11.238074560602143
2040-02-20,0.6205695181519633,0.4545381862242238,0.4645860925066978,0.2864537411828753,0.48410688295050897,0.8150230813565745,0.6045350120635782,0.3896867904002169,11.341018879080465,11.257925808434164,11.160539991762695,11.238074560602142
2040-02-21,0.6205695181519648,0.45453818622422293,0.4645860925066979,0.28645374118287553,0.48410688295050874,0.8150230813565769,0.6045350120635795,0.3896867904002171,11.341018879080458,11.257925808434159,11.160539991762688,11.23807456060214
2040-02-22,0.620569518151965,0.45453818622422226,0.46458609250669713,0.28645374118287537,0.4841068829505095,0.815023081356576,0.6045350120635778,0.38968679040021537,11.341018879080458,11.257925808434154,11.160539991762684,11.238074560602138
2040-02-23,0.6205695181519656,0.45453818622422193,0.4645860925066983,0.286453741182875,0.4841068829505094,0.8150230813565763,0.6045350120635791,0.38968679040021653,11.341018879080456,11.257925808434152,11.160539991762684,11.238074560602133
2040-02-24,0.6205695181519658,0.45453818622422293,0.4645860925066984,0.28645374118287553,0.4841068829505094,0.8150230813565754,0.6045350120635783,0.3896867904002151,11.341018879080453,11.257925808434155,11.16053999176268,11.23807456060213
2040-02-27,0.6205695181519643,0.45453818622422293,0.4645860925066976,0.2864537411828749,0.4841068829505095,0.8150230813565755,0.6045350120635782,0.38968679040021603,11.341018879080455,11.257925808434154,11.160539991762684,11.23807456060213
2040-02-28,0.6205695181519678,0.45453818622422204,0.46458609250669863,0.28645374118287426,0.4841068829505095,0.8150230813565748,0.6045350120635798,0.3896867904002153,11.341018879080451,11.257925808434152,11.16053999176268,11.23807456060213
2040-02-29,0.6205695181519659,0.45453818622422193,0.4645860925066985,0.2864537411828753,0.48410688295050897,0.8150230813565746,0.6045350120635772,0.38968679040021575,11.34101887908045,11.257925808434152,11.160539991762679,11.238074560602124
2040-03-01,0.6205695181519642,0.4545381862242235,0.46458609250669786,0.2864537411828745,0.48410688295051074,0.8150230813565755,0.6045350120635784,0.3896867904002154,11.341018879080446,11.257925808434146,11.160539991762676,11.23807456060212
2040-03-02,0.6205695181519657,0.45453818622422193,0.46458609250669913,0.2864537411828755,0.48410688295050874,0.8150230813565766,0.6045350120635774,0.38968679040021664,11.341018879080444,11.257925808434152,11.160539991762676,11.23807456060212
2040-03-05,0.6205695181519634,0.45453818622422393,0.46458609250669886,0.2864537411828744,0.48410688295051085,0.8150230813565752,0.6045350120635777,0.3896867904002171,11.34101887908044,11.257925808434146,11.160539991762674,11.238074560602119
2040-03-06,0.6205695181519661,0.45453818622422215,0.4645860925066997,0.2864537411828747,0.4841068829505103,0.8150230813565758,0.6045350120635781,0.38968679040021853,11.341018879080439,11.257925808434143,11.16053999176267,11.238074560602117
2040-03-07,0.6205695181519666,0.4545381862242217,0.4645860925066983,0.2864537411828743,0.4841068829505107,0.8150230813565769,0.6045350120635783,0.3896867904002172,11.341018879080433,11.257925808434138,11.160539991762667,11.238074560602115
2040-03-08,0.6205695181519653,0.4545381862242227,0.4645860925066988,0.286453741182875,0.48410688295051063,0.8150230813565742,0.6045350120635773,0.389686790400216,11.341018879080435,11.25792580843414,11.160539991762668,11.238074560602115
2040-03-09,0.6205695181519648,0.4545381862242227,0.46458609250669725,0.28645374118287553,0.48410688295050897,0.8150230813565749,0.6045350120635776,0.3896867904002172,11.341018879080433,11.257925808434134,11.160539991762663,11.238074560602112
2040-03-12,0.6205695181519642,0.4545381862242228,0.46458609250669836,0.2864537411828742,0.48410688295051013,0.8150230813565741,0.6045350120635767,0.38968679040021686,11.341018879080432,11.257925808434134,11.160539991762663,11.238074560602112
2040-03-13,0.6205695181519649,0.4545381862242228,0.46458609250669797,0.28645374118287537,0.4841068829505095,0.8150230813565739,0.6045350120635763,0.3896867904002178,11.341018879080424,11.257925808434129,11.160539991762661,11.238074560602103
2040-03-14,0.6205695181519648,0.45453818622422415,0.46458609250669913,0.286453741182875,0.4841068829505104,0.8150230813565749,0.6045350120635767,0.3896867904002168,11.341018879080424,11.257925808434129,11.160539991762658,11.238074560602103
2040-03-15,0.6205695181519655,0.45453818622422204,0.4645860925066986,0.28645374118287503,0.4841068829505101,0.8150230813565745,0.6045350120635771,0.3896867904002164,11.341018879080424,11.257925808434127,11.160539991762656,11.238074560602103
2040-03-16,0.6205695181519642,0.4545381862242227,0.4645860925066983,0.28645374118287575,0.48410688295050963,0.8150230813565755,0.6045350120635775,0.38968679040021703,11.341018879080424,11.257925808434123,11.160539991762654,11.2380745606021
2040-03-19,0.6205695181519649,0.45453818622422215,0.46458609250669897,0.28645374118287453,0.48410688295050885,0.8150230813565744,0.6045350120635781,0.3896867904002163,11.341018879080421,11.257925808434123,11.160539991762649,11.238074560602099
2040-03-20,0.6205695181519648,0.4545381862242234,0.4645860925066975,0.2864537411828748,0.4841068829505101,0.8150230813565753,0.604535012063577,0.3896867904002154,11.341018879080417,11.257925808434122,11.160539991762654,11.238074560602097
2040-03-21,0.6205695181519628,0.4545381862242228,0.4645860925067,0.2864537411828745,0.48410688295050963,0.8150230813565751,0.6045350120635776,0.3896867904002165,11.34101887908042,11.257925808434118,11.160539991762647,11.238074560602092
2040-03-22,0.620569518151965,0.4545381862242217,0.46458609250669863,0.286453741182875,0.484106882950509,0.8150230813565743,0.6045350120635771,0.38968679040021686,11.341018879080417,11.257925808434118,11.160539991762649,11.238074560602092
2040-03-23,0.620569518151965,0.4545381862242228,0.46458609250669747,0.28645374118287453,0.4841068829505101,0.8150230813565755,0.6045350120635782,0.38968679040021664,11.341018879080416,11.257925808434113,11.160539991762645,11.238074560602092
2040-03-26,0.6205695181519655,0.4545381862242236,0.46458609250669847,0.2864537411828749,0.4841068829505105,0.8150230813565762,0.604535012063578,0.3896867904002163,11.341018879080414,11.257925808434111,11.160539991762644,11.23807456060209
2040-03-27,0.6205695181519653,0.45453818622422315,0.46458609250669924,0.28645374118287403,0.4841068829505103,0.8150230813565749,0.604535012063578,0.3896867904002161,11.341018879080414,11.25792580843411,11.160539991762644,11.238074560602087
2040-03-28,0.6205695181519653,0.45453818622422393,0.4645860925066987,0.28645374118287403,0.48410688295051024,0.8150230813565751,0.6045350120635776,0.3896867904002163,11.341018879080409,11.257925808434104,11.160539991762636,11.238074560602081
2040-03-29,0.6205695181519664,0.4545381862242224,0.4645860925066979,0.2864537411828741,0.4841068829505099,0.8150230813565777,0.6045350120635773,0.38968679040021664,11.34101887908041,11.257925808434104,11.160539991762636,11.238074560602083
2040-03-30,0.620569518151966,0.45453818622422315,0.46458609250669786,0.2864537411828741,0.4841068829505104,0.8150230813565775,0.6045350120635773,0.3896867904002173,11.341018879080407,11.257925808434104,11.160539991762636,11.238074560602083
2040-04-02,0.6205695181519664,0.4545381862242236,0.464586092506699,0.28645374118287364,0.48410688295051085,0.8150230813565758,0.6045350120635768,0.38968679040021686,11.341018879080405,11.2579258084341,11.160539991762633,11.238074560602085
2040-04-03,0.6205695181519635,0.45453818622422315,0.4645860925066983,0.28645374118287426,0.48410688295051035,0.8150230813565768,0.6045350120635766,0.3896867904002164,11.341018879080403,11.257925808434099,11.160539991762631,11.23807456060208
2040-04-04,0.6205695181519646,0.4545381862242227,0.4645860925066986,0.28645374118287453,0.48410688295051063,0.8150230813565766,0.6045350120635764,0.3896867904002164,11.341018879080403,11.257925808434099,11.160539991762633,11.23807456060208
2040-04-05,0.6205695181519653,0.4545381862242228,0.4645860925066991,0.28645374118287426,0.4841068829505102,0.8150230813565758,0.6045350120635762,0.38968679040021553,11.341018879080401,11.257925808434099,11.16053999176263,11.238074560602081
2040-04-06,0.6205695181519646,0.4545381862242236,0.4645860925066983,0.2864537411828737,0.48410688295051135,0.8150230813565764,0.6045350120635766,0.38968679040021664,11.341018879080398,11.257925808434091,11.160539991762624,11.238074560602076
2040-04-09,0.6205695181519646,0.4545381862242226,0.46458609250669813,0.2864537411828738,0.48410688295051174,0.8150230813565758,0.6045350120635756,0.38968679040021675,11.341018879080398,11.257925808434086,11.160539991762622,11.238074560602074
2040-04-10,0.6205695181519648,0.4545381862242238,0.46458609250669863,0.28645374118287403,0.48410688295051096,0.8150230813565758,0.6045350120635775,0.38968679040021653,11.341018879080398,11.25792580843409,11.160539991762624,11.238074560602072
2040-04-11,0.6205695181519644,0.45453818622422304,0.464586092506698,0.2864537411828732,0.48410688295051046,0.8150230813565758,0.6045350120635772,0.3896867904002164,11.341018879080394,11.257925808434088,11.16053999176262,11.238074560602069
2040-04-12,0.6205695181519644,0.4545381862242238,0.4645860925066986,0.2864537411828735,0.4841068829505105,0.8150230813565751,0.6045350120635766,0.3896867904002173,11.341018879080393,11.257925808434086,11.16053999176262,11.238074560602067
2040-04-13,0.6205695181519646,0.45453818622422315,0.4645860925066984,0.28645374118287414,0.48410688295051085,0.8150230813565744,0.6045350120635767,0.389686790400217,11.34101887908039,11.257925808434084,11.160539991762619,11.238074560602065
2040-04-16,0.6205695181519637,0.4545381862242236,0.4645860925066982,0.28645374118287376,0.4841068829505113,0.8150230813565753,0.6045350120635758,0.3896867904002162,11.341018879080393,11.257925808434084,11.160539991762619,11.238074560602065
2040-04-17,0.6205695181519657,0.4545381862242235,0.4645860925066981,0.286453741182873,0.4841068829505102,0.8150230813565748,0.6045350120635782,0.3896867904002171,11.341018879080387,11.257925808434086,11.160539991762615,11.238074560602065
2040-04-18,0.6205695181519657,0.45453818622422415,0.46458609250669713,0.2864537411828746,0.48410688295051063,0.815023081356576,0.6045350120635766,0.389686790400217,11.341018879080385,11.257925808434083,11.160539991762613,11.238074560602062
2040-04-19,0.6205695181519648,0.45453818622422326,0.46458609250669836,0.28645374118287514,0.4841068829505109,0.8150230813565752,0.6045350120635774,0.38968679040021625,11.34101887908038,11.25792580843408,11.160539991762606,11.238074560602058
2040-04-20,0.620569518151964,0.4545381862242237,0.4645860925066974,0.2864537411828746,0.48410688295050963,0.8150230813565754,0.6045350120635767,0.38968679040021575,11.341018879080382,11.257925808434077,11.160539991762608,11.238074560602056
2040-04-23,0.6205695181519646,0.45453818622422326,0.46458609250669824,0.28645374118287537,0.4841068829505098,0.8150230813565768,0.6045350120635778,0.3896867904002166,11.341018879080384,11.257925808434079,11.160539991762608,11.238074560602058
2040-04-24,0.6205695181519646,0.4545381862242237,0.464586092506698,0.2864537411828748,0.48410688295050897,0.8150230813565758,0.6045350120635776,0.38968679040021575,11.341018879080382,11.257925808434079,11.160539991762608,11.238074560602056
2040-04-25,0.6205695181519651,0.4545381862242245,0.4645860925066977,0.2864537411828746,0.48410688295051013,0.8150230813565743,0.6045350120635778,0.38968679040021637,11.34101887908038,11.257925808434079,11.160539991762604,11.238074560602055
2040-04-26,0.6205695181519647,0.45453818622422393,0.4645860925066983,0.28645374118287487,0.48410688295050963,0.8150230813565762,0.6045350120635776,0.38968679040021653,11.341018879080378,11.257925808434075,11.160539991762603,11.238074560602051
2040-04-27,0.6205695181519648,0.45453818622422404,0.46458609250669786,0.2864537411828736,0.48410688295050963,0.8150230813565758,0.6045350120635767,0.3896867904002171,11.341018879080378,11.257925808434077,11.160539991762606,11.238074560602053
2040-04-30,0.6205695181519649,0.4545381862242236,0.46458609250669886,0.2864537411828741,0.4841068829505103,0.8150230813565762,0.6045350120635776,0.3896867904002164,11.341018879080378,11.257925808434072,11.160539991762604,11.238074560602053
2040-05-01,0.6205695181519659,0.45453818622422293,0.4645860925066979,0.28645374118287387,0.4841068829505091,0.8150230813565745,0.6045350120635767,0.38968679040021487,11.341018879080371,11.25792580843407,11.160539991762596,11.23807456060205
2040-05-02,0.6205695181519646,0.45453818622422393,0.46458609250669836,0.28645374118287437,0.4841068829505098,0.8150230813565759,0.6045350120635774,0.3896867904002158,11.341018879080377,11.257925808434072,11.160539991762603,11.238074560602053
2040-05-03,0.6205695181519648,0.4545381862242234,0.46458609250669797,0.2864537411828744,0.48410688295050974,0.8150230813565751,0.6045350120635772,0.38968679040021476,11.341018879080375,11.257925808434068,11.1605399917626,11.238074560602046
2040-05-04,0.6205695181519635,0.4545381862242235,0.4645860925066966,0.28645374118287376,0.4841068829505102,0.8150230813565756,0.6045350120635754,0.3896867904002154,11.341018879080368,11.257925808434065,11.160539991762596,11.238074560602048
2040-05-07,0.6205695181519635,0.45453818622422404,0.4645860925066986,0.2864537411828745,0.48410688295051013,0.8150230813565758,0.6045350120635756,0.38968679040021603,11.341018879080366,11.257925808434065,11.160539991762594,11.238074560602042
2040-05-08,0.6205695181519646,0.45453818622422376,0.46458609250669797,0.286453741182873,0.4841068829505092,0.8150230813565759,0.6045350120635767,0.38968679040021553,11.341018879080364,11.25792580843406,11.160539991762594,11.23807456060204
2040-05-09,0.6205695181519642,0.4545381862242228,0.4645860925066979,0.2864537411828737,0.48410688295050924,0.8150230813565753,0.604535012063578,0.3896867904002155,11.341018879080362,11.25792580843406,11.16053999176259,11.238074560602037
2040-05-10,0.6205695181519644,0.4545381862242238,0.4645860925066978,0.28645374118287337,0.48410688295051085,0.8150230813565758,0.6045350120635774,0.3896867904002166,11.34101887908036,11.25792580843406,11.16053999176259,11.238074560602039
2040-05-11,0.6205695181519653,0.4545381862242237,0.46458609250669747,0.28645374118287364,0.4841068829505105,0.8150230813565764,0.6045350120635768,0.38968679040021553,11.34101887908036,11.25792580843406,11.16053999176259,11.238074560602037
2040-05-14,0.6205695181519657,0.4545381862242228,0.46458609250669813,0.28645374118287315,0.48410688295051035,0.8150230813565741,0.6045350120635765,0.3896867904002164,11.34101887908036,11.257925808434056,11.160539991762588,11.23807456060203
2040-05-15,0.6205695181519664,0.4545381862242226,0.4645860925066982,0.2864537411828743,0.48410688295050974,0.8150230813565762,0.604535012063577,0.38968679040021476,11.34101887908036,11.257925808434056,11.160539991762588,11.238074560602032
2040-05-16,0.6205695181519648,0.4545381862242224,0.46458609250669775,0.2864537411828731,0.4841068829505113,0.8150230813565755,0.6045350120635766,0.3896867904002161,11.34101887908036,11.257925808434054,11.160539991762587,11.238074560602032
2040-05-17,0.6205695181519647,0.4545381862242227,0.4645860925066983,0.28645374118287287,0.4841068829505102,0.8150230813565743,0.6045350120635771,0.389686790400217,11.341018879080357,11.257925808434049,11.160539991762585,11.23807456060203
2040-05-18,0.6205695181519638,0.45453818622422304,0.464586092506698,0.28645374118287387,0.4841068829505101,0.815023081356575,0.6045350120635775,0.389686790400216,11.341018879080357,11.257925808434052,11.160539991762587,11.238074560602026
2040-05-21,0.6205695181519646,0.4545381862242238,0.46458609250669886,0.2864537411828729,0.4841068829505104,0.8150230813565765,0.6045350120635766,0.3896867904002134,11.34101887908035,11.257925808434049,11.160539991762581,11.23807456060203
2040-05-22,0.6205695181519657,0.4545381862242224,0.4645860925066983,0.2864537411828733,0.4841068829505093,0.8150230813565763,0.6045350120635771,0.3896867904002144,11.341018879080352,11.257925808434049,11.160539991762583,11.238074560602026
2040-05-23,0.6205695181519663,0.4545381862242225,0.4645860925066996,0.286453741182872,0.4841068829505091,0.8150230813565754,0.604535012063577,0.38968679040021376,11.341018879080348,11.257925808434043,11.160539991762578,11.238074560602023
2040-05-24,0.6205695181519656,0.4545381862242236,0.4645860925066979,0.28645374118287303,0.48410688295050996,0.8150230813565761,0.6045350120635763,0.38968679040021476,11.341018879080348,11.257925808434049,11.16053999176258,11.238074560602023
2040-05-25,0.6205695181519654,0.45453818622422326,0.4645860925066986,0.28645374118287326,0.4841068829505102,0.8150230813565772,0.6045350120635766,0.3896867904002157,11.341018879080345,11.257925808434043,11.160539991762576,11.238074560602023
2040-05-28,0.6205695181519642,0.4545381862242228,0.4645860925066985,0.28645374118287303,0.48410688295051085,0.8150230813565759,0.6045350120635764,0.38968679040021675,11.341018879080343,11.25792580843404,11.160539991762572,11.23807456060202
2040-05-29,0.6205695181519644,0.4545381862242236,0.4645860925066979,0.2864537411828727,0.48410688295050985,0.8150230813565759,0.6045350120635777,0.38968679040021503,11.341018879080343,11.257925808434036,11.160539991762572,11.238074560602021
2040-05-30,0.6205695181519639,0.45453818622422326,0.4645860925066986,0.2864537411828747,0.48410688295050963,0.8150230813565761,0.6045350120635767,0.38968679040021553,11.341018879080341,11.257925808434036,11.16053999176257,11.23807456060202
2040-05-31,0.6205695181519656,0.4545381862242227,0.46458609250669786,0.2864537411828745,0.4841068829505109,0.815023081356575,0.604535012063577,0.3896867904002143,11.34101887908034,11.257925808434035,11.160539991762569,11.23807456060202
2040-06-01,0.6205695181519642,0.45453818622422426,0.4645860925066975,0.2864537411828752,0.48410688295050985,0.8150230813565754,0.6045350120635763,0.3896867904002156,11.341018879080337,11.257925808434035,11.160539991762567,11.238074560602017
2040-06-04,0.6205695181519657,0.4545381862242227,0.4645860925066989,0.2864537411828737,0.4841068829505121,0.815023081356576,0.6045350120635766,0.38968679040021587,11.341018879080337,11.257925808434036,11.160539991762567,11.23807456060202
2040-06-05,0.6205695181519648,0.4545381862242236,0.46458609250669813,0.2864537411828729,0.48410688295051074,0.8150230813565777,0.6045350120635765,0.3896867904002157,11.341018879080334,11.257925808434033,11.160539991762569,11.238074560602016
2040-06-06,0.620569518151963,0.45453818622422415,0.46458609250669614,0.2864537411828742,0.4841068829505101,0.8150230813565776,0.6045350120635768,0.3896867904002149,11.341018879080337,11.257925808434033,11.160539991762564,11.238074560602014
2040-06-07,0.6205695181519642,0.45453818622422437,0.46458609250669725,0.2864537411828738,0.48410688295051085,0.815023081356577,0.6045350120635754,0.3896867904002163,11.341018879080336,11.257925808434033,11.160539991762567,11.238074560602016
2040-06-08,0.6205695181519639,0.45453818622422326,0.4645860925066979,0.2864537411828742,0.4841068829505102,0.8150230813565769,0.6045350120635772,0.3896867904002151,11.34101887908033,11.257925808434031,11.160539991762565,11.238074560602016
2040-06-11,0.6205695181519632,0.45453818622422437,0.4645860925066978,0.2864537411828742,0.4841068829505112,0.8150230813565751,0.604535012063577,0.3896867904002162,11.341018879080329,11.25792580843403,11.160539991762562,11.238074560602012
2040-06-12,0.6205695181519635,0.4545381862242248,0.4645860925066976,0.2864537411828735,0.48410688295051146,0.8150230813565768,0.6045350120635763,0.3896867904002163,11.34101887908033,11.25792580843403,11.160539991762562,11.238074560602012
2040-06-13,0.620569518151963,0.45453818622422426,0.46458609250669786,0.28645374118287514,0.4841068829505101,0.8150230813565759,0.6045350120635771,0.38968679040021575,11.341018879080329,11.257925808434027,11.160539991762562,11.23807456060201
2040-06-14,0.6205695181519647,0.4545381862242226,0.46458609250669886,0.28645374118287437,0.48410688295050985,0.815023081356575,0.604535012063578,0.389686790400215,11.341018879080329,11.257925808434024,11.160539991762558,11.238074560602003
2040-06-15,0.6205695181519639,0.4545381862242235,0.46458609250669713,0.2864537411828744,0.484106882950509,0.8150230813565768,0.6045350120635762,0.38968679040021553,11.341018879080323,11.25792580843402,11.160539991762555,11.238074560602003
2040-06-18,0.6205695181519639,0.45453818622422393,0.4645860925066979,0.28645374118287437,0.48410688295050996,0.8150230813565761,0.6045350120635766,0.3896867904002151,11.341018879080327,11.25792580843402,11.160539991762557,11.238074560602005
2040-06-19,0.6205695181519645,0.4545381862242236,0.46458609250669775,0.28645374118287303,0.48410688295050985,0.815023081356576,0.6045350120635767,0.3896867904002162,11.341018879080323,11.257925808434019,11.160539991762551,11.238074560602001
2040-06-20,0.6205695181519633,0.4545381862242235,0.46458609250669697,0.28645374118287326,0.48410688295051035,0.8150230813565745,0.6045350120635766,0.3896867904002147,11.341018879080323,11.257925808434022,11.160539991762551,11.238074560602001
2040-06-21,0.6205695181519653,0.45453818622422426,0.4645860925066976,0.28645374118287376,0.4841068829505101,0.815023081356575,0.6045350120635766,0.3896867904002151,11.34101887908032,11.257925808434017,11.160539991762553,11.23807456060199
2040-06-22,0.6205695181519644,0.4545381862242226,0.4645860925066979,0.28645374118287426,0.48410688295050974,0.8150230813565756,0.6045350120635777,0.38968679040021564,11.341018879080321,11.257925808434015,11.16053999176255,11.238074560601987
2040-06-25,0.6205695181519647,0.45453818622422326,0.46458609250669797,0.28645374118287403,0.4841068829505102,0.8150230813565762,0.6045350120635765,0.38968679040021476,11.341018879080321,11.257925808434015,11.16053999176255,11.238074560601998
2040-06-26,0.6205695181519646,0.45453818622422193,0.46458609250669924,0.2864537411828739,0.48410688295050935,0.8150230813565759,0.604535012063577,0.3896867904002152,11.341018879080314,11.257925808434013,11.160539991762546,11.238074560601989
2040-06-27,0.6205695181519633,0.4545381862242237,0.4645860925066985,0.28645374118287437,0.4841068829505094,0.8150230813565759,0.6045350120635764,0.3896867904002147,11.341018879080318,11.257925808434013,11.16053999176255,11.238074560601985
2040-06-28,0.6205695181519648,0.4545381862242227,0.4645860925066995,0.2864537411828736,0.48410688295051085,0.8150230813565771,0.604535012063577,0.38968679040021476,11.341018879080316,11.257925808434011,11.160539991762546,11.238074560601989
2040-06-29,0.6205695181519639,0.45453818622422326,0.46458609250669863,0.28645374118287303,0.48410688295050996,0.8150230813565761,0.6045350120635763,0.38968679040021487,11.341018879080314,11.257925808434013,11.160539991762546,11.238074560601987
2040-07-02,0.6205695181519649,0.45453818622422293,0.46458609250669747,0.2864537411828738,0.4841068829505095,0.8150230813565764,0.6045350120635754,0.3896867904002142,11.341018879080313,11.257925808434011,11.160539991762546,11.238074560601985
2040-07-03,0.6205695181519639,0.4545381862242236,0.4645860925066979,0.28645374118287414,0.48410688295051035,0.8150230813565785,0.6045350120635774,0.38968679040021503,11.341018879080309,11.257925808434013,11.160539991762542,11.238074560601984
2040-07-04,0.6205695181519636,0.45453818622422326,0.4645860925066976,0.28645374118287337,0.4841068829505095,0.8150230813565759,0.6045350120635764,0.3896867904002149,11.341018879080313,11.257925808434008,11.160539991762544,11.238074560601984
2040-07-05,0.6205695181519644,0.4545381862242235,0.46458609250669836,0.2864537411828728,0.4841068829505113,0.8150230813565756,0.6045350120635765,0.38968679040021476,11.341018879080313,11.257925808434011,11.160539991762542,11.238074560601985
2040-07-06,0.620569518151965,0.4545381862242224,0.46458609250669824,0.28645374118287315,0.48410688295051074,0.8150230813565759,0.6045350120635755,0.3896867904002151,11.341018879080309,11.257925808434006,11.160539991762539,11.238074560601984
2040-07-09,0.6205695181519643,0.4545381862242225,0.4645860925066975,0.28645374118287337,0.4841068829505101,0.8150230813565756,0.6045350120635749,0.3896867904002154,11.341018879080307,11.257925808434006,11.160539991762539,11.238074560601984
2040-07-10,0.6205695181519646,0.4545381862242236,0.4645860925066986,0.2864537411828728,0.4841068829505109,0.8150230813565762,0.6045350120635757,0.38968679040021625,11.34101887908031,11.257925808434006,11.16053999176254,11.23807456060198
2040-07-11,0.6205695181519648,0.4545381862242234,0.46458609250669824,0.28645374118287364,0.48410688295050897,0.8150230813565766,0.6045350120635755,0.38968679040021603,11.341018879080302,11.257925808434,11.160539991762539,11.238074560601984
2040-07-12,0.6205695181519657,0.4545381862242218,0.4645860925066987,0.28645374118287376,0.48410688295051063,0.815023081356575,0.6045350120635772,0.38968679040021587,11.341018879080304,11.257925808434004,11.160539991762539,11.23807456060198
2040-07-13,0.6205695181519646,0.4545381862242236,0.4645860925066982,0.2864537411828721,0.48410688295051063,0.8150230813565758,0.6045350120635743,0.3896867904002153,11.341018879080305,11.257925808434,11.160539991762537,11.238074560601985
2040-07-16,0.6205695181519653,0.4545381862242238,0.4645860925066995,0.2864537411828732,0.4841068829505111,0.8150230813565754,0.6045350120635746,0.3896867904002162,11.341018879080302,11.257925808434,11.160539991762533,11.238074560601985
2040-07-17,0.6205695181519654,0.4545381862242237,0.46458609250669913,0.28645374118287353,0.4841068829505102,0.8150230813565752,0.6045350120635764,0.38968679040021575,11.3410188790803,11.257925808433999,11.160539991762533,11.23807456060198
2040-07-18,0.6205695181519644,0.4545381862242225,0.46458609250669886,0.2864537411828741,0.4841068829505093,0.8150230813565748,0.6045350120635772,0.3896867904002151,11.341018879080302,11.257925808433997,11.160539991762533,11.23807456060198
2040-07-19,0.6205695181519636,0.45453818622422426,0.4645860925066989,0.28645374118287253,0.48410688295050963,0.815023081356575,0.6045350120635758,0.3896867904002152,11.341018879080297,11.257925808433994,11.16053999176253,11.23807456060198
2040-07-20,0.6205695181519632,0.45453818622422315,0.4645860925066999,0.2864537411828731,0.4841068829505099,0.8150230813565755,0.6045350120635768,0.38968679040021587,11.341018879080298,11.257925808433997,11.160539991762535,11.238074560601982
2040-07-23,0.6205695181519635,0.45453818622422415,0.4645860925066985,0.28645374118287287,0.48410688295051063,0.8150230813565745,0.6045350120635758,0.3896867904002151,11.341018879080297,11.257925808433995,11.160539991762528,11.238074560601977
2040-07-24,0.6205695181519632,0.45453818622422315,0.46458609250669813,0.2864537411828727,0.48410688295051024,0.8150230813565748,0.604535012063575,0.389686790400216,11.341018879080298,11.257925808433997,11.160539991762533,11.238074560601982
2040-07-25,0.6205695181519637,0.45453818622422326,0.4645860925067,0.2864537411828735,0.4841068829505102,0.8150230813565763,0.6045350120635767,0.3896867904002154,11.341018879080298,11.257925808433995,11.160539991762528,11.238074560601975
2040-07-26,0.6205695181519658,0.4545381862242227,0.46458609250669824,0.2864537411828719,0.4841068829505098,0.8150230813565743,0.6045350120635767,0.389686790400215,11.341018879080298,11.257925808433994,11.160539991762525,11.238074560601971
2040-07-27,0.6205695181519644,0.4545381862242235,0.4645860925066979,0.28645374118287364,0.48410688295051024,0.8150230813565745,0.6045350120635766,0.3896867904002158,11.341018879080297,11.257925808433997,11.160539991762532,11.238074560601978
2040-07-30,0.6205695181519651,0.4545381862242234,0.4645860925066973,0.28645374118287276,0.48410688295050996,0.8150230813565751,0.6045350120635766,0.3896867904002169,11.341018879080297,11.257925808433994,11.160539991762526,11.238074560601975
2040-07-31,0.6205695181519639,0.45453818622422404,0.464586092506699,0.28645374118287326,0.48410688295051046,0.8150230813565754,0.6045350120635771,0.389686790400215,11.341018879080293,11.25792580843399,11.160539991762523,11.238074560601971
2040-08-01,0.6205695181519642,0.4545381862242227,0.46458609250669824,0.2864537411828732,0.4841068829505085,0.8150230813565752,0.6045350120635787,0.3896867904002154,11.341018879080295,11.257925808433992,11.16053999176253,11.238074560601975
2040-08-02,0.6205695181519657,0.4545381862242238,0.46458609250669775,0.2864537411828722,0.4841068829505095,0.8150230813565768,0.604535012063578,0.3896867904002154,11.341018879080295,11.257925808433988,11.160539991762528,11.238074560601973
2040-08-03,0.6205695181519653,0.4545381862242234,0.464586092506697,0.28645374118287165,0.4841068829505095,0.8150230813565763,0.6045350120635771,0.3896867904002155,11.341018879080295,11.257925808433988,11.160539991762523,11.23807456060197
2040-08-06,0.6205695181519663,0.4545381862242234,0.46458609250669786,0.28645374118287237,0.4841068829505097,0.815023081356577,0.6045350120635771,0.38968679040021564,11.341018879080293,11.25792580843399,11.160539991762521,11.238074560601971
2040-08-07,0.6205695181519655,0.4545381862242239,0.4645860925066977,0.28645374118287276,0.4841068829505097,0.8150230813565771,0.604535012063576,0.389686790400215,11.341018879080291,11.257925808433988,11.160539991762521,11.23807456060197
2040-08-08,0.6205695181519642,0.45453818622422415,0.4645860925066983,0.2864537411828728,0.4841068829505095,0.8150230813565762,0.6045350120635774,0.38968679040021553,11.341018879080293,11.257925808433992,11.160539991762526,11.238074560601973
2040-08-09,0.6205695181519646,0.4545381862242236,0.4645860925066985,0.2864537411828723,0.4841068829505085,0.8150230813565761,0.6045350120635773,0.38968679040021503,11.341018879080291,11.257925808433985,11.160539991762517,11.238074560601966
2040-08-10,0.6205695181519633,0.4545381862242234,0.46458609250669725,0.2864537411828712,0.48410688295050924,0.8150230813565753,0.6045350120635766,0.3896867904002142,11.34101887908029,11.257925808433987,11.160539991762517,11.238074560601962
2040-08-13,0.6205695181519646,0.45453818622422437,0.4645860925066979,0.2864537411828726,0.4841068829505105,0.815023081356577,0.6045350120635771,0.3896867904002156,11.341018879080291,11.257925808433988,11.160539991762517,11.23807456060197
2040-08-14,0.620569518151965,0.4545381862242237,0.46458609250669797,0.2864537411828727,0.4841068829505089,0.8150230813565762,0.6045350120635755,0.38968679040021476,11.34101887908029,11.257925808433987,11.160539991762516,11.238074560601964
2040-08-15,0.6205695181519651,0.4545381862242228,0.4645860925066974,0.286453741182871,0.48410688295050974,0.8150230813565764,0.6045350120635756,0.38968679040021564,11.34101887908029,11.257925808433985,11.160539991762517,11.238074560601962
2040-08-16,0.6205695181519655,0.4545381862242236,0.46458609250669874,0.2864537411828722,0.4841068829505107,0.8150230813565768,0.6045350120635762,0.3896867904002141,11.341018879080284,11.257925808433985,11.160539991762514,11.238074560601962
2040-08-17,0.6205695181519642,0.4545381862242238,0.4645860925066978,0.2864537411828707,0.48410688295051074,0.8150230813565752,0.6045350120635758,0.38968679040021525,11.341018879080284,11.257925808433981,11.160539991762516,11.238074560601959
2040-08-20,0.6205695181519642,0.4545381862242237,0.46458609250669813,0.286453741182871,0.48410688295051024,0.8150230813565761,0.6045350120635757,0.38968679040021464,11.341018879080288,11.257925808433981,11.160539991762514,11.23807456060196
2040-08-21,0.6205695181519635,0.4545381862242237,0.4645860925066975,0.28645374118287176,0.4841068829505109,0.8150230813565762,0.604535012063576,0.3896867904002151,11.34101887908029,11.257925808433985,11.160539991762516,11.238074560601962
2040-08-22,0.6205695181519633,0.4545381862242235,0.4645860925066987,0.2864537411828718,0.4841068829505114,0.8150230813565756,0.6045350120635766,0.38968679040021426,11.341018879080279,11.257925808433981,11.160539991762512,11.238074560601957
2040-08-23,0.620569518151965,0.4545381862242235,0.4645860925066986,0.28645374118287187,0.4841068829505114,0.8150230813565753,0.6045350120635773,0.3896867904002149,11.341018879080282,11.25792580843398,11.160539991762514,11.238074560601959
2040-08-24,0.6205695181519644,0.4545381862242236,0.4645860925066977,0.2864537411828731,0.4841068829505111,0.8150230813565763,0.6045350120635771,0.3896867904002141,11.341018879080279,11.257925808433976,11.16053999176251,11.238074560601952
2040-08-27,0.6205695181519653,0.4545381862242237,0.4645860925066982,0.28645374118287215,0.4841068829505114,0.815023081356576,0.6045350120635767,0.38968679040021426,11.341018879080279,11.25792580843398,11.160539991762512,11.238074560601959
2040-08-28,0.6205695181519634,0.4545381862242238,0.4645860925066986,0.28645374118287187,0.4841068829505103,0.8150230813565756,0.6045350120635756,0.3896867904002142,11.341018879080277,11.257925808433976,11.16053999176251,11.238074560601953
2040-08-29,0.6205695181519628,0.4545381862242245,0.4645860925066979,0.28645374118287176,0.4841068829505105,0.8150230813565753,0.6045350120635763,0.3896867904002155,11.341018879080277,11.257925808433974,11.16053999176251,11.238074560601952
2040-08-30,0.6205695181519635,0.4545381862242245,0.4645860925066989,0.2864537411828722,0.48410688295051085,0.8150230813565761,0.6045350120635757,0.3896867904002156,11.341018879080277,11.257925808433974,11.160539991762512,11.23807456060195
2040-08-31,0.620569518151963,0.45453818622422315,0.4645860925066975,0.286453741182874,0.4841068829505102,0.8150230813565752,0.6045350120635757,0.38968679040021476,11.341018879080277,11.257925808433974,11.160539991762512,11.238074560601952
2040-09-03,0.620569518151965,0.45453818622422393,0.46458609250669786,0.286453741182873,0.4841068829505105,0.8150230813565768,0.6045350120635768,0.38968679040021453,11.341018879080275,11.257925808433976,11.16053999176251,11.238074560601953
2040-09-04,0.6205695181519628,0.45453818622422393,0.46458609250669836,0.2864537411828727,0.48410688295050996,0.8150230813565744,0.6045350120635762,0.38968679040021525,11.341018879080275,11.257925808433972,11.16053999176251,11.23807456060195
2040-09-05,0.6205695181519639,0.4545381862242245,0.46458609250669725,0.28645374118287237,0.4841068829505102,0.8150230813565756,0.604535012063576,0.389686790400214,11.341018879080275,11.257925808433976,11.160539991762512,11.238074560601946
2040-09-06,0.6205695181519619,0.45453818622422515,0.46458609250669736,0.2864537411828728,0.4841068829505111,0.8150230813565764,0.6045350120635764,0.38968679040021587,11.341018879080274,11.257925808433974,11.16053999176251,11.238074560601946
2040-09-07,0.6205695181519646,0.4545381862242228,0.46458609250669675,0.28645374118287315,0.48410688295050974,0.8150230813565745,0.6045350120635763,0.38968679040021387,11.341018879080272,11.25792580843397,11.160539991762509,11.23807456060195
2040-09-10,0.6205695181519643,0.45453818622422415,0.4645860925066988,0.28645374118287287,0.4841068829505104,0.8150230813565752,0.6045350120635763,0.38968679040021464,11.341018879080272,11.257925808433972,11.160539991762507,11.238074560601948
2040-09-11,0.6205695181519643,0.4545381862242227,0.4645860925066986,0.28645374118287276,0.48410688295051096,0.8150230813565745,0.604535012063576,0.3896867904002163,11.341018879080272,11.25792580843397,11.160539991762507,11.238074560601948
2040-09-12,0.6205695181519634,0.45453818622422326,0.4645860925066984,0.28645374118287253,0.4841068829505103,0.815023081356575,0.604535012063577,0.3896867904002154,11.341018879080275,11.257925808433969,11.160539991762509,11.238074560601946
2040-09-13,0.6205695181519646,0.4545381862242237,0.46458609250669974,0.2864537411828719,0.4841068829505103,0.8150230813565746,0.6045350120635772,0.3896867904002143,11.341018879080266,11.257925808433967,11.16053999176251,11.238074560601948
2040-09-14,0.6205695181519648,0.45453818622422293,0.46458609250669836,0.2864537411828742,0.4841068829505101,0.8150230813565745,0.6045350120635767,0.389686790400214,11.341018879080274,11.257925808433969,11.160539991762505,11.238074560601943
2040-09-17,0.6205695181519626,0.4545381862242247,0.46458609250669847,0.2864537411828736,0.48410688295051163,0.8150230813565759,0.6045350120635761,0.38968679040021453,11.34101887908027,11.257925808433969,11.160539991762507,11.238074560601946
2040-09-18,0.6205695181519646,0.4545381862242225,0.46458609250669936,0.28645374118287276,0.4841068829505095,0.8150230813565751,0.6045350120635752,0.38968679040021603,11.341018879080268,11.257925808433969,11.1605399917625,11.238074560601943
2040-09-19,0.6205695181519627,0.4545381862242247,0.4645860925067006,0.2864537411828733,0.4841068829505103,0.8150230813565754,0.6045350120635771,0.38968679040021464,11.341018879080268,11.257925808433967,11.160539991762501,11.238074560601946
2040-09-20,0.6205695181519639,0.45453818622422293,0.46458609250669786,0.28645374118287253,0.4841068829505094,0.8150230813565758,0.6045350120635763,0.3896867904002163,11.34101887908027,11.257925808433967,11.160539991762501,11.238074560601946
2040-09-21,0.6205695181519639,0.4545381862242228,0.4645860925066977,0.28645374118287353,0.4841068829505093,0.8150230813565754,0.6045350120635761,0.389686790400215,11.34101887908027,11.257925808433969,11.1605399917625,11.238074560601945
2040-09-24,0.6205695181519637,0.4545381862242228,0.46458609250669736,0.28645374118287303,0.4841068829505091,0.8150230813565761,0.6045350120635761,0.3896867904002152,11.341018879080268,11.257925808433965,11.1605399917625,11.238074560601941
2040-09-25,0.6205695181519653,0.4545381862242226,0.46458609250669874,0.2864537411828731,0.4841068829505093,0.8150230813565741,0.6045350120635766,0.38968679040021464,11.34101887908026,11.257925808433964,11.1605399917625,11.238074560601943
2040-09-26,0.6205695181519648,0.45453818622422315,0.46458609250669736,0.2864537411828734,0.4841068829505092,0.8150230813565752,0.6045350120635753,0.38968679040021464,11.341018879080268,11.257925808433965,11.160539991762496,11.23807456060194
2040-09-27,0.6205695181519644,0.4545381862242227,0.46458609250669836,0.2864537411828736,0.48410688295050985,0.8150230813565745,0.6045350120635763,0.3896867904002142,11.341018879080263,11.257925808433964,11.160539991762498,11.238074560601943
2040-09-28,0.6205695181519653,0.45453818622422215,0.464586092506698,0.28645374118287326,0.48410688295050963,0.8150230813565761,0.6045350120635751,0.38968679040021487,11.341018879080263,11.257925808433964,11.1605399917625,11.238074560601943
2040-10-01,0.6205695181519635,0.4545381862242235,0.4645860925066996,0.28645374118287276,0.4841068829505092,0.8150230813565748,0.604535012063577,0.38968679040021587,11.341018879080261,11.257925808433964,11.1605399917625,11.238074560601937
2040-10-02,0.6205695181519648,0.4545381862242226,0.4645860925066985,0.28645374118287115,0.48410688295051074,0.8150230813565738,0.6045350120635744,0.3896867904002158,11.34101887908026,11.257925808433956,11.160539991762498,11.238074560601943
2040-10-03,0.6205695181519657,0.4545381862242226,0.46458609250669847,0.2864537411828729,0.48410688295050863,0.8150230813565765,0.6045350120635762,0.38968679040021587,11.341018879080266,11.257925808433965,11.160539991762494,11.238074560601943
2040-10-04,0.6205695181519644,0.45453818622422304,0.4645860925066978,0.28645374118287276,0.4841068829505095,0.8150230813565746,0.6045350120635756,0.38968679040021537,11.34101887908026,11.257925808433962,11.160539991762498,11.23807456060194
2040-10-05,0.6205695181519643,0.4545381862242235,0.4645860925066979,0.2864537411828724,0.48410688295050974,0.815023081356575,0.6045350120635755,0.38968679040021464,11.34101887908026,11.257925808433956,11.160539991762496,11.238074560601937
2040-10-08,0.6205695181519653,0.4545381862242228,0.4645860925066987,0.28645374118287165,0.4841068829505105,0.8150230813565758,0.6045350120635744,0.3896867904002149,11.34101887908026,11.257925808433958,11.160539991762496,11.23807456060194
2040-10-09,0.6205695181519636,0.45453818622422326,0.46458609250669863,0.2864537411828737,0.48410688295051035,0.8150230813565749,0.6045350120635754,0.3896867904002151,11.34101887908026,11.25792580843396,11.160539991762498,11.238074560601936
2040-10-10,0.6205695181519637,0.4545381862242226,0.4645860925066979,0.2864537411828734,0.48410688295050985,0.815023081356575,0.6045350120635762,0.3896867904002153,11.34101887908026,11.257925808433956,11.160539991762493,11.23807456060194
2040-10-11,0.6205695181519644,0.4545381862242226,0.464586092506698,0.28645374118287303,0.48410688295050897,0.8150230813565746,0.6045350120635752,0.38968679040021464,11.341018879080258,11.257925808433956,11.160539991762493,11.23807456060194
2040-10-12,0.6205695181519661,0.4545381862242233,0.4645860925066992,0.28645374118287276,0.4841068829505091,0.8150230813565749,0.6045350120635756,0.38968679040021487,11.34101887908026,11.257925808433956,11.160539991762496,11.23807456060194
2040-10-15,0.6205695181519648,0.4545381862242227,0.46458609250669824,0.28645374118287237,0.4841068829505094,0.815023081356574,0.6045350120635754,0.3896867904002139,11.341018879080258,11.257925808433953,11.160539991762493,11.238074560601936
2040-10-16,0.6205695181519642,0.4545381862242237,0.4645860925066989,0.2864537411828722,0.48410688295051074,0.8150230813565751,0.6045350120635755,0.389686790400215,11.341018879080258,11.257925808433953,11.160539991762493,11.238074560601937
2040-10-17,0.6205695181519655,0.45453818622422404,0.464586092506699,0.28645374118287287,0.4841068829505095,0.815023081356576,0.6045350120635756,0.3896867904002153,11.34101887908026,11.257925808433958,11.16053999176249,11.238074560601936
2040-10-18,0.6205695181519636,0.4545381862242236,0.4645860925066995,0.28645374118287176,0.48410688295050835,0.8150230813565735,0.6045350120635754,0.3896867904002145,11.341018879080258,11.257925808433953,11.16053999176249,11.238074560601936
2040-10-19,0.6205695181519637,0.4545381862242232,0.464586092506699,0.28645374118287303,0.4841068829505094,0.8150230813565755,0.6045350120635757,0.3896867904002154,11.341018879080258,11.257925808433953,11.160539991762493,11.238074560601936
2040-10-22,0.6205695181519644,0.4545381862242228,0.4645860925066988,0.2864537411828728,0.4841068829505092,0.815023081356575,0.6045350120635755,0.3896867904002144,11.341018879080256,11.257925808433955,11.16053999176249,11.238074560601937
2040-10-23,0.6205695181519624,0.4545381862242236,0.4645860925066979,0.286453741182873,0.48410688295051,0.8150230813565749,0.604535012063576,0.3896867904002143,11.341018879080258,11.257925808433951,11.160539991762489,11.238074560601936
2040-10-24,0.6205695181519643,0.45453818622422254,0.464586092506699,0.2864537411828723,0.4841068829505107,0.8150230813565751,0.6045350120635762,0.3896867904002157,11.341018879080258,11.257925808433956,11.160539991762493,11.238074560601936
2040-10-25,0.6205695181519646,0.4545381862242235,0.46458609250669763,0.2864537411828733,0.4841068829505093,0.8150230813565753,0.6045350120635763,0.38968679040021453,11.341018879080258,11.257925808433951,11.16053999176249,11.238074560601936
2040-10-26,0.6205695181519642,0.4545381862242234,0.4645860925066986,0.28645374118287126,0.48410688295050985,0.8150230813565751,0.6045350120635755,0.38968679040021487,11.341018879080258,11.257925808433958,11.16053999176249,11.238074560601936
2040-10-29,0.6205695181519637,0.45453818622422404,0.46458609250669863,0.2864537411828726,0.4841068829505102,0.8150230813565745,0.6045350120635761,0.389686790400214,11.341018879080258,11.257925808433953,11.160539991762489,11.238074560601936
2040-10-30,0.620569518151964,0.45453818622422293,0.4645860925066986,0.28645374118287337,0.48410688295050985,0.8150230813565746,0.6045350120635767,0.3896867904002152,11.341018879080254,11.257925808433955,11.160539991762489,11.238074560601934
2040-10-31,0.6205695181519639,0.45453818622422315,0.46458609250669713,0.2864537411828731,0.4841068829505103,0.8150230813565745,0.6045350120635754,0.38968679040021537,11.341018879080256,11.257925808433953,11.160539991762489,11.238074560601936
2040-11-01,0.6205695181519642,0.45453818622422415,0.46458609250669824,0.2864537411828717,0.4841068829505105,0.8150230813565743,0.6045350120635757,0.38968679040021537,11.341018879080258,11.257925808433951,11.160539991762489,11.238074560601937
2040-11-02,0.620569518151964,0.45453818622422315,0.4645860925066978,0.2864537411828722,0.48410688295051074,0.8150230813565751,0.6045350120635758,0.3896867904002153,11.34101887908026,11.257925808433953,11.16053999176249,11.238074560601936
2040-11-05,0.6205695181519637,0.4545381862242242,0.46458609250669963,0.28645374118287126,0.48410688295051163,0.8150230813565761,0.6045350120635761,0.3896867904002149,11.341018879080252,11.25792580843395,11.16053999176249,11.238074560601934
2040-11-06,0.6205695181519635,0.45453818622422515,0.4645860925066975,0.28645374118287287,0.48410688295051,0.8150230813565749,0.6045350120635753,0.3896867904002136,11.341018879080256,11.257925808433953,11.160539991762487,11.238074560601934
2040-11-07,0.6205695181519633,0.45453818622422437,0.46458609250669886,0.2864537411828724,0.48410688295051074,0.8150230813565762,0.6045350120635758,0.3896867904002151,11.341018879080256,11.257925808433953,11.160539991762487,11.238074560601934
2040-11-08,0.6205695181519635,0.4545381862242235,0.46458609250669713,0.2864537411828732,0.4841068829505103,0.8150230813565746,0.6045350120635754,0.3896867904002141,11.341018879080261,11.257925808433955,11.16053999176249,11.238074560601936
2040-11-09,0.6205695181519642,0.45453818622422293,0.46458609250669763,0.28645374118287237,0.48410688295050897,0.8150230813565749,0.6045350120635755,0.389686790400216,11.341018879080258,11.257925808433951,11.160539991762489,11.238074560601936
2040-11-12,0.6205695181519639,0.45453818622422415,0.46458609250669836,0.2864537411828727,0.4841068829505102,0.8150230813565744,0.6045350120635756,0.3896867904002152,11.34101887908026,11.257925808433953,11.160539991762487,11.238074560601934
2040-11-13,0.6205695181519642,0.4545381862242236,0.46458609250669863,0.28645374118287303,0.48410688295050985,0.8150230813565755,0.6045350120635761,0.389686790400214,11.341018879080258,11.257925808433951,11.160539991762485,11.238074560601932
2040-11-14,0.6205695181519633,0.45453818622422437,0.4645860925066972,0.2864537411828732,0.48410688295050985,0.8150230813565752,0.6045350120635757,0.3896867904002152,11.341018879080258,11.25792580843395,11.160539991762487,11.238074560601934
2040-11-15,0.6205695181519626,0.4545381862242237,0.464586092506698,0.286453741182873,0.4841068829505102,0.8150230813565743,0.604535012063575,0.3896867904002142,11.341018879080258,11.257925808433955,11.160539991762489,11.238074560601936
2040-11-16,0.6205695181519642,0.45453818622422393,0.4645860925066987,0.28645374118287154,0.4841068829505104,0.8150230813565755,0.6045350120635752,0.38968679040021387,11.341018879080258,11.257925808433953,11.160539991762489,11.238074560601936
2040-11-19,0.6205695181519638,0.45453818622422365,0.46458609250669725,0.2864537411828741,0.4841068829505093,0.815023081356576,0.6045350120635762,0.38968679040021387,11.341018879080256,11.257925808433953,11.160539991762489,11.238074560601936
2040-11-20,0.6205695181519639,0.45453818622422393,0.4645860925066984,0.28645374118287276,0.48410688295050947,0.8150230813565746,0.6045350120635763,0.38968679040021464,11.341018879080256,11.257925808433953,11.160539991762487,11.238074560601932
2040-11-21,0.6205695181519633,0.4545381862242245,0.4645860925066977,0.28645374118287215,0.4841068829505101,0.8150230813565755,0.6045350120635766,0.3896867904002134,11.341018879080258,11.25792580843395,11.160539991762485,11.238074560601927
2040-11-22,0.6205695181519626,0.45453818622422315,0.4645860925066983,0.2864537411828729,0.4841068829505094,0.815023081356575,0.6045350120635754,0.38968679040021514,11.341018879080258,11.257925808433953,11.160539991762487,11.238074560601934
2040-11-23,0.6205695181519635,0.4545381862242237,0.4645860925066986,0.28645374118287265,0.4841068829505102,0.8150230813565746,0.6045350120635757,0.3896867904002151,11.341018879080254,11.257925808433953,11.160539991762487,11.23807456060193
2040-11-26,0.6205695181519635,0.4545381862242233,0.46458609250669725,0.28645374118287215,0.4841068829505094,0.8150230813565749,0.6045350120635767,0.38968679040021464,11.341018879080256,11.25792580843395,11.160539991762485,11.238074560601932
2040-11-27,0.6205695181519639,0.4545381862242247,0.464586092506697,0.2864537411828727,0.48410688295050985,0.8150230813565746,0.604535012063576,0.38968679040021453,11.341018879080254,11.25792580843395,11.160539991762485,11.238074560601929
2040-11-28,0.6205695181519644,0.45453818622422415,0.46458609250669824,0.2864537411828734,0.48410688295050885,0.8150230813565756,0.6045350120635753,0.38968679040021464,11.341018879080252,11.257925808433951,11.160539991762485,11.238074560601932
2040-11-29,0.620569518151963,0.45453818622422465,0.46458609250669786,0.28645374118287265,0.4841068829505108,0.8150230813565752,0.6045350120635752,0.38968679040021476,11.341018879080256,11.25792580843395,11.160539991762482,11.23807456060193
2040-11-30,0.6205695181519642,0.4545381862242238,0.4645860925066985,0.2864537411828713,0.4841068829505094,0.8150230813565756,0.6045350120635764,0.3896867904002146,11.34101887908026,11.257925808433948,11.160539991762484,11.23807456060193
2040-12-03,0.6205695181519646,0.4545381862242237,0.46458609250669797,0.28645374118287337,0.4841068829505092,0.8150230813565751,0.6045350120635756,0.3896867904002153,11.341018879080256,11.257925808433953,11.160539991762485,11.238074560601932
2040-12-04,0.6205695181519637,0.45453818622422504,0.46458609250669813,0.2864537411828728,0.48410688295051024,0.8150230813565752,0.604535012063576,0.38968679040021426,11.341018879080256,11.25792580843395,11.160539991762484,11.238074560601927
2040-12-05,0.620569518151964,0.45453818622422315,0.46458609250669747,0.2864537411828727,0.4841068829505081,0.8150230813565755,0.6045350120635754,0.3896867904002141,11.34101887908025,11.257925808433951,11.160539991762487,11.238074560601932
2040-12-06,0.620569518151965,0.45453818622422426,0.46458609250669985,0.28645374118287203,0.48410688295051096,0.8150230813565773,0.6045350120635756,0.389686790400214,11.341018879080254,11.25792580843395,11.160539991762484,11.238074560601927
2040-12-07,0.6205695181519633,0.45453818622422504,0.4645860925066996,0.2864537411828725,0.48410688295051096,0.8150230813565764,0.6045350120635762,0.38968679040021564,11.341018879080256,11.257925808433946,11.160539991762484,11.23807456060193
2040-12-10,0.6205695181519637,0.45453818622422437,0.464586092506698,0.2864537411828724,0.48410688295050974,0.8150230813565755,0.6045350120635758,0.3896867904002142,11.341018879080252,11.257925808433946,11.160539991762484,11.23807456060193
2040-12-11,0.6205695181519633,0.4545381862242239,0.464586092506698,0.2864537411828733,0.4841068829505092,0.8150230813565771,0.6045350120635761,0.38968679040021387,11.341018879080258,11.257925808433946,11.160539991762485,11.23807456060193
2040-12-12,0.6205695181519632,0.45453818622422426,0.4645860925066976,0.2864537411828728,0.4841068829505092,0.8150230813565759,0.6045350120635746,0.3896867904002139,11.341018879080254,11.25792580843395,11.160539991762484,11.238074560601932
2040-12-13,0.6205695181519648,0.4545381862242224,0.4645860925066981,0.2864537411828738,0.4841068829505093,0.8150230813565758,0.604535012063576,0.3896867904002143,11.341018879080254,11.257925808433944,11.160539991762484,11.238074560601927
2040-12-14,0.6205695181519646,0.45453818622422315,0.4645860925066986,0.2864537411828722,0.48410688295051024,0.8150230813565755,0.6045350120635763,0.38968679040021487,11.341018879080256,11.257925808433948,11.160539991762485,11.238074560601932
2040-12-17,0.6205695181519637,0.4545381862242231,0.46458609250669813,0.28645374118287276,0.4841068829505084,0.8150230813565755,0.6045350120635762,0.3896867904002154,11.341018879080256,11.257925808433944,11.160539991762484,11.23807456060193
2040-12-18,0.6205695181519648,0.4545381862242247,0.46458609250669813,0.2864537411828735,0.4841068829505094,0.8150230813565758,0.6045350120635757,0.389686790400215,11.341018879080252,11.257925808433946,11.160539991762484,11.238074560601927
2040-12-19,0.6205695181519628,0.4545381862242248,0.4645860925066991,0.28645374118287253,0.4841068829505102,0.8150230813565753,0.6045350120635756,0.3896867904002144,11.341018879080254,11.257925808433946,11.160539991762482,11.23807456060193
2040-12-20,0.6205695181519626,0.4545381862242247,0.4645860925066989,0.28645374118287337,0.48410688295050874,0.8150230813565751,0.6045350120635762,0.38968679040021487,11.341018879080254,11.257925808433944,11.160539991762482,11.23807456060193
2040-12-21,0.6205695181519639,0.4545381862242245,0.464586092506698,0.28645374118287226,0.48410688295050963,0.8150230813565766,0.6045350120635754,0.389686790400216,11.341018879080249,11.257925808433944,11.160539991762482,11.238074560601923
2040-12-24,0.6205695181519644,0.4545381862242246,0.464586092506699,0.28645374118287187,0.48410688295051063,0.8150230813565758,0.6045350120635744,0.389686790400215,11.341018879080256,11.25792580843395,11.160539991762484,11.23807456060193
2040-12-25,0.6205695181519644,0.45453818622422404,0.4645860925066989,0.2864537411828735,0.4841068829505098,0.8150230813565773,0.6045350120635753,0.38968679040021564,11.34101887908025,11.257925808433942,11.160539991762484,11.238074560601923
2040-12-26,0.6205695181519639,0.4545381862242246,0.46458609250669863,0.28645374118287337,0.4841068829505102,0.8150230813565764,0.6045350120635756,0.389686790400215,11.34101887908025,11.257925808433944,11.160539991762484,11.238074560601927
2040-12-27,0.6205695181519658,0.4545381862242241,0.46458609250669947,0.2864537411828731,0.4841068829505102,0.8150230813565764,0.6045350120635758,0.38968679040021476,11.341018879080256,11.257925808433944,11.160539991762484,11.238074560601927
2040-12-28,0.6205695181519648,0.45453818622422215,0.4645860925066976,0.2864537411828731,0.48410688295050885,0.8150230813565763,0.6045350120635762,0.3896867904002152,11.341018879080252,11.257925808433944,11.160539991762482,11.238074560601923
2040-12-31,0.6205695181519628,0.45453818622422437,0.46458609250669836,0.28645374118287364,0.4841068829505111,0.8150230813565764,0.6045350120635758,0.3896867904002152,11.341018879080252,11.257925808433944,11.160539991762482,11.238074560601923
2041-01-01,0.6205695181519625,0.45453818622422404,0.4645860925066987,0.28645374118287303,0.4841068829505103,0.8150230813565758,0.6045350120635758,0.38968679040021487,11.341018879080254,11.257925808433942,11.16053999176248,11.238074560601925
2041-01-02,0.6205695181519648,0.4545381862242234,0.46458609250669836,0.28645374118287226,0.48410688295050996,0.8150230813565755,0.6045350120635766,0.38968679040021487,11.341018879080252,11.257925808433944,11.160539991762482,11.238074560601927
2041-01-03,0.620569518151964,0.45453818622422393,0.4645860925066987,0.2864537411828731,0.4841068829505103,0.8150230813565762,0.6045350120635764,0.38968679040021464,11.341018879080254,11.257925808433944,11.160539991762482,11.238074560601925
2041-01-04,0.6205695181519627,0.4545381862242235,0.46458609250669786,0.28645374118287326,0.4841068829505094,0.8150230813565752,0.604535012063576,0.38968679040021537,11.34101887908025,11.257925808433944,11.16053999176248,11.238074560601923
2041-01-07,0.6205695181519633,0.4545381862242238,0.46458609250669775,0.286453741182873,0.4841068829505095,0.8150230813565761,0.6045350120635754,0.38968679040021575,11.34101887908025,11.25792580843394,11.16053999176248,11.238074560601923
2041-01-08,0.6205695181519648,0.4545381862242237,0.46458609250669775,0.2864537411828733,0.48410688295050996,0.8150230813565773,0.6045350120635765,0.38968679040021564,11.341018879080249,11.25792580843394,11.16053999176248,11.238074560601921
2041-01-09,0.6205695181519648,0.45453818622422415,0.4645860925066978,0.2864537411828721,0.4841068829505103,0.8150230813565768,0.6045350120635758,0.3896867904002152,11.341018879080249,11.257925808433942,11.16053999176248,11.238074560601921
2041-01-10,0.6205695181519626,0.4545381862242237,0.46458609250669763,0.28645374118287215,0.48410688295051013,0.8150230813565755,0.6045350120635755,0.3896867904002152,11.341018879080249,11.25792580843394,11.16053999176248,11.238074560601923
2041-01-11,0.6205695181519635,0.4545381862242256,0.46458609250669813,0.28645374118287065,0.4841068829505112,0.8150230813565763,0.6045350120635756,0.3896867904002161,11.341018879080247,11.257925808433942,11.160539991762478,11.238074560601921
2041-01-14,0.620569518151963,0.45453818622422426,0.46458609250669874,0.28645374118287326,0.48410688295051074,0.8150230813565763,0.6045350120635766,0.38968679040021525,11.34101887908025,11.257925808433942,11.160539991762482,11.238074560601923
2041-01-15,0.6205695181519637,0.45453818622422393,0.46458609250669763,0.28645374118287237,0.4841068829505106,0.8150230813565771,0.6045350120635742,0.3896867904002154,11.341018879080247,11.25792580843394,11.160539991762478,11.238074560601921
2041-01-16,0.6205695181519615,0.45453818622422437,0.4645860925066975,0.2864537411828726,0.4841068829505102,0.815023081356576,0.6045350120635754,0.3896867904002154,11.341018879080249,11.257925808433937,11.160539991762478,11.238074560601918
2041-01-17,0.6205695181519637,0.4545381862242242,0.46458609250669675,0.28645374118287315,0.48410688295050996,0.8150230813565761,0.6045350120635758,0.38968679040021387,11.341018879080247,11.257925808433939,11.16053999176248,11.23807456060192
2041-01-18,0.6205695181519633,0.4545381862242238,0.4645860925066978,0.28645374118287203,0.4841068829505108,0.8150230813565762,0.6045350120635754,0.38968679040021487,11.34101887908025,11.25792580843394,11.160539991762482,11.238074560601921
2041-01-21,0.6205695181519634,0.45453818622422504,0.46458609250669824,0.28645374118287237,0.48410688295050974,0.8150230813565765,0.604535012063576,0.3896867904002154,11.341018879080249,11.25792580843394,11.16053999176248,11.238074560601921
2041-01-22,0.6205695181519657,0.45453818622422315,0.46458609250669897,0.2864537411828725,0.48410688295051074,0.8150230813565768,0.6045350120635758,0.3896867904002142,11.341018879080242,11.257925808433937,11.160539991762475,11.238074560601916
2041-01-23,0.6205695181519637,0.4545381862242235,0.46458609250669824,0.2864537411828724,0.4841068829505105,0.815023081356577,0.6045350120635758,0.3896867904002154,11.341018879080249,11.257925808433939,11.16053999176248,11.238074560601921
2041-01-24,0.6205695181519645,0.45453818622422426,0.4645860925066976,0.2864537411828724,0.48410688295050996,0.8150230813565754,0.6045350120635757,0.3896867904002164,11.34101887908025,11.257925808433942,11.160539991762482,11.238074560601921
2041-01-25,0.6205695181519633,0.4545381862242247,0.4645860925066976,0.2864537411828727,0.4841068829505106,0.8150230813565762,0.6045350120635745,0.38968679040021553,11.341018879080247,11.257925808433939,11.160539991762475,11.238074560601916
2041-01-28,0.620569518151963,0.4545381862242245,0.46458609250669725,0.2864537411828736,0.48410688295051085,0.8150230813565763,0.6045350120635752,0.3896867904002152,11.341018879080243,11.257925808433939,11.160539991762475,11.238074560601914
2041-01-29,0.6205695181519633,0.45453818622422426,0.4645860925066977,0.28645374118287265,0.48410688295051074,0.8150230813565759,0.6045350120635752,0.38968679040021476,11.341018879080249,11.257925808433939,11.16053999176248,11.238074560601921
2041-01-30,0.6205695181519646,0.45453818622422415,0.4645860925066974,0.2864537411828737,0.4841068829505105,0.8150230813565771,0.604535012063575,0.38968679040021564,11.341018879080247,11.257925808433939,11.160539991762478,11.238074560601916
2041-01-31,0.6205695181519644,0.45453818622422293,0.46458609250669797,0.28645374118287237,0.4841068829505101,0.8150230813565769,0.6045350120635756,0.38968679040021603,11.341018879080247,11.257925808433937,11.160539991762475,11.238074560601914
2041-02-01,0.6205695181519622,0.4545381862242245,0.4645860925066968,0.2864537411828735,0.4841068829505091,0.8150230813565761,0.6045350120635765,0.3896867904002141,11.341018879080245,11.257925808433939,11.16053999176248,11.238074560601916
2041-02-04,0.6205695181519624,0.4545381862242255,0.46458609250669697,0.28645374118287265,0.4841068829505112,0.815023081356576,0.6045350120635741,0.38968679040021464,11.341018879080245,11.257925808433939,11.160539991762475,11.238074560601916
2041-02-05,0.6205695181519642,0.45453818622422415,0.46458609250670024,0.28645374118287237,0.4841068829505113,0.8150230813565766,0.6045350120635754,0.3896867904002145,11.341018879080243,11.257925808433937,11.160539991762473,11.238074560601916
2041-02-06,0.6205695181519628,0.45453818622422426,0.46458609250669747,0.2864537411828719,0.48410688295051074,0.8150230813565765,0.6045350120635745,0.38968679040021453,11.341018879080247,11.257925808433939,11.160539991762477,11.238074560601916
2041-02-07,0.6205695181519627,0.4545381862242247,0.46458609250669824,0.28645374118287315,0.4841068829505107,0.8150230813565771,0.6045350120635755,0.3896867904002141,11.341018879080249,11.25792580843394,11.160539991762478,11.238074560601923
2041-02-08,0.6205695181519648,0.45453818622422415,0.464586092506698,0.28645374118287226,0.4841068829505103,0.8150230813565771,0.6045350120635754,0.3896867904002151,11.341018879080245,11.257925808433937,11.160539991762475,11.238074560601916
2041-02-11,0.6205695181519644,0.45453818622422415,0.46458609250669797,0.2864537411828728,0.48410688295051124,0.8150230813565773,0.604535012063576,0.3896867904002163,11.341018879080245,11.257925808433935,11.160539991762475,11.238074560601914
2041-02-12,0.6205695181519643,0.45453818622422437,0.4645860925066975,0.28645374118287326,0.4841068829505113,0.8150230813565765,0.6045350120635756,0.3896867904002141,11.341018879080245,11.257925808433937,11.160539991762473,11.238074560601914
2041-02-13,0.6205695181519642,0.4545381862242247,0.464586092506698,0.2864537411828734,0.4841068829505103,0.8150230813565764,0.6045350120635764,0.3896867904002141,11.341018879080243,11.257925808433937,11.160539991762475,11.238074560601914
2041-02-14,0.6205695181519635,0.4545381862242248,0.46458609250669763,0.28645374118287265,0.48410688295050996,0.8150230813565777,0.6045350120635756,0.38968679040021376,11.34101887908025,11.257925808433937,11.160539991762475,11.23807456060192
2041-02-15,0.6205695181519622,0.45453818622422426,0.4645860925066981,0.2864537411828722,0.48410688295051085,0.8150230813565773,0.6045350120635752,0.38968679040021587,11.341018879080242,11.257925808433937,11.160539991762475,11.238074560601914
2041-02-18,0.6205695181519632,0.45453818622422437,0.4645860925066984,0.2864537411828727,0.48410688295051024,0.8150230813565773,0.6045350120635751,0.38968679040021487,11.341018879080247,11.257925808433935,11.160539991762475,11.238074560601916
2041-02-19,0.6205695181519628,0.45453818622422504,0.46458609250669763,0.28645374118287326,0.4841068829505112,0.8150230813565774,0.604535012063575,0.3896867904002151,11.34101887908025,11.257925808433939,11.160539991762478,11.238074560601918
2041-02-20,0.6205695181519642,0.45453818622422415,0.46458609250669847,0.2864537411828728,0.484106882950511,0.8150230813565766,0.6045350120635755,0.3896867904002154,11.341018879080245,11.257925808433937,11.160539991762473,11.238074560601914
2041-02-21,0.6205695181519647,0.45453818622422304,0.46458609250669736,0.28645374118287226,0.4841068829505111,0.8150230813565773,0.6045350120635751,0.38968679040021525,11.341018879080247,11.257925808433939,11.160539991762475,11.238074560601916
2041-02-22,0.6205695181519646,0.45453818622422426,0.4645860925066983,0.286453741182873,0.48410688295050996,0.8150230813565764,0.6045350120635751,0.3896867904002154,11.341018879080245,11.257925808433937,11.160539991762473,11.238074560601914
2041-02-25,0.6205695181519642,0.4545381862242249,0.4645860925066972,0.28645374118287315,0.4841068829505112,0.8150230813565782,0.6045350120635761,0.3896867904002153,11.341018879080245,11.257925808433937,11.160539991762471,11.238074560601914
2041-02-26,0.6205695181519642,0.45453818622422504,0.4645860925066977,0.28645374118287414,0.4841068829505101,0.8150230813565772,0.6045350120635754,0.389686790400215,11.341018879080245,11.257925808433937,11.160539991762471,11.238074560601914
2041-02-27,0.6205695181519639,0.45453818622422426,0.46458609250669847,0.286453741182872,0.4841068829505116,0.8150230813565764,0.6045350120635749,0.38968679040021453,11.341018879080249,11.257925808433939,11.160539991762477,11.238074560601916
2041-02-28,0.6205695181519653,0.4545381862242246,0.4645860925066974,0.28645374118287237,0.48410688295050924,0.8150230813565764,0.6045350120635765,0.38968679040021476,11.341018879080245,11.257925808433937,11.160539991762475,11.238074560601914
2041-03-01,0.6205695181519666,0.4545381862242228,0.4645860925066965,0.2864537411828727,0.48410688295050996,0.8150230813565764,0.604535012063575,0.38968679040021564,11.341018879080245,11.257925808433939,11.160539991762471,11.238074560601916
2041-03-04,0.6205695181519647,0.45453818622422437,0.4645860925066968,0.28645374118287315,0.4841068829505099,0.8150230813565769,0.6045350120635763,0.3896867904002141,11.341018879080245,11.257925808433935,11.160539991762471,11.238074560601914
2041-03-05,0.6205695181519639,0.4545381862242247,0.4645860925066978,0.28645374118287203,0.4841068829505105,0.8150230813565768,0.6045350120635735,0.38968679040021487,11.341018879080245,11.257925808433937,11.160539991762475,11.238074560601914
2041-03-06,0.6205695181519642,0.4545381862242237,0.46458609250669763,0.28645374118287315,0.48410688295050935,0.8150230813565755,0.6045350120635762,0.38968679040021464,11.341018879080245,11.257925808433939,11.160539991762477,11.238074560601914
2041-03-07,0.6205695181519644,0.45453818622422404,0.46458609250669836,0.28645374118287337,0.4841068829505103,0.8150230813565766,0.6045350120635765,0.3896867904002152,11.341018879080242,11.257925808433937,11.160539991762473,11.238074560601914
2041-03-08,0.6205695181519653,0.45453818622422393,0.46458609250669747,0.28645374118287353,0.4841068829505104,0.8150230813565782,0.604535012063575,0.38968679040021453,11.341018879080243,11.257925808433939,11.160539991762473,11.238074560601914
2041-03-11,0.6205695181519646,0.45453818622422326,0.46458609250669775,0.28645374118287215,0.48410688295050913,0.8150230813565769,0.6045350120635763,0.3896867904002149,11.341018879080243,11.257925808433935,11.160539991762471,11.238074560601914
2041-03-12,0.6205695181519639,0.45453818622422404,0.4645860925066977,0.28645374118287226,0.4841068829505105,0.815023081356578,0.6045350120635746,0.3896867904002143,11.341018879080243,11.257925808433935,11.160539991762473,11.238074560601913
2041-03-13,0.6205695181519637,0.45453818622422426,0.4645860925066974,0.2864537411828746,0.48410688295050974,0.8150230813565774,0.6045350120635757,0.3896867904002151,11.341018879080238,11.257925808433935,11.160539991762471,11.238074560601914
2041-03-14,0.6205695181519639,0.454538186224225,0.46458609250669836,0.28645374118287276,0.48410688295051046,0.8150230813565773,0.6045350120635747,0.3896867904002149,11.341018879080242,11.257925808433937,11.160539991762473,11.238074560601914
2041-03-15,0.6205695181519642,0.4545381862242238,0.46458609250669763,0.2864537411828726,0.48410688295050963,0.8150230813565758,0.6045350120635757,0.3896867904002162,11.341018879080242,11.257925808433937,11.160539991762471,11.238074560601914
2041-03-18,0.6205695181519643,0.4545381862242245,0.4645860925066967,0.28645374118287303,0.4841068829505101,0.8150230813565758,0.6045350120635754,0.38968679040021487,11.341018879080238,11.257925808433935,11.16053999176247,11.23807456060191
2041-03-19,0.6205695181519637,0.45453818622422404,0.4645860925066986,0.2864537411828729,0.48410688295051096,0.8150230813565758,0.6045350120635761,0.3896867904002161,11.341018879080236,11.257925808433935,11.160539991762468,11.23807456060191
2041-03-20,0.6205695181519633,0.4545381862242247,0.46458609250669747,0.2864537411828727,0.48410688295051024,0.8150230813565769,0.604535012063575,0.38968679040021426,11.341018879080242,11.257925808433933,11.160539991762471,11.23807456060191
2041-03-21,0.6205695181519639,0.4545381862242245,0.46458609250669725,0.2864537411828737,0.4841068829505108,0.8150230813565761,0.604535012063575,0.38968679040021553,11.341018879080242,11.257925808433937,11.16053999176247,11.23807456060191
2041-03-22,0.6205695181519626,0.4545381862242246,0.4645860925066992,0.28645374118287276,0.4841068829505109,0.8150230813565771,0.6045350120635757,0.3896867904002149,11.341018879080238,11.257925808433933,11.160539991762468,11.23807456060191
2041-03-25,0.6205695181519629,0.45453818622422393,0.46458609250669747,0.2864537411828727,0.48410688295051096,0.8150230813565762,0.6045350120635751,0.38968679040021453,11.341018879080238,11.257925808433933,11.160539991762466,11.238074560601909
2041-03-26,0.6205695181519635,0.4545381862242255,0.4645860925066976,0.28645374118287315,0.48410688295051196,0.8150230813565758,0.6045350120635754,0.3896867904002141,11.341018879080238,11.257925808433933,11.160539991762468,11.23807456060191
2041-03-27,0.6205695181519644,0.45453818622422504,0.46458609250669747,0.28645374118287276,0.4841068829505117,0.8150230813565769,0.6045350120635751,0.38968679040021564,11.341018879080238,11.257925808433932,11.160539991762468,11.238074560601909
2041-03-28,0.6205695181519642,0.45453818622422226,0.46458609250669786,0.2864537411828724,0.4841068829505104,0.8150230813565758,0.6045350120635761,0.38968679040021587,11.341018879080236,11.257925808433935,11.160539991762466,11.23807456060191
2041-03-29,0.6205695181519639,0.4545381862242247,0.46458609250669897,0.2864537411828723,0.4841068829505097,0.8150230813565776,0.6045350120635758,0.3896867904002151,11.341018879080238,11.257925808433932,11.160539991762464,11.238074560601907
2041-04-01,0.6205695181519639,0.4545381862242238,0.4645860925066987,0.28645374118287403,0.4841068829505108,0.8150230813565765,0.6045350120635764,0.3896867904002144,11.341018879080236,11.257925808433932,11.160539991762464,11.238074560601909
2041-04-02,0.6205695181519638,0.45453818622422404,0.4645860925066979,0.286453741182872,0.4841068829505111,0.8150230813565762,0.6045350120635749,0.38968679040021514,11.341018879080234,11.257925808433928,11.160539991762464,11.238074560601907
2041-04-03,0.6205695181519642,0.45453818622422404,0.4645860925066972,0.28645374118287326,0.48410688295051096,0.8150230813565766,0.6045350120635755,0.3896867904002147,11.341018879080236,11.257925808433932,11.160539991762466,11.238074560601909
2041-04-04,0.6205695181519633,0.4545381862242248,0.4645860925066977,0.2864537411828728,0.48410688295051113,0.8150230813565768,0.6045350120635752,0.3896867904002144,11.341018879080234,11.257925808433932,11.160539991762466,11.238074560601909
2041-04-05,0.6205695181519636,0.45453818622422504,0.4645860925066991,0.2864537411828724,0.4841068829505112,0.8150230813565751,0.6045350120635746,0.3896867904002152,11.341018879080233,11.257925808433928,11.160539991762464,11.238074560601907
2041-04-08,0.6205695181519647,0.4545381862242236,0.4645860925066987,0.28645374118287265,0.4841068829505116,0.8150230813565773,0.6045350120635752,0.3896867904002151,11.34101887908023,11.257925808433926,11.160539991762462,11.238074560601904
2041-04-09,0.6205695181519639,0.45453818622422415,0.4645860925066979,0.2864537411828735,0.48410688295051124,0.815023081356577,0.6045350120635753,0.38968679040021353,11.341018879080234,11.257925808433932,11.160539991762466,11.238074560601909
2041-04-10,0.6205695181519642,0.4545381862242249,0.464586092506699,0.2864537411828722,0.4841068829505103,0.8150230813565756,0.6045350120635756,0.38968679040021487,11.341018879080233,11.257925808433932,11.160539991762464,11.238074560601909
2041-04-11,0.6205695181519638,0.4545381862242238,0.46458609250669747,0.28645374118287337,0.4841068829505111,0.815023081356576,0.604535012063575,0.38968679040021453,11.34101887908023,11.257925808433928,11.16053999176246,11.238074560601905
2041-04-12,0.6205695181519642,0.45453818622422304,0.4645860925066983,0.2864537411828731,0.48410688295051085,0.8150230813565773,0.6045350120635755,0.3896867904002147,11.341018879080233,11.257925808433926,11.160539991762464,11.238074560601905
2041-04-15,0.6205695181519642,0.4545381862242227,0.46458609250669763,0.28645374118287315,0.4841068829505104,0.8150230813565766,0.6045350120635758,0.38968679040021487,11.34101887908023,11.257925808433924,11.160539991762457,11.238074560601904
2041-04-16,0.6205695181519633,0.45453818622422404,0.46458609250669763,0.28645374118287326,0.4841068829505111,0.8150230813565758,0.6045350120635751,0.3896867904002143,11.34101887908023,11.257925808433924,11.160539991762459,11.238074560601902
2041-04-17,0.6205695181519635,0.45453818622422393,0.46458609250669725,0.2864537411828729,0.4841068829505117,0.8150230813565762,0.6045350120635751,0.38968679040021464,11.341018879080227,11.257925808433923,11.160539991762457,11.238074560601904
2041-04-18,0.6205695181519635,0.4545381862242246,0.4645860925066987,0.2864537411828726,0.4841068829505104,0.8150230813565766,0.6045350120635766,0.38968679040021365,11.341018879080226,11.25792580843392,11.160539991762457,11.238074560601904
2041-04-19,0.620569518151965,0.4545381862242236,0.46458609250669836,0.2864537411828726,0.4841068829505103,0.8150230813565763,0.6045350120635772,0.38968679040021414,11.341018879080229,11.257925808433919,11.160539991762455,11.238074560601904
2041-04-22,0.6205695181519629,0.4545381862242234,0.4645860925066982,0.286453741182873,0.4841068829505103,0.8150230813565759,0.6045350120635762,0.3896867904002143,11.341018879080227,11.257925808433919,11.160539991762453,11.2380745606019
2041-04-23,0.6205695181519635,0.45453818622422426,0.4645860925066976,0.28645374118287203,0.4841068829505109,0.815023081356576,0.6045350120635766,0.38968679040021464,11.34101887908023,11.257925808433919,11.160539991762453,11.238074560601902
2041-04-24,0.6205695181519629,0.45453818622422404,0.4645860925066975,0.286453741182872,0.4841068829505112,0.8150230813565756,0.6045350120635766,0.3896867904002154,11.341018879080224,11.257925808433919,11.160539991762453,11.2380745606019
2041-04-25,0.620569518151963,0.45453818622422315,0.4645860925066975,0.286453741182872,0.48410688295051124,0.8150230813565765,0.6045350120635754,0.38968679040021453,11.341018879080226,11.257925808433919,11.160539991762453,11.238074560601898
2041-04-26,0.6205695181519632,0.4545381862242248,0.4645860925066989,0.28645374118287226,0.4841068829505111,0.8150230813565756,0.6045350120635758,0.3896867904002154,11.341018879080222,11.257925808433916,11.160539991762452,11.238074560601898
2041-04-29,0.6205695181519633,0.4545381862242235,0.46458609250669797,0.28645374118287276,0.48410688295051185,0.8150230813565758,0.6045350120635754,0.38968679040021464,11.341018879080226,11.257925808433917,11.160539991762455,11.238074560601898
2041-04-30,0.6205695181519628,0.45453818622422393,0.4645860925066973,0.2864537411828718,0.484106882950511,0.8150230813565763,0.6045350120635761,0.38968679040021453,11.341018879080226,11.257925808433916,11.160539991762452,11.238074560601897
2041-05-01,0.620569518151962,0.45453818622422437,0.46458609250669763,0.2864537411828729,0.48410688295051063,0.8150230813565758,0.6045350120635763,0.3896867904002154,11.341018879080226,11.257925808433916,11.160539991762452,11.238074560601897
2041-05-02,0.6205695181519627,0.45453818622422404,0.4645860925066967,0.28645374118287215,0.4841068829505104,0.8150230813565764,0.6045350120635755,0.3896867904002151,11.341018879080224,11.257925808433917,11.160539991762452,11.238074560601897
2041-05-03,0.6205695181519634,0.45453818622422393,0.4645860925066979,0.2864537411828721,0.48410688295050996,0.8150230813565762,0.604535012063575,0.3896867904002142,11.341018879080222,11.257925808433917,11.160539991762452,11.238074560601897
2041-05-06,0.6205695181519635,0.45453818622422415,0.4645860925066968,0.2864537411828735,0.4841068829505094,0.8150230813565762,0.6045350120635751,0.3896867904002154,11.341018879080226,11.257925808433917,11.16053999176245,11.238074560601895
2041-05-07,0.6205695181519628,0.4545381862242246,0.4645860925066974,0.2864537411828708,0.4841068829505103,0.815023081356576,0.6045350120635757,0.38968679040021437,11.341018879080222,11.257925808433919,11.16053999176245,11.238074560601897
2041-05-08,0.6205695181519648,0.4545381862242247,0.4645860925066976,0.2864537411828727,0.4841068829505096,0.8150230813565753,0.6045350120635749,0.38968679040021476,11.341018879080224,11.257925808433917,11.16053999176245,11.238074560601893
2041-05-09,0.6205695181519635,0.45453818622422415,0.4645860925066986,0.28645374118287203,0.4841068829505099,0.8150230813565768,0.6045350120635761,0.38968679040021453,11.341018879080222,11.257925808433919,11.16053999176245,11.238074560601891
2041-05-10,0.6205695181519633,0.4545381862242234,0.464586092506698,0.2864537411828729,0.4841068829505098,0.8150230813565768,0.6045350120635757,0.38968679040021487,11.341018879080224,11.257925808433917,11.16053999176245,11.238074560601895
2041-05-13,0.6205695181519638,0.45453818622422504,0.4645860925066973,0.2864537411828722,0.4841068829505101,0.8150230813565762,0.6045350120635766,0.3896867904002143,11.341018879080222,11.257925808433916,11.16053999176245,11.238074560601895
2041-05-14,0.6205695181519634,0.45453818622422426,0.46458609250669786,0.2864537411828722,0.48410688295051063,0.8150230813565755,0.6045350120635758,0.3896867904002154,11.341018879080222,11.257925808433917,11.16053999176245,11.238074560601893
2041-05-15,0.6205695181519626,0.4545381862242247,0.4645860925066991,0.2864537411828727,0.48410688295051063,0.8150230813565756,0.604535012063576,0.3896867904002148,11.34101887908022,11.257925808433916,11.16053999176245,11.238074560601893
2041-05-16,0.620569518151963,0.45453818622422426,0.464586092506699,0.2864537411828724,0.4841068829505102,0.815023081356577,0.6045350120635762,0.3896867904002139,11.341018879080224,11.257925808433919,11.16053999176245,11.238074560601893
2041-05-17,0.6205695181519635,0.45453818622422437,0.46458609250669786,0.2864537411828719,0.4841068829505107,0.8150230813565759,0.6045350120635745,0.38968679040021376,11.341018879080222,11.257925808433916,11.160539991762452,11.238074560601895
2041-05-20,0.6205695181519642,0.45453818622422404,0.46458609250669786,0.28645374118287137,0.48410688295051,0.8150230813565761,0.6045350120635747,0.389686790400216,11.341018879080226,11.257925808433914,11.160539991762453,11.238074560601893
2041-05-21,0.620569518151965,0.45453818622422426,0.46458609250669836,0.2864537411828723,0.4841068829505105,0.815023081356576,0.6045350120635749,0.389686790400214,11.34101887908022,11.257925808433916,11.16053999176245,11.238074560601893
2041-05-22,0.6205695181519637,0.4545381862242249,0.4645860925066981,0.28645374118287215,0.48410688295051085,0.815023081356576,0.6045350120635755,0.3896867904002139,11.34101887908022,11.257925808433916,11.16053999176245,11.238074560601893
2041-05-23,0.6205695181519643,0.4545381862242246,0.4645860925066979,0.2864537411828724,0.48410688295051063,0.8150230813565769,0.6045350120635753,0.38968679040021525,11.341018879080222,11.257925808433916,11.160539991762452,11.238074560601891
2041-05-24,0.6205695181519628,0.45453818622422393,0.464586092506698,0.28645374118287137,0.4841068829505094,0.8150230813565753,0.6045350120635752,0.3896867904002152,11.341018879080224,11.257925808433916,11.16053999176245,11.238074560601893
2041-05-27,0.6205695181519633,0.4545381862242247,0.4645860925066979,0.2864537411828718,0.4841068829505103,0.815023081356576,0.6045350120635764,0.38968679040021403,11.341018879080224,11.257925808433917,11.16053999176245,11.238074560601893
2041-05-28,0.6205695181519642,0.4545381862242234,0.4645860925066992,0.2864537411828727,0.4841068829505099,0.815023081356577,0.604535012063576,0.3896867904002133,11.341018879080218,11.257925808433916,11.160539991762448,11.238074560601891
2041-05-29,0.6205695181519642,0.4545381862242234,0.46458609250669874,0.28645374118287187,0.4841068829505106,0.8150230813565758,0.604535012063575,0.38968679040021587,11.341018879080224,11.257925808433916,11.160539991762446,11.238074560601893
2041-05-30,0.6205695181519647,0.4545381862242256,0.46458609250669824,0.28645374118287165,0.4841068829505114,0.815023081356577,0.6045350120635756,0.3896867904002143,11.34101887908022,11.257925808433917,11.16053999176245,11.238074560601895
2041-05-31,0.6205695181519637,0.45453818622422404,0.46458609250669847,0.2864537411828715,0.4841068829505106,0.8150230813565759,0.6045350120635762,0.389686790400214,11.34101887908022,11.257925808433912,11.16053999176245,11.238074560601893
2041-06-03,0.6205695181519635,0.4545381862242248,0.46458609250669836,0.2864537411828712,0.48410688295051063,0.8150230813565762,0.6045350120635758,0.3896867904002151,11.341018879080222,11.257925808433916,11.16053999176245,11.238074560601891
2041-06-04,0.6205695181519624,0.45453818622422504,0.46458609250669836,0.28645374118287237,0.4841068829505103,0.8150230813565764,0.6045350120635743,0.38968679040021403,11.34101887908022,11.257925808433916,11.160539991762452,11.238074560601891
2041-06-05,0.6205695181519635,0.4545381862242258,0.4645860925066988,0.2864537411828719,0.48410688295051096,0.8150230813565771,0.604535012063576,0.3896867904002133,11.34101887908022,11.257925808433914,11.160539991762452,11.238074560601893
2041-06-06,0.6205695181519636,0.4545381862242245,0.4645860925066986,0.2864537411828718,0.48410688295051074,0.8150230813565776,0.6045350120635754,0.3896867904002143,11.341018879080218,11.257925808433916,11.160539991762452,11.238074560601895
2041-06-07,0.6205695181519646,0.4545381862242257,0.4645860925066984,0.2864537411828705,0.48410688295051063,0.8150230813565753,0.6045350120635752,0.38968679040021437,11.341018879080224,11.257925808433916,11.160539991762452,11.238074560601891
2041-06-10,0.6205695181519653,0.4545381862242236,0.4645860925066978,0.286453741182872,0.4841068829505102,0.8150230813565758,0.6045350120635756,0.389686790400214,11.341018879080222,11.257925808433916,11.16053999176245,11.238074560601893
2041-06-11,0.6205695181519642,0.45453818622422404,0.46458609250669847,0.2864537411828712,0.4841068829505102,0.8150230813565764,0.6045350120635765,0.3896867904002147,11.34101887908022,11.257925808433916,11.160539991762448,11.238074560601893
2041-06-12,0.620569518151963,0.45453818622422426,0.4645860925066976,0.286453741182872,0.48410688295051074,0.815023081356576,0.6045350120635763,0.38968679040021353,11.34101887908022,11.257925808433916,11.16053999176245,11.238074560601895
2041-06-13,0.620569518151964,0.4545381862242246,0.464586092506699,0.2864537411828722,0.48410688295051063,0.815023081356576,0.6045350120635754,0.38968679040021564,11.34101887908022,11.257925808433916,11.160539991762448,11.238074560601891
2041-06-14,0.6205695181519627,0.4545381862242249,0.4645860925066981,0.2864537411828721,0.4841068829505101,0.8150230813565769,0.6045350120635756,0.38968679040021376,11.341018879080222,11.257925808433914,11.16053999176245,11.238074560601893
2041-06-17,0.6205695181519628,0.45453818622422437,0.4645860925066976,0.28645374118287137,0.4841068829505112,0.8150230813565769,0.6045350120635755,0.38968679040021503,11.34101887908022,11.257925808433916,11.16053999176245,11.238074560601893
2041-06-18,0.6205695181519635,0.45453818622422415,0.46458609250669824,0.2864537411828711,0.4841068829505103,0.815023081356576,0.6045350120635756,0.38968679040021476,11.341018879080224,11.257925808433916,11.160539991762452,11.238074560601891
2041-06-19,0.620569518151963,0.45453818622422415,0.46458609250669963,0.28645374118287154,0.4841068829505112,0.8150230813565753,0.6045350120635767,0.3896867904002154,11.341018879080215,11.257925808433916,11.160539991762448,11.238074560601891
2041-06-20,0.6205695181519633,0.45453818622422537,0.46458609250669813,0.2864537411828716,0.4841068829505105,0.8150230813565758,0.6045350120635758,0.3896867904002139,11.34101887908022,11.257925808433914,11.16053999176245,11.238074560601891
2041-06-21,0.6205695181519622,0.45453818622422404,0.46458609250669863,0.2864537411828714,0.48410688295051046,0.8150230813565759,0.6045350120635747,0.38968679040021487,11.34101887908022,11.257925808433916,11.16053999176245,11.238074560601893
2041-06-24,0.620569518151964,0.4545381862242238,0.46458609250669824,0.286453741182872,0.4841068829505105,0.8150230813565765,0.6045350120635753,0.3896867904002143,11.34101887908022,11.257925808433916,11.16053999176245,11.238074560601891
2041-06-25,0.6205695181519617,0.45453818622422415,0.4645860925066986,0.28645374118287076,0.48410688295051035,0.8150230813565763,0.6045350120635743,0.38968679040021453,11.34101887908022,11.257925808433914,11.16053999176245,11.23807456060189
2041-06-26,0.6205695181519637,0.4545381862242245,0.4645860925066994,0.28645374118287215,0.48410688295050897,0.815023081356576,0.6045350120635754,0.38968679040021437,11.341018879080222,11.257925808433916,11.16053999176245,11.238074560601891
2041-06-27,0.6205695181519636,0.4545381862242237,0.4645860925066993,0.2864537411828718,0.4841068829505101,0.815023081356576,0.6045350120635754,0.3896867904002136,11.34101887908022,11.257925808433912,11.160539991762448,11.238074560601891
2041-06-28,0.6205695181519633,0.4545381862242245,0.4645860925066967,0.28645374118287215,0.4841068829505102,0.815023081356576,0.6045350120635747,0.3896867904002135,11.341018879080224,11.257925808433916,11.16053999176245,11.238074560601891
2041-07-01,0.6205695181519642,0.45453818622422415,0.46458609250669847,0.28645374118287176,0.4841068829505088,0.8150230813565745,0.6045350120635763,0.3896867904002141,11.34101887908022,11.257925808433912,11.16053999176245,11.238074560601891
2041-07-02,0.6205695181519635,0.4545381862242249,0.4645860925066993,0.28645374118287165,0.4841068829505102,0.8150230813565749,0.6045350120635752,0.38968679040021514,11.341018879080218,11.257925808433912,11.16053999176245,11.23807456060189
2041-07-03,0.620569518151963,0.45453818622422526,0.46458609250669763,0.28645374118287087,0.48410688295050974,0.8150230813565753,0.6045350120635772,0.3896867904002131,11.341018879080222,11.257925808433916,11.160539991762452,11.238074560601897
2041-07-04,0.6205695181519628,0.4545381862242245,0.46458609250669947,0.2864537411828709,0.48410688295051124,0.8150230813565754,0.6045350120635762,0.3896867904002133,11.341018879080218,11.257925808433912,11.16053999176245,11.238074560601891
2041-07-05,0.620569518151965,0.4545381862242255,0.4645860925066988,0.2864537411828728,0.4841068829505102,0.8150230813565771,0.6045350120635749,0.38968679040021403,11.341018879080218,11.257925808433912,11.160539991762446,11.238074560601893
2041-07-08,0.6205695181519637,0.4545381862242237,0.4645860925066975,0.286453741182872,0.4841068829505102,0.8150230813565772,0.6045350120635763,0.3896867904002142,11.34101887908022,11.257925808433916,11.160539991762446,11.238074560601893
2041-07-09,0.6205695181519637,0.4545381862242238,0.46458609250669936,0.2864537411828719,0.4841068829505111,0.8150230813565764,0.6045350120635757,0.3896867904002142,11.341018879080217,11.257925808433912,11.160539991762446,11.238074560601888
2041-07-10,0.6205695181519644,0.4545381862242236,0.46458609250669813,0.2864537411828714,0.4841068829505105,0.8150230813565751,0.604535012063575,0.38968679040021337,11.341018879080218,11.257925808433912,11.160539991762446,11.238074560601888
2041-07-11,0.6205695181519638,0.4545381862242245,0.46458609250669775,0.2864537411828721,0.4841068829505102,0.8150230813565773,0.604535012063575,0.38968679040021376,11.34101887908022,11.257925808433912,11.16053999176245,11.238074560601893
2041-07-12,0.620569518151964,0.4545381862242257,0.4645860925066991,0.28645374118287126,0.48410688295051096,0.8150230813565761,0.6045350120635758,0.3896867904002143,11.341018879080215,11.25792580843391,11.160539991762446,11.23807456060189
2041-07-15,0.6205695181519644,0.4545381862242245,0.4645860925066974,0.28645374118287104,0.4841068829505105,0.8150230813565754,0.6045350120635757,0.38968679040021387,11.341018879080218,11.257925808433912,11.160539991762446,11.23807456060189
2041-07-16,0.6205695181519638,0.4545381862242246,0.4645860925066985,0.2864537411828719,0.48410688295051085,0.8150230813565772,0.604535012063577,0.38968679040021476,11.341018879080215,11.25792580843391,11.160539991762448,11.238074560601888
2041-07-17,0.6205695181519634,0.4545381862242235,0.4645860925066976,0.2864537411828736,0.48410688295050985,0.8150230813565764,0.6045350120635746,0.38968679040021414,11.341018879080218,11.25792580843391,11.160539991762446,11.23807456060189
2041-07-18,0.6205695181519646,0.4545381862242235,0.4645860925066986,0.2864537411828719,0.4841068829505106,0.8150230813565753,0.6045350120635752,0.3896867904002141,11.34101887908022,11.257925808433912,11.160539991762446,11.23807456060189
2041-07-19,0.620569518151963,0.45453818622422515,0.46458609250669847,0.28645374118287137,0.4841068829505113,0.8150230813565758,0.6045350120635763,0.38968679040021426,11.341018879080218,11.257925808433908,11.160539991762448,11.23807456060189
2041-07-22,0.6205695181519626,0.4545381862242249,0.46458609250669863,0.28645374118287187,0.4841068829505111,0.8150230813565766,0.6045350120635755,0.38968679040021414,11.341018879080215,11.25792580843391,11.160539991762448,11.238074560601888
2041-07-23,0.6205695181519646,0.4545381862242238,0.4645860925066987,0.2864537411828726,0.48410688295051096,0.8150230813565769,0.6045350120635755,0.38968679040021476,11.34101887908022,11.257925808433916,11.160539991762446,11.23807456060189
2041-07-24,0.6205695181519648,0.4545381862242237,0.46458609250669713,0.2864537411828715,0.48410688295050996,0.8150230813565756,0.6045350120635745,0.38968679040021476,11.34101887908022,11.25792580843391,11.160539991762446,11.238074560601886
2041-07-25,0.6205695181519637,0.4545381862242248,0.4645860925066982,0.28645374118287176,0.4841068829505099,0.8150230813565758,0.604535012063576,0.3896867904002137,11.341018879080217,11.257925808433908,11.160539991762445,11.238074560601888
2041-07-26,0.620569518151964,0.4545381862242245,0.4645860925066983,0.28645374118287137,0.48410688295050974,0.8150230813565761,0.6045350120635763,0.38968679040021464,11.341018879080218,11.257925808433908,11.160539991762446,11.23807456060189
2041-07-29,0.6205695181519644,0.45453818622422515,0.46458609250669886,0.28645374118287154,0.4841068829505101,0.8150230813565752,0.6045350120635776,0.3896867904002131,11.341018879080217,11.257925808433907,11.160539991762448,11.238074560601891
2041-07-30,0.6205695181519637,0.4545381862242245,0.464586092506699,0.28645374118287265,0.4841068829505095,0.8150230813565759,0.6045350120635755,0.389686790400214,11.341018879080217,11.25792580843391,11.160539991762448,11.23807456060189
2041-07-31,0.6205695181519637,0.45453818622422393,0.464586092506698,0.2864537411828705,0.4841068829505109,0.8150230813565749,0.6045350120635755,0.3896867904002148,11.341018879080217,11.257925808433907,11.160539991762446,11.238074560601882
2041-08-01,0.620569518151965,0.4545381862242246,0.4645860925066979,0.286453741182871,0.4841068829505105,0.8150230813565742,0.6045350120635762,0.38968679040021476,11.341018879080218,11.25792580843391,11.160539991762446,11.238074560601888
2041-08-02,0.6205695181519642,0.45453818622422293,0.46458609250669847,0.28645374118287137,0.48410688295051146,0.8150230813565753,0.6045350120635755,0.3896867904002161,11.34101887908022,11.257925808433912,11.160539991762446,11.238074560601886
2041-08-05,0.6205695181519639,0.4545381862242245,0.4645860925066989,0.28645374118287104,0.48410688295051063,0.8150230813565763,0.6045350120635758,0.38968679040021464,11.341018879080217,11.25792580843391,11.160539991762445,11.238074560601886
2041-08-06,0.6205695181519636,0.4545381862242248,0.4645860925066988,0.2864537411828721,0.4841068829505101,0.8150230813565746,0.6045350120635755,0.3896867904002142,11.341018879080218,11.257925808433908,11.160539991762446,11.238074560601886
2041-08-07,0.6205695181519642,0.45453818622422315,0.4645860925066985,0.28645374118287187,0.48410688295051074,0.8150230813565746,0.604535012063576,0.3896867904002159,11.341018879080215,11.257925808433907,11.160539991762446,11.238074560601886
2041-08-08,0.6205695181519633,0.4545381862242255,0.464586092506698,0.28645374118287176,0.4841068829505104,0.8150230813565765,0.6045350120635756,0.3896867904002141,11.341018879080215,11.257925808433908,11.160539991762445,11.238074560601884
2041-08-09,0.6205695181519648,0.45453818622422526,0.46458609250669913,0.28645374118287104,0.48410688295051046,0.8150230813565758,0.6045350120635753,0.38968679040021376,11.341018879080217,11.257925808433907,11.160539991762446,11.238074560601886
2041-08-12,0.6205695181519649,0.45453818622422426,0.4645860925066985,0.28645374118287203,0.48410688295050996,0.8150230813565758,0.6045350120635761,0.38968679040021514,11.341018879080213,11.257925808433908,11.160539991762446,11.238074560601882
2041-08-13,0.6205695181519624,0.4545381862242245,0.4645860925066986,0.2864537411828716,0.4841068829505108,0.8150230813565758,0.6045350120635758,0.389686790400215,11.341018879080217,11.257925808433912,11.160539991762446,11.238074560601884
2041-08-14,0.6205695181519637,0.4545381862242245,0.464586092506699,0.2864537411828714,0.4841068829505104,0.8150230813565755,0.6045350120635761,0.3896867904002139,11.341018879080217,11.257925808433908,11.160539991762445,11.238074560601888
2041-08-15,0.620569518151963,0.4545381862242248,0.4645860925066994,0.2864537411828709,0.4841068829505111,0.8150230813565756,0.6045350120635753,0.38968679040021587,11.341018879080217,11.25792580843391,11.160539991762443,11.238074560601882
2041-08-16,0.6205695181519633,0.45453818622422404,0.4645860925066988,0.2864537411828713,0.4841068829505102,0.8150230813565746,0.604535012063576,0.38968679040021476,11.341018879080213,11.257925808433908,11.160539991762445,11.238074560601886
2041-08-19,0.6205695181519629,0.45453818622422393,0.4645860925066985,0.2864537411828712,0.4841068829505104,0.8150230813565745,0.6045350120635754,0.3896867904002151,11.341018879080213,11.257925808433908,11.160539991762446,11.238074560601882
2041-08-20,0.6205695181519635,0.4545381862242234,0.46458609250669824,0.28645374118287104,0.48410688295051096,0.815023081356575,0.6045350120635752,0.38968679040021487,11.341018879080213,11.257925808433903,11.160539991762443,11.238074560601882
2041-08-21,0.6205695181519629,0.45453818622422504,0.46458609250669836,0.2864537411828717,0.48410688295050985,0.8150230813565746,0.6045350120635747,0.38968679040021437,11.341018879080215,11.257925808433908,11.160539991762446,11.238074560601882
2041-08-22,0.6205695181519633,0.45453818622422426,0.46458609250669813,0.28645374118287126,0.4841068829505111,0.8150230813565745,0.6045350120635753,0.38968679040021587,11.341018879080215,11.257925808433905,11.160539991762445,11.238074560601886
2041-08-23,0.6205695181519637,0.4545381862242246,0.4645860925066989,0.2864537411828705,0.48410688295051035,0.815023081356575,0.6045350120635764,0.3896867904002143,11.341018879080211,11.257925808433905,11.160539991762445,11.238074560601882
2041-08-26,0.6205695181519635,0.45453818622422426,0.46458609250669886,0.28645374118287104,0.4841068829505106,0.8150230813565753,0.6045350120635766,0.389686790400215,11.34101887908021,11.257925808433905,11.160539991762445,11.238074560601882
2041-08-27,0.6205695181519651,0.45453818622422476,0.4645860925066987,0.28645374118287037,0.48410688295051085,0.8150230813565751,0.6045350120635766,0.38968679040021514,11.341018879080211,11.257925808433905,11.160539991762445,11.238074560601882
2041-08-28,0.6205695181519646,0.45453818622422393,0.46458609250669797,0.2864537411828716,0.48410688295050996,0.8150230813565761,0.6045350120635761,0.389686790400214,11.341018879080215,11.257925808433905,11.160539991762446,11.238074560601882
2041-08-29,0.620569518151963,0.45453818622422515,0.46458609250669747,0.28645374118287004,0.48410688295051085,0.8150230813565734,0.604535012063576,0.3896867904002144,11.341018879080211,11.257925808433903,11.160539991762445,11.238074560601884
2041-08-30,0.6205695181519646,0.45453818622422415,0.4645860925066968,0.2864537411828714,0.48410688295051024,0.8150230813565755,0.6045350120635755,0.38968679040021476,11.341018879080213,11.257925808433905,11.160539991762443,11.238074560601879
2041-09-02,0.6205695181519649,0.45453818622422426,0.46458609250669763,0.28645374118287126,0.4841068829505111,0.8150230813565749,0.6045350120635756,0.389686790400215,11.341018879080213,11.257925808433907,11.160539991762443,11.238074560601879
2041-09-03,0.6205695181519623,0.4545381862242247,0.46458609250669847,0.2864537411828701,0.4841068829505122,0.8150230813565753,0.6045350120635758,0.38968679040021525,11.341018879080213,11.257925808433905,11.160539991762443,11.238074560601882
2041-09-04,0.6205695181519644,0.45453818622422404,0.4645860925066982,0.2864537411828707,0.4841068829505116,0.8150230813565749,0.6045350120635765,0.38968679040021353,11.341018879080211,11.257925808433907,11.160539991762443,11.23807456060188
2041-09-05,0.6205695181519651,0.45453818622422426,0.46458609250669824,0.28645374118287154,0.48410688295050985,0.8150230813565762,0.6045350120635764,0.38968679040021437,11.341018879080215,11.257925808433907,11.160539991762443,11.238074560601882
2041-09-06,0.6205695181519642,0.45453818622422426,0.4645860925066989,0.28645374118287137,0.4841068829505111,0.8150230813565756,0.6045350120635768,0.3896867904002154,11.341018879080211,11.257925808433905,11.160539991762443,11.23807456060188
2041-09-09,0.6205695181519633,0.45453818622422426,0.46458609250669824,0.28645374118287165,0.48410688295051024,0.8150230813565769,0.6045350120635767,0.38968679040021426,11.341018879080213,11.257925808433901,11.160539991762445,11.23807456060188
2041-09-10,0.6205695181519638,0.4545381862242245,0.4645860925066973,0.2864537411828713,0.48410688295051096,0.8150230813565753,0.6045350120635753,0.3896867904002156,11.341018879080213,11.257925808433903,11.160539991762443,11.238074560601879
2041-09-11,0.6205695181519636,0.4545381862242236,0.46458609250669847,0.2864537411828702,0.4841068829505105,0.8150230813565746,0.6045350120635762,0.38968679040021426,11.341018879080215,11.257925808433907,11.160539991762443,11.238074560601882
2041-09-12,0.6205695181519639,0.4545381862242235,0.46458609250669874,0.2864537411828703,0.48410688295051035,0.8150230813565749,0.6045350120635752,0.3896867904002141,11.341018879080211,11.257925808433901,11.160539991762441,11.238074560601879
2041-09-13,0.6205695181519644,0.45453818622422415,0.46458609250669747,0.2864537411828707,0.48410688295051113,0.815023081356576,0.6045350120635756,0.3896867904002152,11.34101887908021,11.257925808433903,11.160539991762441,11.23807456060188
2041-09-16,0.6205695181519655,0.4545381862242238,0.4645860925066986,0.28645374118287076,0.4841068829505115,0.815023081356575,0.6045350120635757,0.38968679040021553,11.341018879080215,11.257925808433905,11.160539991762446,11.238074560601882
2041-09-17,0.620569518151963,0.4545381862242245,0.46458609250669813,0.2864537411828712,0.4841068829505102,0.8150230813565743,0.6045350120635771,0.3896867904002151,11.341018879080211,11.257925808433905,11.160539991762445,11.23807456060188
2041-09-18,0.6205695181519635,0.45453818622422404,0.46458609250669813,0.28645374118287126,0.4841068829505114,0.8150230813565751,0.6045350120635773,0.38968679040021503,11.341018879080211,11.257925808433901,11.160539991762443,11.238074560601875
2041-09-19,0.6205695181519637,0.45453818622422437,0.4645860925066986,0.2864537411828712,0.48410688295051113,0.8150230813565764,0.6045350120635751,0.3896867904002144,11.34101887908021,11.257925808433901,11.160539991762441,11.238074560601877
2041-09-20,0.620569518151965,0.45453818622422293,0.46458609250669863,0.28645374118287115,0.48410688295050935,0.8150230813565751,0.6045350120635753,0.3896867904002155,11.34101887908021,11.257925808433903,11.160539991762445,11.238074560601882
2041-09-23,0.620569518151963,0.4545381862242249,0.4645860925066971,0.28645374118287126,0.48410688295051063,0.8150230813565765,0.6045350120635761,0.3896867904002153,11.341018879080213,11.257925808433901,11.16053999176244,11.238074560601875
2041-09-24,0.6205695181519637,0.4545381862242238,0.46458609250669713,0.28645374118287203,0.4841068829505109,0.815023081356576,0.6045350120635761,0.38968679040021353,11.341018879080206,11.2579258084339,11.160539991762445,11.238074560601873
2041-09-25,0.6205695181519633,0.4545381862242246,0.4645860925066982,0.2864537411828713,0.48410688295051124,0.8150230813565758,0.6045350120635756,0.3896867904002151,11.34101887908021,11.257925808433901,11.16053999176244,11.238074560601879
2041-09-26,0.6205695181519648,0.45453818622422426,0.4645860925066975,0.28645374118287187,0.48410688295051085,0.8150230813565745,0.6045350120635754,0.3896867904002151,11.34101887908021,11.257925808433903,11.160539991762443,11.238074560601879
2041-09-27,0.6205695181519639,0.45453818622422415,0.4645860925066975,0.2864537411828717,0.4841068829505113,0.8150230813565749,0.6045350120635764,0.38968679040021464,11.34101887908021,11.257925808433903,11.16053999176244,11.238074560601879
2041-09-30,0.6205695181519648,0.4545381862242238,0.46458609250669813,0.2864537411828704,0.48410688295051046,0.8150230813565746,0.604535012063576,0.3896867904002162,11.341018879080211,11.257925808433903,11.160539991762443,11.23807456060188
2041-10-01,0.6205695181519642,0.45453818622422526,0.4645860925066982,0.2864537411828708,0.48410688295051146,0.8150230813565758,0.6045350120635757,0.3896867904002148,11.34101887908021,11.257925808433901,11.160539991762441,11.238074560601877
2041-10-02,0.6205695181519637,0.4545381862242237,0.4645860925066976,0.28645374118287176,0.4841068829505115,0.8150230813565758,0.6045350120635757,0.3896867904002152,11.341018879080213,11.257925808433901,11.160539991762441,11.238074560601875
2041-10-03,0.6205695181519624,0.45453818622422515,0.4645860925066991,0.2864537411828721,0.4841068829505106,0.8150230813565758,0.6045350120635753,0.3896867904002156,11.34101887908021,11.257925808433901,11.160539991762441,11.238074560601877
2041-10-04,0.6205695181519635,0.45453818622422415,0.46458609250669747,0.28645374118287137,0.4841068829505104,0.8150230813565763,0.6045350120635756,0.3896867904002141,11.341018879080208,11.257925808433896,11.160539991762441,11.238074560601877
2041-10-07,0.6205695181519639,0.4545381862242236,0.46458609250669836,0.28645374118287203,0.48410688295051024,0.8150230813565755,0.604535012063576,0.3896867904002143,11.341018879080213,11.257925808433901,11.160539991762441,11.238074560601879
2041-10-08,0.6205695181519632,0.4545381862242238,0.4645860925066985,0.2864537411828721,0.4841068829505112,0.8150230813565762,0.6045350120635757,0.3896867904002155,11.34101887908021,11.257925808433901,11.160539991762436,11.238074560601877
2041-10-09,0.620569518151965,0.45453818622422315,0.4645860925066993,0.28645374118287126,0.48410688295051146,0.8150230813565746,0.6045350120635761,0.38968679040021664,11.34101887908021,11.257925808433905,11.160539991762443,11.238074560601877
2041-10-10,0.620569518151963,0.45453818622422537,0.4645860925066976,0.286453741182872,0.4841068829505126,0.8150230813565769,0.6045350120635749,0.38968679040021464,11.341018879080204,11.257925808433901,11.16053999176244,11.238074560601877
2041-10-11,0.6205695181519635,0.45453818622422526,0.46458609250669747,0.28645374118287154,0.48410688295051074,0.815023081356576,0.6045350120635766,0.38968679040021564,11.341018879080208,11.257925808433901,11.16053999176244,11.238074560601877
2041-10-14,0.6205695181519639,0.4545381862242236,0.46458609250669847,0.2864537411828714,0.4841068829505107,0.8150230813565751,0.6045350120635755,0.38968679040021564,11.341018879080213,11.257925808433907,11.16053999176244,11.238074560601877
2041-10-15,0.6205695181519632,0.4545381862242246,0.4645860925066987,0.2864537411828715,0.4841068829505114,0.8150230813565758,0.6045350120635765,0.3896867904002146,11.341018879080213,11.257925808433901,11.160539991762441,11.238074560601877
2041-10-16,0.6205695181519633,0.4545381862242249,0.46458609250669713,0.2864537411828716,0.48410688295051074,0.8150230813565765,0.6045350120635754,0.3896867904002141,11.34101887908021,11.257925808433901,11.16053999176244,11.238074560601877
2041-10-17,0.620569518151963,0.4545381862242247,0.4645860925066978,0.28645374118287137,0.48410688295050996,0.8150230813565759,0.6045350120635768,0.38968679040021453,11.341018879080208,11.257925808433901,11.160539991762441,11.238074560601873
2041-10-18,0.6205695181519626,0.4545381862242256,0.4645860925066977,0.28645374118287104,0.4841068829505112,0.8150230813565756,0.6045350120635772,0.3896867904002153,11.341018879080211,11.257925808433903,11.16053999176244,11.238074560601877
2041-10-21,0.6205695181519624,0.45453818622422326,0.46458609250669836,0.28645374118287037,0.4841068829505113,0.8150230813565748,0.6045350120635762,0.38968679040021587,11.341018879080211,11.257925808433903,11.16053999176244,11.238074560601873
2041-10-22,0.6205695181519626,0.45453818622422404,0.4645860925066989,0.28645374118287187,0.48410688295051174,0.815023081356576,0.6045350120635758,0.3896867904002152,11.341018879080208,11.257925808433903,11.160539991762437,11.238074560601879
2041-10-23,0.6205695181519642,0.45453818622422426,0.4645860925066974,0.2864537411828718,0.48410688295051174,0.8150230813565751,0.6045350120635768,0.3896867904002158,11.341018879080211,11.257925808433905,11.160539991762437,11.23807456060188
2041-10-24,0.6205695181519637,0.45453818622422526,0.4645860925066989,0.28645374118287054,0.4841068829505115,0.8150230813565752,0.604535012063576,0.3896867904002153,11.34101887908021,11.257925808433903,11.16053999176244,11.238074560601877
2041-10-25,0.6205695181519628,0.45453818622422404,0.46458609250669874,0.28645374118287115,0.48410688295051,0.815023081356576,0.6045350120635761,0.3896867904002153,11.34101887908021,11.257925808433907,11.16053999176244,11.238074560601877
2041-10-28,0.6205695181519637,0.4545381862242247,0.4645860925066973,0.28645374118287203,0.48410688295051096,0.8150230813565764,0.6045350120635753,0.38968679040021476,11.341018879080208,11.257925808433898,11.160539991762441,11.238074560601877
2041-10-29,0.6205695181519639,0.45453818622422426,0.4645860925066972,0.28645374118287137,0.4841068829505108,0.8150230813565755,0.6045350120635767,0.389686790400214,11.341018879080211,11.257925808433903,11.16053999176244,11.238074560601879
2041-10-30,0.6205695181519637,0.45453818622422437,0.46458609250669836,0.28645374118287154,0.4841068829505104,0.8150230813565759,0.6045350120635761,0.3896867904002142,11.341018879080215,11.257925808433903,11.160539991762441,11.23807456060188
2041-10-31,0.6205695181519617,0.45453818622422393,0.4645860925066979,0.2864537411828714,0.48410688295051124,0.8150230813565758,0.6045350120635758,0.38968679040021564,11.34101887908021,11.257925808433901,11.16053999176244,11.238074560601877
2041-11-01,0.6205695181519643,0.4545381862242245,0.46458609250669813,0.2864537411828711,0.4841068829505115,0.8150230813565749,0.6045350120635764,0.3896867904002154,11.34101887908021,11.257925808433903,11.16053999176244,11.238074560601875
2041-11-04,0.6205695181519643,0.4545381862242255,0.4645860925066969,0.2864537411828717,0.4841068829505113,0.8150230813565753,0.6045350120635762,0.38968679040021403,11.341018879080208,11.257925808433903,11.16053999176244,11.238074560601873
2041-11-05,0.6205695181519635,0.4545381862242246,0.4645860925066986,0.2864537411828711,0.48410688295051096,0.815023081356576,0.6045350120635761,0.3896867904002147,11.341018879080208,11.2579258084339,11.160539991762443,11.238074560601882
2041-11-06,0.6205695181519622,0.4545381862242246,0.46458609250669736,0.28645374118287137,0.4841068829505103,0.8150230813565754,0.6045350120635761,0.3896867904002151,11.341018879080206,11.257925808433901,11.16053999176244,11.238074560601877
2041-11-07,0.6205695181519637,0.45453818622422504,0.46458609250669847,0.28645374118286987,0.4841068829505106,0.815023081356576,0.6045350120635757,0.3896867904002141,11.341018879080213,11.257925808433901,11.160539991762441,11.238074560601879
2041-11-08,0.620569518151963,0.45453818622422437,0.4645860925066966,0.28645374118287115,0.4841068829505105,0.8150230813565759,0.604535012063575,0.3896867904002142,11.34101887908021,11.257925808433901,11.160539991762441,11.238074560601877
2041-11-11,0.6205695181519624,0.4545381862242248,0.46458609250669736,0.2864537411828731,0.4841068829505117,0.8150230813565764,0.6045350120635757,0.3896867904002141,11.34101887908021,11.257925808433901,11.160539991762441,11.238074560601877
2041-11-12,0.6205695181519637,0.45453818622422426,0.46458609250669763,0.28645374118287215,0.48410688295050996,0.8150230813565745,0.6045350120635766,0.3896867904002153,11.341018879080208,11.257925808433901,11.16053999176244,11.238074560601877
2041-11-13,0.6205695181519628,0.45453818622422404,0.4645860925066974,0.28645374118287126,0.4841068829505111,0.8150230813565754,0.6045350120635757,0.38968679040021464,11.341018879080211,11.2579258084339,11.16053999176244,11.238074560601879
2041-11-14,0.6205695181519624,0.4545381862242249,0.46458609250669786,0.2864537411828718,0.4841068829505103,0.815023081356576,0.6045350120635757,0.38968679040021376,11.34101887908021,11.257925808433901,11.160539991762441,11.238074560601873
2041-11-15,0.620569518151963,0.45453818622422604,0.464586092506698,0.28645374118287176,0.48410688295051074,0.8150230813565753,0.6045350120635756,0.3896867904002149,11.341018879080211,11.257925808433903,11.160539991762436,11.238074560601877
2041-11-18,0.6205695181519627,0.45453818622422526,0.4645860925066979,0.2864537411828719,0.4841068829505123,0.8150230813565764,0.604535012063576,0.38968679040021453,11.34101887908021,11.257925808433903,11.16053999176244,11.238074560601873
2041-11-19,0.6205695181519643,0.4545381862242235,0.464586092506698,0.28645374118287176,0.4841068829505113,0.8150230813565751,0.6045350120635754,0.3896867904002142,11.34101887908021,11.257925808433903,11.16053999176244,11.238074560601877
2041-11-20,0.6205695181519637,0.4545381862242242,0.4645860925066976,0.28645374118287187,0.48410688295051085,0.8150230813565755,0.6045350120635772,0.3896867904002153,11.341018879080206,11.2579258084339,11.160539991762437,11.23807456060188
2041-11-21,0.6205695181519643,0.4545381862242248,0.46458609250669847,0.2864537411828709,0.48410688295051185,0.8150230813565753,0.6045350120635756,0.38968679040021476,11.341018879080213,11.257925808433901,11.16053999176244,11.238074560601879
2041-11-22,0.6205695181519618,0.45453818622422404,0.4645860925066979,0.2864537411828711,0.4841068829505115,0.8150230813565762,0.6045350120635758,0.38968679040021553,11.34101887908021,11.257925808433901,11.16053999176244,11.238074560601877
2041-11-25,0.6205695181519637,0.4545381862242246,0.4645860925066979,0.2864537411828711,0.48410688295051163,0.815023081356575,0.6045350120635762,0.389686790400215,11.34101887908021,11.257925808433901,11.16053999176244,11.238074560601875
2041-11-26,0.6205695181519646,0.4545381862242246,0.4645860925066991,0.2864537411828724,0.4841068829505108,0.8150230813565755,0.6045350120635765,0.38968679040021387,11.341018879080204,11.257925808433901,11.160539991762441,11.238074560601873
2041-11-27,0.6205695181519619,0.4545381862242255,0.4645860925066965,0.28645374118287126,0.484106882950511,0.8150230813565764,0.6045350120635749,0.38968679040021564,11.34101887908021,11.257925808433903,11.16053999176244,11.238074560601877
2041-11-28,0.6205695181519628,0.45453818622422404,0.46458609250669725,0.2864537411828719,0.48410688295051035,0.815023081356576,0.6045350120635758,0.389686790400215,11.34101887908021,11.2579258084339,11.160539991762443,11.23807456060188
2041-11-29,0.6205695181519638,0.4545381862242238,0.4645860925066985,0.2864537411828713,0.4841068829505113,0.8150230813565755,0.6045350120635762,0.38968679040021503,11.341018879080208,11.2579258084339,11.160539991762436,11.238074560601873
2041-12-02,0.6205695181519634,0.45453818622422437,0.46458609250669836,0.286453741182872,0.4841068829505115,0.815023081356576,0.6045350120635763,0.3896867904002146,11.341018879080208,11.2579258084339,11.160539991762437,11.238074560601877
2041-12-03,0.6205695181519629,0.45453818622422415,0.4645860925066976,0.2864537411828714,0.48410688295051185,0.815023081356576,0.6045350120635753,0.38968679040021564,11.341018879080208,11.257925808433901,11.16053999176244,11.238074560601877
2041-12-04,0.6205695181519633,0.45453818622422393,0.464586092506698,0.28645374118287165,0.48410688295051146,0.815023081356576,0.6045350120635766,0.38968679040021476,11.341018879080208,11.257925808433901,11.16053999176244,11.238074560601877
2041-12-05,0.6205695181519633,0.4545381862242238,0.46458609250669786,0.28645374118287104,0.4841068829505113,0.8150230813565764,0.6045350120635762,0.38968679040021437,11.34101887908021,11.257925808433901,11.160539991762443,11.238074560601877
2041-12-06,0.6205695181519624,0.45453818622422515,0.4645860925066974,0.28645374118287187,0.48410688295051035,0.815023081356576,0.6045350120635758,0.3896867904002144,11.34101887908021,11.257925808433901,11.16053999176244,11.238074560601877
2041-12-09,0.6205695181519635,0.4545381862242238,0.46458609250669647,0.2864537411828716,0.4841068829505111,0.8150230813565763,0.6045350120635755,0.38968679040021464,11.341018879080208,11.2579258084339,11.16053999176244,11.238074560601879
2041-12-10,0.6205695181519647,0.4545381862242238,0.46458609250669836,0.2864537411828713,0.48410688295051185,0.8150230813565751,0.6045350120635763,0.389686790400215,11.341018879080208,11.2579258084339,11.16053999176244,11.238074560601879
2041-12-11,0.6205695181519642,0.4545381862242234,0.4645860925066977,0.2864537411828711,0.48410688295051113,0.8150230813565751,0.6045350120635757,0.3896867904002151,11.34101887908021,11.257925808433901,11.16053999176244,11.23807456060188
2041-12-12,0.6205695181519633,0.45453818622422504,0.4645860925066986,0.2864537411828711,0.4841068829505105,0.8150230813565749,0.604535012063576,0.3896867904002134,11.341018879080206,11.257925808433901,11.16053999176244,11.238074560601877
2041-12-13,0.6205695181519639,0.45453818622422454,0.46458609250669747,0.2864537411828708,0.4841068829505114,0.8150230813565758,0.6045350120635775,0.38968679040021503,11.34101887908021,11.2579258084339,11.16053999176244,11.238074560601877
2041-12-16,0.6205695181519642,0.45453818622422437,0.46458609250669836,0.2864537411828713,0.48410688295051174,0.8150230813565758,0.6045350120635765,0.3896867904002149,11.34101887908021,11.257925808433901,11.160539991762441,11.238074560601875
2041-12-17,0.6205695181519635,0.45453818622422515,0.464586092506698,0.28645374118287137,0.4841068829505103,0.8150230813565749,0.6045350120635762,0.38968679040021503,11.341018879080206,11.257925808433903,11.16053999176244,11.238074560601877
2041-12-18,0.6205695181519629,0.45453818622422426,0.46458609250669697,0.2864537411828718,0.48410688295050963,0.8150230813565762,0.6045350120635756,0.38968679040021476,11.341018879080208,11.2579258084339,11.16053999176244,11.238074560601877
2041-12-19,0.6205695181519619,0.45453818622422526,0.4645860925066966,0.2864537411828712,0.4841068829505103,0.8150230813565752,0.6045350120635753,0.3896867904002148,11.341018879080208,11.257925808433898,11.160539991762441,11.238074560601877
2041-12-20,0.6205695181519638,0.4545381862242247,0.464586092506698,0.2864537411828704,0.4841068829505102,0.8150230813565758,0.604535012063576,0.38968679040021476,11.34101887908021,11.257925808433903,11.160539991762441,11.238074560601877
2041-12-23,0.6205695181519637,0.4545381862242246,0.46458609250669725,0.2864537411828715,0.48410688295050996,0.8150230813565742,0.6045350120635756,0.3896867904002148,11.34101887908021,11.2579258084339,11.160539991762443,11.238074560601873
2041-12-24,0.6205695181519635,0.4545381862242238,0.46458609250669847,0.2864537411828719,0.4841068829505106,0.8150230813565749,0.6045350120635762,0.3896867904002151,11.341018879080208,11.257925808433901,11.16053999176244,11.238074560601877
2041-12-25,0.6205695181519636,0.4545381862242258,0.464586092506697,0.28645374118287104,0.4841068829505102,0.8150230813565758,0.6045350120635762,0.3896867904002141,11.34101887908021,11.257925808433898,11.16053999176244,11.238074560601875
2041-12-26,0.6205695181519642,0.45453818622422415,0.4645860925066982,0.28645374118287176,0.48410688295051096,0.8150230813565758,0.6045350120635765,0.38968679040021487,11.34101887908021,11.257925808433903,11.160539991762443,11.238074560601877
2041-12-27,0.6205695181519619,0.45453818622422437,0.4645860925066981,0.2864537411828715,0.4841068829505115,0.8150230813565768,0.604535012063576,0.3896867904002154,11.341018879080211,11.257925808433901,11.16053999176244,11.238074560601873
2041-12-30,0.620569518151963,0.45453818622422326,0.4645860925066976,0.28645374118287154,0.48410688295051174,0.8150230813565753,0.6045350120635762,0.38968679040021426,11.341018879080206,11.257925808433901,11.16053999176244,11.238074560601877
2041-12-31,0.6205695181519633,0.4545381862242249,0.46458609250669713,0.2864537411828712,0.48410688295051063,0.8150230813565774,0.6045350120635757,0.38968679040021487,11.34101887908021,11.2579258084339,11.16053999176244,11.238074560601877
2042-01-01,0.6205695181519633,0.4545381862242247,0.464586092506699,0.2864537411828717,0.4841068829505116,0.8150230813565762,0.6045350120635763,0.3896867904002142,11.341018879080208,11.257925808433901,11.160539991762437,11.238074560601875
2042-01-02,0.6205695181519635,0.45453818622422537,0.4645860925066978,0.2864537411828715,0.4841068829505105,0.8150230813565754,0.6045350120635762,0.38968679040021487,11.341018879080208,11.2579258084339,11.16053999176244,11.238074560601877
2042-01-03,0.6205695181519633,0.45453818622422415,0.46458609250669763,0.28645374118287037,0.48410688295051013,0.815023081356576,0.6045350120635768,0.38968679040021464,11.341018879080211,11.2579258084339,11.160539991762437,11.238074560601873
2042-01-06,0.6205695181519633,0.45453818622422537,0.46458609250669813,0.2864537411828713,0.4841068829505106,0.8150230813565753,0.6045350120635751,0.38968679040021387,11.341018879080208,11.257925808433901,11.160539991762441,11.238074560601875
2042-01-07,0.6205695181519622,0.4545381862242247,0.464586092506698,0.28645374118287203,0.48410688295051074,0.8150230813565753,0.604535012063576,0.38968679040021403,11.341018879080208,11.2579258084339,11.16053999176244,11.238074560601875
2042-01-08,0.6205695181519633,0.4545381862242249,0.4645860925066979,0.28645374118287037,0.48410688295051096,0.8150230813565748,0.6045350120635766,0.3896867904002155,11.341018879080208,11.257925808433901,11.16053999176244,11.238074560601875
2042-01-09,0.6205695181519624,0.4545381862242249,0.46458609250669847,0.286453741182873,0.4841068829505097,0.815023081356576,0.6045350120635761,0.3896867904002152,11.341018879080206,11.257925808433901,11.160539991762441,11.238074560601877
2042-01-10,0.6205695181519617,0.4545381862242257,0.464586092506698,0.2864537411828719,0.4841068829505115,0.8150230813565752,0.6045350120635757,0.3896867904002141,11.34101887908021,11.257925808433901,11.160539991762437,11.238074560601873
2042-01-13,0.6205695181519628,0.45453818622422415,0.4645860925066977,0.28645374118287076,0.4841068829505111,0.8150230813565761,0.6045350120635758,0.38968679040021525,11.341018879080206,11.257925808433901,11.16053999176244,11.238074560601877
2042-01-14,0.6205695181519619,0.45453818622422393,0.4645860925066983,0.28645374118287115,0.4841068829505113,0.8150230813565762,0.6045350120635755,0.3896867904002154,11.34101887908021,11.257925808433901,11.160539991762437,11.238074560601875
2042-01-15,0.6205695181519629,0.45453818622422415,0.4645860925066979,0.286453741182872,0.48410688295051074,0.8150230813565755,0.6045350120635768,0.38968679040021464,11.341018879080208,11.257925808433901,11.160539991762434,11.238074560601877
2042-01-16,0.6205695181519636,0.4545381862242248,0.46458609250669847,0.2864537411828711,0.48410688295051063,0.8150230813565758,0.6045350120635757,0.38968679040021487,11.341018879080208,11.257925808433901,11.160539991762437,11.238074560601873
2042-01-17,0.6205695181519637,0.4545381862242248,0.4645860925066968,0.28645374118287154,0.48410688295051074,0.8150230813565764,0.6045350120635764,0.38968679040021387,11.341018879080204,11.2579258084339,11.16053999176244,11.238074560601877
2042-01-20,0.6205695181519617,0.4545381862242256,0.46458609250669947,0.28645374118287026,0.48410688295051074,0.8150230813565756,0.6045350120635749,0.38968679040021476,11.34101887908021,11.2579258084339,11.16053999176244,11.238074560601877
2042-01-21,0.6205695181519622,0.4545381862242248,0.4645860925066973,0.2864537411828715,0.4841068829505102,0.8150230813565754,0.6045350120635765,0.3896867904002165,11.341018879080208,11.257925808433901,11.160539991762437,11.238074560601873
2042-01-22,0.6205695181519622,0.4545381862242249,0.4645860925066984,0.28645374118287165,0.4841068829505114,0.8150230813565762,0.6045350120635754,0.389686790400215,11.341018879080208,11.257925808433901,11.16053999176244,11.238074560601877
2042-01-23,0.6205695181519634,0.45453818622422537,0.46458609250669824,0.28645374118287126,0.4841068829505112,0.8150230813565749,0.6045350120635766,0.38968679040021537,11.341018879080206,11.2579258084339,11.160539991762437,11.238074560601877
2042-01-24,0.6205695181519639,0.4545381862242248,0.464586092506698,0.2864537411828712,0.4841068829505112,0.8150230813565756,0.6045350120635756,0.3896867904002154,11.341018879080208,11.257925808433901,11.160539991762441,11.238074560601875
2042-01-27,0.6205695181519636,0.4545381862242249,0.4645860925066989,0.28645374118287165,0.4841068829505093,0.8150230813565746,0.604535012063576,0.38968679040021476,11.341018879080206,11.257925808433901,11.160539991762441,11.238074560601877
2042-01-28,0.6205695181519634,0.45453818622422393,0.46458609250669786,0.2864537411828722,0.4841068829505101,0.8150230813565749,0.6045350120635768,0.3896867904002152,11.34101887908021,11.2579258084339,11.160539991762434,11.238074560601873
2042-01-29,0.620569518151963,0.4545381862242247,0.46458609250669747,0.286453741182872,0.4841068829505108,0.8150230813565749,0.6045350120635766,0.3896867904002154,11.341018879080204,11.257925808433903,11.16053999176244,11.238074560601879
2042-01-30,0.6205695181519622,0.4545381862242245,0.46458609250669775,0.2864537411828727,0.4841068829505112,0.8150230813565758,0.6045350120635756,0.38968679040021403,11.341018879080208,11.257925808433901,11.160539991762436,11.238074560601877
2042-01-31,0.620569518151963,0.4545381862242247,0.46458609250669847,0.28645374118287226,0.4841068829505104,0.8150230813565753,0.6045350120635765,0.389686790400215,11.341018879080206,11.257925808433898,11.160539991762436,11.238074560601877
2042-02-03,0.6205695181519629,0.4545381862242249,0.4645860925066975,0.286453741182872,0.48410688295051074,0.8150230813565751,0.6045350120635771,0.38968679040021426,11.341018879080206,11.257925808433901,11.160539991762436,11.238074560601875
2042-02-04,0.6205695181519645,0.4545381862242247,0.4645860925066987,0.28645374118287187,0.48410688295051085,0.8150230813565753,0.6045350120635761,0.38968679040021315,11.34101887908021,11.257925808433901,11.16053999176244,11.238074560601875
2042-02-05,0.6205695181519628,0.45453818622422415,0.4645860925066985,0.2864537411828708,0.4841068829505103,0.8150230813565759,0.604535012063576,0.38968679040021453,11.341018879080206,11.2579258084339,11.160539991762441,11.238074560601877
2042-02-06,0.6205695181519634,0.4545381862242249,0.4645860925066974,0.28645374118287187,0.48410688295051074,0.8150230813565746,0.604535012063578,0.38968679040021525,11.341018879080208,11.257925808433901,11.160539991762436,11.238074560601873
2042-02-07,0.6205695181519616,0.45453818622422515,0.4645860925066998,0.2864537411828715,0.48410688295051063,0.8150230813565755,0.6045350120635776,0.38968679040021537,11.341018879080202,11.257925808433898,11.160539991762434,11.238074560601873
2042-02-10,0.6205695181519642,0.45453818622422404,0.464586092506697,0.2864537411828707,0.4841068829505102,0.8150230813565758,0.6045350120635773,0.3896867904002142,11.341018879080208,11.257925808433901,11.160539991762437,11.238074560601877
2042-02-11,0.6205695181519635,0.45453818622422415,0.46458609250669847,0.28645374118287137,0.48410688295051074,0.8150230813565752,0.6045350120635763,0.3896867904002146,11.341018879080208,11.257925808433901,11.160539991762436,11.238074560601873
2042-02-12,0.6205695181519637,0.45453818622422415,0.46458609250669847,0.28645374118287226,0.4841068829505111,0.8150230813565746,0.6045350120635763,0.3896867904002143,11.341018879080208,11.257925808433901,11.16053999176244,11.238074560601875
2042-02-13,0.6205695181519635,0.45453818622422437,0.4645860925066987,0.2864537411828721,0.4841068829505094,0.8150230813565744,0.6045350120635772,0.38968679040021453,11.341018879080206,11.257925808433898,11.160539991762432,11.238074560601872
2042-02-14,0.6205695181519619,0.4545381862242259,0.464586092506698,0.2864537411828716,0.48410688295051063,0.8150230813565755,0.604535012063576,0.38968679040021464,11.34101887908021,11.2579258084339,11.160539991762437,11.238074560601877
2042-02-17,0.6205695181519635,0.4545381862242237,0.4645860925066977,0.28645374118287176,0.48410688295051085,0.8150230813565743,0.6045350120635762,0.3896867904002154,11.341018879080206,11.257925808433898,11.160539991762436,11.238074560601873
2042-02-18,0.6205695181519624,0.45453818622422526,0.46458609250669797,0.28645374118287303,0.48410688295050996,0.8150230813565749,0.6045350120635755,0.3896867904002144,11.341018879080204,11.257925808433898,11.160539991762436,11.238074560601879
2042-02-19,0.6205695181519624,0.4545381862242245,0.4645860925066977,0.28645374118287276,0.4841068829505111,0.815023081356575,0.6045350120635768,0.38968679040021453,11.341018879080206,11.257925808433903,11.16053999176244,11.238074560601877
2042-02-20,0.6205695181519628,0.4545381862242252,0.4645860925066985,0.286453741182872,0.48410688295050996,0.815023081356575,0.6045350120635774,0.3896867904002143,11.341018879080206,11.257925808433896,11.160539991762437,11.238074560601873
2042-02-21,0.6205695181519625,0.4545381862242246,0.46458609250669713,0.2864537411828716,0.48410688295050996,0.8150230813565764,0.6045350120635777,0.3896867904002153,11.341018879080208,11.257925808433898,11.160539991762432,11.238074560601873
2042-02-24,0.6205695181519634,0.45453818622422526,0.46458609250669847,0.2864537411828717,0.48410688295051063,0.8150230813565753,0.6045350120635773,0.38968679040021503,11.341018879080202,11.257925808433898,11.160539991762436,11.238074560601877
2042-02-25,0.6205695181519644,0.45453818622422415,0.4645860925066979,0.2864537411828717,0.4841068829505103,0.8150230813565753,0.6045350120635762,0.38968679040021426,11.341018879080206,11.257925808433898,11.160539991762434,11.238074560601877
2042-02-26,0.6205695181519636,0.4545381862242247,0.4645860925066989,0.28645374118287187,0.4841068829505101,0.8150230813565751,0.6045350120635773,0.38968679040021387,11.341018879080206,11.257925808433898,11.160539991762437,11.238074560601877
2042-02-27,0.620569518151963,0.4545381862242246,0.4645860925066979,0.2864537411828708,0.4841068829505104,0.8150230813565766,0.604535012063577,0.38968679040021603,11.341018879080208,11.257925808433896,11.16053999176244,11.238074560601877
2042-02-28,0.6205695181519628,0.45453818622422437,0.46458609250669775,0.2864537411828711,0.48410688295051074,0.8150230813565743,0.6045350120635765,0.38968679040021575,11.341018879080204,11.257925808433901,11.160539991762434,11.238074560601873
2042-03-03,0.620569518151963,0.4545381862242246,0.46458609250669863,0.2864537411828721,0.48410688295050996,0.8150230813565752,0.6045350120635772,0.3896867904002143,11.341018879080202,11.257925808433894,11.160539991762434,11.238074560601873
2042-03-04,0.6205695181519633,0.4545381862242248,0.46458609250669786,0.286453741182872,0.4841068829505104,0.8150230813565751,0.6045350120635763,0.38968679040021376,11.341018879080204,11.257925808433896,11.160539991762432,11.238074560601873
2042-03-05,0.6205695181519619,0.45453818622422393,0.46458609250669963,0.28645374118287165,0.4841068829505112,0.8150230813565766,0.6045350120635776,0.389686790400214,11.3410188790802,11.257925808433898,11.160539991762436,11.238074560601872
2042-03-06,0.620569518151965,0.4545381862242248,0.46458609250669824,0.2864537411828716,0.48410688295051074,0.8150230813565751,0.6045350120635772,0.3896867904002142,11.341018879080204,11.2579258084339,11.160539991762437,11.238074560601873
2042-03-07,0.620569518151964,0.4545381862242238,0.46458609250669886,0.28645374118287226,0.48410688295051096,0.815023081356574,0.6045350120635757,0.3896867904002149,11.341018879080202,11.257925808433896,11.160539991762432,11.23807456060187
2042-03-10,0.6205695181519644,0.4545381862242245,0.4645860925066986,0.28645374118287126,0.4841068829505104,0.8150230813565742,0.604535012063576,0.38968679040021476,11.3410188790802,11.257925808433894,11.160539991762437,11.238074560601873
2042-03-11,0.6205695181519635,0.4545381862242245,0.46458609250669886,0.28645374118287154,0.4841068829505111,0.8150230813565753,0.6045350120635773,0.38968679040021514,11.341018879080206,11.257925808433903,11.16053999176244,11.238074560601877
2042-03-12,0.6205695181519635,0.4545381862242245,0.46458609250669874,0.28645374118287154,0.48410688295051096,0.8150230813565755,0.6045350120635762,0.38968679040021653,11.341018879080206,11.257925808433896,11.160539991762437,11.238074560601873
2042-03-13,0.620569518151963,0.4545381862242249,0.4645860925066982,0.28645374118287126,0.4841068829505111,0.8150230813565759,0.6045350120635765,0.3896867904002147,11.341018879080204,11.257925808433898,11.160539991762437,11.23807456060187
2042-03-14,0.6205695181519644,0.4545381862242256,0.4645860925066979,0.2864537411828718,0.4841068829505101,0.8150230813565752,0.6045350120635763,0.389686790400215,11.341018879080202,11.2579258084339,11.160539991762434,11.238074560601873
2042-03-17,0.6205695181519635,0.4545381862242235,0.46458609250669824,0.28645374118287253,0.4841068829505104,0.8150230813565742,0.6045350120635763,0.3896867904002154,11.341018879080204,11.257925808433894,11.160539991762434,11.238074560601872
2042-03-18,0.6205695181519633,0.4545381862242247,0.46458609250669713,0.28645374118287165,0.48410688295050985,0.8150230813565758,0.6045350120635758,0.3896867904002148,11.341018879080206,11.2579258084339,11.160539991762441,11.238074560601877
2042-03-19,0.6205695181519615,0.45453818622422393,0.4645860925066986,0.28645374118287104,0.4841068829505109,0.8150230813565755,0.6045350120635757,0.3896867904002154,11.34101887908021,11.257925808433898,11.160539991762432,11.238074560601873
2042-03-20,0.6205695181519635,0.4545381862242247,0.4645860925066987,0.28645374118287087,0.48410688295051063,0.8150230813565745,0.6045350120635768,0.3896867904002139,11.3410188790802,11.257925808433898,11.160539991762434,11.238074560601877
2042-03-21,0.6205695181519633,0.4545381862242245,0.4645860925066991,0.2864537411828709,0.4841068829505102,0.8150230813565739,0.6045350120635755,0.3896867904002143,11.3410188790802,11.257925808433894,11.16053999176243,11.238074560601872
2042-03-24,0.6205695181519639,0.45453818622422415,0.4645860925066986,0.28645374118287203,0.48410688295051,0.8150230813565753,0.6045350120635761,0.3896867904002138,11.341018879080199,11.257925808433894,11.160539991762432,11.23807456060187
2042-03-25,0.6205695181519628,0.4545381862242245,0.46458609250669813,0.28645374118287187,0.48410688295051024,0.8150230813565749,0.6045350120635774,0.38968679040021464,11.341018879080202,11.257925808433898,11.160539991762436,11.238074560601875
2042-03-26,0.6205695181519626,0.4545381862242248,0.4645860925066985,0.28645374118287176,0.4841068829505101,0.8150230813565738,0.6045350120635771,0.3896867904002141,11.341018879080202,11.257925808433894,11.160539991762432,11.238074560601873
2042-03-27,0.6205695181519642,0.45453818622422404,0.4645860925066988,0.2864537411828722,0.4841068829505112,0.8150230813565735,0.6045350120635766,0.38968679040021353,11.341018879080199,11.257925808433894,11.160539991762432,11.23807456060187
2042-03-28,0.6205695181519635,0.45453818622422515,0.4645860925066983,0.28645374118287287,0.4841068829505105,0.8150230813565744,0.604535012063577,0.38968679040021503,11.341018879080202,11.257925808433896,11.160539991762437,11.238074560601873
2042-03-31,0.620569518151961,0.45453818622422537,0.464586092506698,0.28645374118287165,0.48410688295051013,0.8150230813565744,0.6045350120635772,0.3896867904002152,11.341018879080204,11.257925808433898,11.160539991762437,11.238074560601873
2042-04-01,0.6205695181519634,0.4545381862242247,0.46458609250669813,0.28645374118287154,0.4841068829505114,0.8150230813565749,0.6045350120635765,0.38968679040021476,11.341018879080206,11.257925808433898,11.160539991762434,11.238074560601873
2042-04-02,0.6205695181519626,0.45453818622422554,0.46458609250669813,0.2864537411828723,0.4841068829505107,0.8150230813565758,0.6045350120635767,0.3896867904002151,11.341018879080204,11.257925808433898,11.160539991762437,11.238074560601873
2042-04-03,0.6205695181519625,0.45453818622422515,0.4645860925066991,0.2864537411828713,0.4841068829505105,0.8150230813565744,0.6045350120635766,0.38968679040021537,11.3410188790802,11.257925808433894,11.160539991762436,11.238074560601875
2042-04-04,0.6205695181519635,0.45453818622422437,0.46458609250669913,0.28645374118287115,0.4841068829505104,0.8150230813565748,0.6045350120635767,0.3896867904002145,11.341018879080204,11.257925808433896,11.160539991762437,11.238074560601873
2042-04-07,0.6205695181519636,0.45453818622422615,0.46458609250669824,0.2864537411828714,0.4841068829505112,0.8150230813565738,0.6045350120635771,0.38968679040021365,11.341018879080204,11.257925808433894,11.160539991762437,11.238074560601873
2042-04-08,0.6205695181519637,0.45453818622422437,0.46458609250669874,0.2864537411828722,0.48410688295051063,0.8150230813565748,0.6045350120635761,0.3896867904002145,11.341018879080204,11.257925808433896,11.16053999176243,11.238074560601873
2042-04-09,0.6205695181519644,0.4545381862242247,0.46458609250669847,0.28645374118287165,0.4841068829505112,0.8150230813565745,0.6045350120635763,0.38968679040021587,11.3410188790802,11.257925808433898,11.160539991762434,11.238074560601872
2042-04-10,0.6205695181519635,0.4545381862242245,0.4645860925066993,0.28645374118287087,0.4841068829505113,0.8150230813565743,0.6045350120635763,0.3896867904002147,11.341018879080199,11.257925808433894,11.160539991762432,11.238074560601872
2042-04-11,0.6205695181519642,0.45453818622422404,0.4645860925066993,0.28645374118287176,0.4841068829505114,0.8150230813565749,0.6045350120635764,0.38968679040021376,11.341018879080197,11.257925808433894,11.160539991762429,11.238074560601866
2042-04-14,0.6205695181519634,0.4545381862242246,0.4645860925066995,0.2864537411828711,0.4841068829505101,0.8150230813565744,0.6045350120635768,0.389686790400214,11.341018879080202,11.257925808433894,11.160539991762432,11.238074560601873
2042-04-15,0.620569518151963,0.45453818622422504,0.46458609250669747,0.28645374118287187,0.4841068829505109,0.8150230813565762,0.6045350120635755,0.38968679040021414,11.341018879080204,11.257925808433896,11.160539991762436,11.238074560601873
2042-04-16,0.6205695181519635,0.4545381862242248,0.46458609250669775,0.2864537411828719,0.4841068829505108,0.8150230813565744,0.6045350120635763,0.3896867904002154,11.3410188790802,11.257925808433894,11.160539991762434,11.23807456060187
2042-04-17,0.6205695181519645,0.4545381862242248,0.464586092506698,0.2864537411828721,0.48410688295051063,0.8150230813565755,0.6045350120635763,0.3896867904002145,11.341018879080206,11.257925808433896,11.160539991762432,11.238074560601873
2042-04-18,0.6205695181519635,0.4545381862242253,0.4645860925066979,0.2864537411828703,0.4841068829505112,0.815023081356574,0.6045350120635756,0.3896867904002143,11.341018879080202,11.257925808433892,11.160539991762434,11.238074560601872
2042-04-21,0.620569518151963,0.45453818622422415,0.464586092506698,0.2864537411828723,0.48410688295050963,0.8150230813565743,0.6045350120635768,0.38968679040021337,11.341018879080204,11.257925808433894,11.16053999176243,11.23807456060187
2042-04-22,0.620569518151964,0.45453818622422404,0.4645860925066995,0.28645374118287126,0.4841068829505112,0.8150230813565744,0.6045350120635763,0.38968679040021453,11.341018879080197,11.257925808433896,11.16053999176243,11.238074560601872
2042-04-23,0.6205695181519633,0.45453818622422526,0.4645860925066989,0.28645374118287203,0.48410688295051096,0.8150230813565742,0.6045350120635761,0.3896867904002153,11.3410188790802,11.257925808433894,11.160539991762432,11.23807456060187
2042-04-24,0.6205695181519628,0.45453818622422504,0.4645860925066982,0.28645374118287115,0.48410688295051063,0.8150230813565742,0.6045350120635752,0.389686790400214,11.341018879080197,11.257925808433892,11.16053999176243,11.238074560601872
2042-04-25,0.6205695181519633,0.4545381862242246,0.4645860925066973,0.2864537411828712,0.48410688295051113,0.8150230813565751,0.6045350120635763,0.38968679040021387,11.341018879080199,11.257925808433892,11.160539991762434,11.23807456060187
2042-04-28,0.6205695181519644,0.4545381862242236,0.4645860925066996,0.28645374118287115,0.4841068829505107,0.8150230813565726,0.6045350120635764,0.3896867904002151,11.341018879080199,11.257925808433896,11.160539991762434,11.238074560601866
2042-04-29,0.6205695181519642,0.4545381862242248,0.4645860925066992,0.28645374118287137,0.48410688295051074,0.8150230813565733,0.6045350120635757,0.38968679040021553,11.341018879080195,11.25792580843389,11.160539991762429,11.238074560601866
2042-04-30,0.620569518151963,0.45453818622422426,0.4645860925066989,0.2864537411828726,0.48410688295050947,0.8150230813565748,0.6045350120635771,0.3896867904002146,11.341018879080195,11.25792580843389,11.160539991762427,11.238074560601868
2042-05-01,0.6205695181519629,0.45453818622422393,0.4645860925066993,0.2864537411828716,0.48410688295050963,0.8150230813565744,0.6045350120635773,0.38968679040021453,11.341018879080197,11.257925808433889,11.16053999176243,11.238074560601866
2042-05-02,0.6205695181519635,0.4545381862242248,0.46458609250669924,0.28645374118287165,0.48410688295051046,0.8150230813565749,0.6045350120635758,0.3896867904002133,11.341018879080199,11.257925808433894,11.160539991762432,11.23807456060187
2042-05-05,0.620569518151963,0.45453818622422515,0.4645860925066989,0.286453741182872,0.4841068829505103,0.8150230813565736,0.6045350120635766,0.3896867904002135,11.341018879080202,11.257925808433894,11.16053999176243,11.238074560601872
2042-05-06,0.6205695181519628,0.4545381862242235,0.4645860925066981,0.28645374118287104,0.4841068829505115,0.8150230813565742,0.6045350120635763,0.3896867904002143,11.341018879080195,11.257925808433892,11.160539991762429,11.23807456060187
2042-05-07,0.6205695181519632,0.4545381862242246,0.4645860925066986,0.2864537411828704,0.4841068829505095,0.815023081356574,0.6045350120635764,0.3896867904002143,11.341018879080194,11.257925808433889,11.160539991762427,11.23807456060187
2042-05-08,0.6205695181519639,0.4545381862242237,0.464586092506699,0.2864537411828704,0.48410688295050963,0.8150230813565735,0.6045350120635777,0.38968679040021487,11.3410188790802,11.25792580843389,11.160539991762436,11.23807456060187
2042-05-09,0.6205695181519637,0.45453818622422393,0.4645860925066988,0.28645374118286965,0.48410688295051074,0.8150230813565735,0.6045350120635768,0.3896867904002141,11.341018879080195,11.257925808433892,11.160539991762429,11.23807456060187
2042-05-12,0.6205695181519635,0.45453818622422426,0.4645860925066996,0.28645374118287115,0.4841068829505106,0.8150230813565745,0.604535012063576,0.3896867904002154,11.341018879080194,11.257925808433889,11.160539991762427,11.238074560601866
2042-05-13,0.6205695181519639,0.4545381862242245,0.46458609250669824,0.2864537411828704,0.4841068829505099,0.8150230813565745,0.6045350120635767,0.38968679040021426,11.341018879080194,11.25792580843389,11.160539991762429,11.238074560601865
2042-05-14,0.6205695181519633,0.45453818622422504,0.46458609250669936,0.2864537411828712,0.4841068829505115,0.8150230813565744,0.604535012063577,0.3896867904002144,11.341018879080194,11.25792580843389,11.160539991762427,11.238074560601872
2042-05-15,0.6205695181519618,0.45453818622422515,0.4645860925066988,0.28645374118287104,0.4841068829505108,0.8150230813565742,0.604535012063576,0.3896867904002147,11.341018879080194,11.257925808433889,11.160539991762427,11.238074560601866
2042-05-16,0.6205695181519626,0.4545381862242237,0.4645860925066986,0.28645374118287226,0.48410688295051035,0.8150230813565752,0.6045350120635767,0.3896867904002141,11.341018879080199,11.257925808433887,11.16053999176243,11.238074560601865
2042-05-19,0.6205695181519626,0.45453818622422504,0.4645860925066983,0.2864537411828706,0.4841068829505106,0.8150230813565759,0.6045350120635766,0.38968679040021403,11.341018879080194,11.25792580843389,11.160539991762423,11.238074560601866
2042-05-20,0.6205695181519633,0.45453818622422415,0.4645860925066997,0.2864537411828719,0.4841068829505104,0.8150230813565742,0.6045350120635768,0.3896867904002133,11.341018879080197,11.25792580843389,11.160539991762432,11.238074560601866
2042-05-21,0.6205695181519636,0.45453818622422404,0.46458609250669847,0.2864537411828712,0.48410688295050963,0.8150230813565731,0.6045350120635757,0.3896867904002154,11.341018879080194,11.257925808433889,11.160539991762429,11.238074560601868
2042-05-22,0.6205695181519633,0.45453818622422504,0.46458609250669886,0.2864537411828718,0.4841068829505114,0.815023081356576,0.6045350120635756,0.38968679040021387,11.34101887908019,11.257925808433887,11.160539991762425,11.238074560601866
2042-05-23,0.6205695181519628,0.4545381862242249,0.46458609250669824,0.2864537411828717,0.4841068829505099,0.8150230813565741,0.604535012063576,0.38968679040021426,11.341018879080194,11.257925808433885,11.160539991762427,11.238074560601868
2042-05-26,0.6205695181519624,0.45453818622422426,0.4645860925066977,0.2864537411828704,0.48410688295051074,0.8150230813565735,0.6045350120635764,0.3896867904002138,11.341018879080195,11.257925808433889,11.160539991762425,11.238074560601865
2042-05-27,0.620569518151963,0.4545381862242249,0.46458609250669747,0.286453741182871,0.48410688295051174,0.815023081356576,0.604535012063576,0.3896867904002135,11.341018879080194,11.257925808433887,11.160539991762429,11.238074560601868
2042-05-28,0.6205695181519633,0.45453818622422437,0.46458609250669797,0.2864537411828722,0.4841068829505106,0.8150230813565752,0.6045350120635757,0.3896867904002147,11.341018879080194,11.257925808433889,11.160539991762425,11.238074560601865
2042-05-29,0.620569518151963,0.45453818622422537,0.46458609250669847,0.28645374118287076,0.4841068829505119,0.8150230813565754,0.6045350120635755,0.3896867904002148,11.341018879080195,11.257925808433887,11.160539991762427,11.238074560601868
2042-05-30,0.6205695181519622,0.4545381862242247,0.46458609250669836,0.28645374118287115,0.48410688295051063,0.8150230813565758,0.604535012063576,0.38968679040021387,11.341018879080194,11.257925808433885,11.160539991762425,11.238074560601866
2042-06-02,0.6205695181519625,0.45453818622422515,0.46458609250669913,0.2864537411828713,0.48410688295051185,0.8150230813565769,0.6045350120635756,0.3896867904002142,11.341018879080192,11.257925808433887,11.160539991762427,11.238074560601868
2042-06-03,0.620569518151963,0.45453818622422426,0.46458609250669913,0.28645374118287165,0.4841068829505097,0.815023081356575,0.6045350120635768,0.3896867904002132,11.341018879080192,11.257925808433889,11.160539991762427,11.238074560601868
2042-06-04,0.6205695181519636,0.45453818622422437,0.4645860925066986,0.28645374118287126,0.4841068829505112,0.8150230813565746,0.6045350120635764,0.38968679040021453,11.34101887908019,11.257925808433885,11.160539991762423,11.238074560601865
2042-06-05,0.6205695181519644,0.45453818622422515,0.4645860925066969,0.28645374118287076,0.4841068829505113,0.8150230813565753,0.6045350120635768,0.3896867904002139,11.34101887908019,11.257925808433887,11.160539991762423,11.238074560601865
2042-06-06,0.620569518151963,0.4545381862242241,0.46458609250669847,0.28645374118287226,0.48410688295051024,0.8150230813565754,0.6045350120635764,0.389686790400215,11.341018879080197,11.257925808433889,11.160539991762427,11.238074560601863
2042-06-09,0.6205695181519613,0.45453818622422476,0.46458609250669886,0.28645374118287115,0.48410688295050963,0.8150230813565746,0.6045350120635761,0.38968679040021503,11.341018879080195,11.257925808433889,11.160539991762423,11.238074560601863
2042-06-10,0.6205695181519628,0.4545381862242249,0.4645860925067001,0.286453741182871,0.48410688295051124,0.8150230813565745,0.6045350120635755,0.38968679040021376,11.341018879080192,11.257925808433885,11.160539991762427,11.238074560601868
2042-06-11,0.6205695181519635,0.45453818622422426,0.4645860925066985,0.28645374118287104,0.48410688295051074,0.815023081356575,0.6045350120635761,0.38968679040021387,11.341018879080194,11.257925808433885,11.160539991762427,11.238074560601868
2042-06-12,0.6205695181519617,0.4545381862242248,0.4645860925066986,0.28645374118287054,0.4841068829505111,0.8150230813565774,0.6045350120635765,0.3896867904002145,11.34101887908019,11.257925808433885,11.160539991762423,11.238074560601865
2042-06-13,0.620569518151963,0.45453818622422504,0.4645860925066988,0.28645374118287087,0.4841068829505106,0.8150230813565754,0.6045350120635765,0.3896867904002141,11.34101887908019,11.257925808433889,11.160539991762423,11.238074560601865
2042-06-16,0.6205695181519632,0.45453818622422576,0.4645860925066995,0.2864537411828717,0.48410688295051096,0.8150230813565769,0.6045350120635763,0.3896867904002134,11.341018879080192,11.257925808433885,11.160539991762425,11.23807456060187
2042-06-17,0.6205695181519619,0.45453818622422393,0.4645860925066989,0.2864537411828715,0.4841068829505105,0.8150230813565751,0.6045350120635751,0.38968679040021353,11.341018879080192,11.25792580843389,11.160539991762427,11.238074560601868
2042-06-18,0.6205695181519639,0.4545381862242246,0.46458609250669886,0.28645374118287087,0.48410688295051163,0.815023081356576,0.6045350120635752,0.3896867904002147,11.341018879080192,11.257925808433887,11.160539991762423,11.238074560601868
2042-06-19,0.6205695181519619,0.4545381862242246,0.46458609250669813,0.28645374118287165,0.4841068829505111,0.8150230813565758,0.6045350120635751,0.38968679040021476,11.34101887908019,11.257925808433887,11.16053999176242,11.238074560601865
2042-06-20,0.6205695181519635,0.45453818622422404,0.4645860925066981,0.2864537411828713,0.4841068829505105,0.8150230813565751,0.6045350120635761,0.3896867904002151,11.341018879080188,11.257925808433889,11.160539991762427,11.238074560601866
2042-06-23,0.6205695181519639,0.4545381862242247,0.4645860925066986,0.2864537411828718,0.4841068829505111,0.8150230813565752,0.6045350120635758,0.3896867904002143,11.341018879080192,11.257925808433889,11.160539991762425,11.238074560601866
2042-06-24,0.6205695181519626,0.4545381862242248,0.46458609250669836,0.28645374118287126,0.4841068829505113,0.8150230813565749,0.6045350120635751,0.38968679040021476,11.341018879080194,11.257925808433887,11.160539991762423,11.238074560601866
2042-06-25,0.6205695181519626,0.4545381862242252,0.46458609250669924,0.2864537411828721,0.4841068829505112,0.8150230813565753,0.6045350120635766,0.3896867904002136,11.341018879080192,11.257925808433885,11.160539991762423,11.238074560601865
2042-06-26,0.620569518151963,0.45453818622422437,0.46458609250669936,0.2864537411828707,0.4841068829505123,0.8150230813565748,0.6045350120635755,0.38968679040021387,11.341018879080192,11.257925808433889,11.160539991762423,11.238074560601865
2042-06-27,0.6205695181519646,0.45453818622422404,0.46458609250669847,0.2864537411828714,0.4841068829505111,0.8150230813565754,0.6045350120635764,0.3896867904002148,11.341018879080194,11.257925808433889,11.160539991762427,11.238074560601865
2042-06-30,0.6205695181519624,0.45453818622422415,0.4645860925066976,0.2864537411828721,0.4841068829505103,0.8150230813565746,0.6045350120635755,0.389686790400215,11.341018879080192,11.257925808433889,11.160539991762423,11.238074560601861
2042-07-01,0.6205695181519635,0.45453818622422393,0.4645860925066999,0.28645374118287203,0.48410688295051046,0.8150230813565764,0.6045350120635753,0.3896867904002146,11.341018879080192,11.257925808433889,11.160539991762422,11.238074560601865
2042-07-02,0.6205695181519647,0.4545381862242247,0.4645860925066981,0.28645374118287087,0.4841068829505114,0.8150230813565769,0.6045350120635761,0.38968679040021287,11.341018879080192,11.257925808433885,11.160539991762425,11.238074560601868
2042-07-03,0.6205695181519633,0.45453818622422393,0.46458609250669775,0.2864537411828717,0.4841068829505096,0.8150230813565756,0.6045350120635758,0.38968679040021337,11.341018879080192,11.257925808433885,11.160539991762423,11.238074560601865
2042-07-04,0.6205695181519615,0.4545381862242237,0.4645860925066977,0.28645374118287276,0.4841068829505112,0.8150230813565746,0.6045350120635771,0.389686790400214,11.341018879080192,11.257925808433887,11.160539991762423,11.238074560601863
2042-07-07,0.6205695181519637,0.45453818622422526,0.46458609250669874,0.28645374118287126,0.48410688295051185,0.8150230813565749,0.6045350120635757,0.38968679040021353,11.341018879080194,11.257925808433887,11.160539991762427,11.238074560601866
2042-07-08,0.6205695181519642,0.4545381862242241,0.4645860925066976,0.2864537411828715,0.48410688295051063,0.8150230813565749,0.6045350120635768,0.3896867904002144,11.341018879080194,11.257925808433889,11.160539991762425,11.238074560601865
2042-07-09,0.6205695181519638,0.45453818622422437,0.4645860925066985,0.28645374118287226,0.48410688295051085,0.8150230813565762,0.6045350120635764,0.389686790400214,11.341018879080188,11.257925808433885,11.16053999176242,11.238074560601865
2042-07-10,0.6205695181519632,0.4545381862242245,0.4645860925066986,0.2864537411828715,0.4841068829505104,0.815023081356574,0.6045350120635765,0.38968679040021365,11.34101887908019,11.257925808433887,11.160539991762422,11.238074560601868
2042-07-11,0.6205695181519624,0.4545381862242248,0.4645860925066979,0.2864537411828711,0.48410688295051063,0.8150230813565735,0.6045350120635762,0.3896867904002138,11.341018879080192,11.25792580843389,11.160539991762427,11.238074560601865
2042-07-14,0.620569518151964,0.4545381862242249,0.4645860925066997,0.2864537411828712,0.4841068829505111,0.8150230813565755,0.6045350120635754,0.3896867904002132,11.341018879080188,11.257925808433889,11.160539991762422,11.238074560601868
2042-07-15,0.6205695181519635,0.45453818622422404,0.46458609250669963,0.286453741182872,0.48410688295051135,0.8150230813565752,0.6045350120635757,0.3896867904002144,11.34101887908019,11.257925808433889,11.160539991762429,11.238074560601866
2042-07-16,0.6205695181519629,0.4545381862242248,0.4645860925066986,0.2864537411828713,0.4841068829505112,0.8150230813565738,0.6045350120635762,0.38968679040021376,11.341018879080194,11.257925808433887,11.160539991762423,11.238074560601865
2042-07-17,0.6205695181519627,0.4545381862242249,0.46458609250669847,0.28645374118287215,0.48410688295050963,0.8150230813565749,0.6045350120635766,0.3896867904002131,11.341018879080192,11.257925808433885,11.160539991762427,11.238074560601865
2042-07-18,0.6205695181519624,0.4545381862242245,0.4645860925066981,0.28645374118287215,0.4841068829505106,0.8150230813565752,0.6045350120635772,0.38968679040021315,11.341018879080192,11.257925808433887,11.160539991762423,11.238074560601868
2042-07-21,0.6205695181519637,0.45453818622422404,0.4645860925066985,0.2864537411828713,0.4841068829505109,0.8150230813565759,0.6045350120635762,0.38968679040021276,11.34101887908019,11.257925808433887,11.160539991762425,11.238074560601868
2042-07-22,0.6205695181519626,0.45453818622422537,0.46458609250669824,0.2864537411828706,0.4841068829505112,0.8150230813565758,0.6045350120635772,0.38968679040021387,11.341018879080192,11.257925808433887,11.160539991762423,11.238074560601865
2042-07-23,0.6205695181519617,0.4545381862242246,0.4645860925066983,0.28645374118287154,0.4841068829505109,0.8150230813565746,0.6045350120635753,0.38968679040021376,11.341018879080192,11.257925808433889,11.160539991762423,11.238074560601866
2042-07-24,0.6205695181519624,0.4545381862242247,0.4645860925066997,0.2864537411828717,0.4841068829505115,0.8150230813565771,0.6045350120635764,0.38968679040021353,11.341018879080192,11.257925808433889,11.160539991762427,11.238074560601865
2042-07-25,0.6205695181519644,0.4545381862242237,0.46458609250669797,0.28645374118287104,0.48410688295051063,0.8150230813565755,0.6045350120635749,0.38968679040021387,11.341018879080192,11.257925808433887,11.160539991762427,11.238074560601865
2042-07-28,0.6205695181519628,0.4545381862242244,0.46458609250669936,0.2864537411828724,0.48410688295051096,0.8150230813565746,0.6045350120635762,0.38968679040021387,11.341018879080192,11.257925808433887,11.160539991762423,11.238074560601866
2042-07-29,0.6205695181519613,0.4545381862242247,0.46458609250669836,0.2864537411828715,0.4841068829505122,0.8150230813565762,0.6045350120635756,0.38968679040021337,11.34101887908019,11.257925808433885,11.160539991762423,11.238074560601866
2042-07-30,0.6205695181519629,0.4545381862242247,0.4645860925066976,0.2864537411828728,0.48410688295050963,0.8150230813565746,0.6045350120635754,0.3896867904002141,11.341018879080192,11.257925808433887,11.160539991762422,11.238074560601866
2042-07-31,0.6205695181519639,0.45453818622422437,0.4645860925066997,0.28645374118287203,0.4841068829505117,0.8150230813565761,0.6045350120635756,0.3896867904002146,11.341018879080192,11.257925808433889,11.160539991762423,11.238074560601865
2042-08-01,0.6205695181519613,0.4545381862242245,0.4645860925066988,0.28645374118287015,0.48410688295051096,0.8150230813565749,0.6045350120635763,0.38968679040021353,11.341018879080195,11.257925808433887,11.160539991762425,11.238074560601865
2042-08-04,0.6205695181519637,0.4545381862242247,0.46458609250669924,0.28645374118287203,0.484106882950511,0.8150230813565754,0.6045350120635751,0.38968679040021464,11.34101887908019,11.257925808433889,11.16053999176242,11.238074560601865
2042-08-05,0.6205695181519628,0.4545381862242249,0.46458609250669897,0.28645374118287054,0.4841068829505111,0.8150230813565749,0.6045350120635764,0.38968679040021376,11.34101887908019,11.257925808433889,11.16053999176242,11.238074560601865
2042-08-06,0.6205695181519633,0.4545381862242254,0.4645860925066995,0.2864537411828706,0.4841068829505111,0.8150230813565751,0.6045350120635757,0.38968679040021353,11.341018879080192,11.257925808433885,11.160539991762425,11.238074560601868
2042-08-07,0.6205695181519635,0.4545381862242249,0.4645860925066991,0.28645374118287265,0.48410688295051174,0.815023081356576,0.6045350120635757,0.3896867904002144,11.341018879080195,11.257925808433889,11.160539991762422,11.238074560601865
2042-08-08,0.6205695181519615,0.4545381862242249,0.46458609250669813,0.2864537411828722,0.4841068829505111,0.815023081356576,0.6045350120635763,0.3896867904002134,11.341018879080192,11.257925808433889,11.160539991762422,11.238074560601868
2042-08-11,0.6205695181519622,0.45453818622422426,0.4645860925066986,0.2864537411828712,0.4841068829505117,0.815023081356575,0.6045350120635761,0.3896867904002138,11.341018879080192,11.257925808433889,11.160539991762427,11.238074560601866
2042-08-12,0.6205695181519624,0.4545381862242248,0.4645860925066991,0.28645374118287115,0.4841068829505112,0.8150230813565744,0.6045350120635761,0.38968679040021464,11.341018879080194,11.257925808433889,11.16053999176243,11.238074560601866
2042-08-13,0.6205695181519627,0.45453818622422565,0.4645860925066988,0.28645374118287087,0.4841068829505114,0.8150230813565762,0.604535012063576,0.38968679040021453,11.341018879080192,11.257925808433887,11.160539991762427,11.238074560601865
2042-08-14,0.6205695181519624,0.4545381862242247,0.4645860925066982,0.2864537411828714,0.48410688295051024,0.8150230813565756,0.6045350120635757,0.38968679040021426,11.341018879080195,11.257925808433889,11.160539991762427,11.238074560601865
2042-08-15,0.6205695181519622,0.4545381862242239,0.4645860925066977,0.2864537411828719,0.4841068829505111,0.8150230813565763,0.6045350120635754,0.38968679040021337,11.341018879080195,11.257925808433885,11.160539991762425,11.23807456060187
2042-08-18,0.6205695181519638,0.454538186224224,0.4645860925066975,0.2864537411828718,0.48410688295051074,0.8150230813565742,0.6045350120635762,0.3896867904002142,11.341018879080192,11.257925808433887,11.160539991762423,11.238074560601865
2042-08-19,0.620569518151962,0.4545381862242246,0.4645860925066976,0.28645374118287126,0.4841068829505112,0.8150230813565762,0.6045350120635768,0.38968679040021353,11.34101887908019,11.257925808433887,11.16053999176242,11.238074560601865
2042-08-20,0.6205695181519637,0.45453818622422487,0.46458609250669813,0.2864537411828716,0.4841068829505104,0.8150230813565744,0.6045350120635765,0.38968679040021365,11.341018879080194,11.257925808433887,11.160539991762427,11.238074560601866
2042-08-21,0.6205695181519628,0.45453818622422393,0.46458609250669874,0.28645374118287176,0.4841068829505114,0.8150230813565744,0.6045350120635757,0.389686790400214,11.341018879080192,11.257925808433887,11.160539991762423,11.238074560601866
2042-08-22,0.6205695181519633,0.4545381862242236,0.46458609250669886,0.28645374118287115,0.4841068829505105,0.8150230813565755,0.6045350120635758,0.3896867904002144,11.341018879080194,11.257925808433885,11.160539991762422,11.238074560601865
2042-08-25,0.6205695181519624,0.45453818622422393,0.464586092506699,0.2864537411828721,0.4841068829505096,0.815023081356575,0.6045350120635762,0.38968679040021437,11.341018879080194,11.257925808433889,11.160539991762425,11.238074560601866
2042-08-26,0.6205695181519622,0.45453818622422415,0.46458609250669847,0.2864537411828716,0.4841068829505103,0.8150230813565753,0.6045350120635755,0.38968679040021353,11.341018879080194,11.257925808433887,11.160539991762418,11.238074560601868
2042-08-27,0.620569518151962,0.45453818622422426,0.46458609250669847,0.28645374118287126,0.48410688295051085,0.8150230813565744,0.604535012063575,0.3896867904002144,11.34101887908019,11.257925808433889,11.160539991762423,11.238074560601865
2042-08-28,0.6205695181519624,0.45453818622422504,0.4645860925066977,0.28645374118287226,0.48410688295051163,0.8150230813565764,0.6045350120635751,0.38968679040021403,11.341018879080192,11.257925808433887,11.160539991762423,11.238074560601868
2042-08-29,0.6205695181519622,0.45453818622422326,0.4645860925066977,0.2864537411828726,0.48410688295051074,0.8150230813565761,0.6045350120635755,0.3896867904002132,11.341018879080194,11.257925808433885,11.160539991762425,11.238074560601868
2042-09-01,0.6205695181519639,0.45453818622422415,0.4645860925066973,0.2864537411828714,0.48410688295050985,0.8150230813565753,0.6045350120635768,0.3896867904002134,11.34101887908019,11.257925808433885,11.160539991762425,11.238074560601865
2042-09-02,0.6205695181519614,0.45453818622422404,0.4645860925066995,0.28645374118287104,0.48410688295051096,0.8150230813565751,0.6045350120635766,0.3896867904002152,11.34101887908019,11.257925808433889,11.16053999176243,11.238074560601866
2042-09-03,0.6205695181519627,0.45453818622422437,0.46458609250669924,0.2864537411828719,0.4841068829505101,0.8150230813565758,0.6045350120635768,0.3896867904002151,11.34101887908019,11.257925808433885,11.160539991762423,11.238074560601868
2042-09-04,0.6205695181519624,0.4545381862242234,0.4645860925066986,0.28645374118287237,0.48410688295051085,0.8150230813565755,0.6045350120635771,0.3896867904002134,11.341018879080192,11.257925808433887,11.160539991762423,11.238074560601865
2042-09-05,0.6205695181519629,0.4545381862242248,0.46458609250669786,0.28645374118287154,0.4841068829505114,0.8150230813565746,0.6045350120635749,0.38968679040021365,11.341018879080194,11.25792580843389,11.160539991762427,11.238074560601865
2042-09-08,0.6205695181519633,0.4545381862242237,0.4645860925066988,0.28645374118287115,0.48410688295051135,0.8150230813565758,0.6045350120635758,0.38968679040021376,11.341018879080192,11.257925808433885,11.160539991762427,11.238074560601866
2042-09-09,0.6205695181519637,0.45453818622422365,0.4645860925066985,0.2864537411828724,0.4841068829505091,0.8150230813565744,0.6045350120635761,0.3896867904002151,11.341018879080194,11.257925808433887,11.160539991762425,11.238074560601865
2042-09-10,0.6205695181519643,0.45453818622422515,0.4645860925066979,0.2864537411828706,0.48410688295051085,0.8150230813565735,0.6045350120635761,0.38968679040021476,11.341018879080194,11.257925808433889,11.160539991762429,11.23807456060187
2042-09-11,0.620569518151963,0.45453818622422426,0.4645860925066986,0.28645374118287215,0.48410688295051024,0.815023081356575,0.6045350120635765,0.3896867904002145,11.341018879080194,11.257925808433887,11.160539991762423,11.238074560601861
2042-09-12,0.6205695181519626,0.45453818622422526,0.46458609250669847,0.28645374118287076,0.48410688295051085,0.8150230813565738,0.6045350120635758,0.38968679040021476,11.341018879080192,11.257925808433887,11.160539991762427,11.238074560601865
2042-09-15,0.6205695181519639,0.4545381862242237,0.46458609250669713,0.28645374118287154,0.4841068829505104,0.8150230813565753,0.6045350120635774,0.3896867904002144,11.341018879080192,11.257925808433889,11.160539991762425,11.238074560601863
2042-09-16,0.6205695181519619,0.45453818622422415,0.4645860925066979,0.28645374118287054,0.48410688295051124,0.8150230813565755,0.6045350120635756,0.38968679040021453,11.34101887908019,11.257925808433889,11.16053999176242,11.238074560601866
2042-09-17,0.6205695181519628,0.4545381862242248,0.464586092506698,0.28645374118287203,0.48410688295051124,0.8150230813565759,0.6045350120635758,0.3896867904002134,11.341018879080194,11.257925808433887,11.160539991762423,11.238074560601865
2042-09-18,0.620569518151963,0.45453818622422415,0.4645860925066991,0.2864537411828715,0.4841068829505113,0.8150230813565758,0.6045350120635764,0.3896867904002142,11.341018879080192,11.257925808433887,11.160539991762427,11.238074560601865
2042-09-19,0.6205695181519619,0.4545381862242246,0.4645860925066996,0.2864537411828712,0.48410688295051096,0.815023081356576,0.6045350120635752,0.38968679040021414,11.341018879080194,11.257925808433889,11.160539991762425,11.238074560601868
2042-09-22,0.6205695181519625,0.4545381862242249,0.46458609250669736,0.2864537411828706,0.4841068829505115,0.8150230813565746,0.6045350120635767,0.38968679040021353,11.341018879080194,11.257925808433889,11.160539991762427,11.238074560601865
2042-09-23,0.6205695181519624,0.4545381862242238,0.4645860925066987,0.28645374118287337,0.4841068829505102,0.8150230813565758,0.6045350120635762,0.38968679040021365,11.341018879080192,11.257925808433885,11.160539991762423,11.238074560601865
2042-09-24,0.6205695181519622,0.45453818622422504,0.46458609250669897,0.2864537411828711,0.484106882950511,0.8150230813565759,0.6045350120635764,0.3896867904002138,11.34101887908019,11.257925808433887,11.160539991762423,11.238074560601865
2042-09-25,0.6205695181519624,0.45453818622422504,0.4645860925066979,0.2864537411828719,0.48410688295051063,0.8150230813565759,0.6045350120635765,0.3896867904002134,11.34101887908019,11.257925808433885,11.160539991762423,11.238074560601866
2042-09-26,0.6205695181519626,0.4545381862242238,0.4645860925066988,0.2864537411828723,0.48410688295051024,0.8150230813565761,0.6045350120635768,0.3896867904002142,11.341018879080192,11.257925808433887,11.160539991762425,11.238074560601868
2042-09-29,0.6205695181519613,0.4545381862242248,0.46458609250669813,0.2864537411828714,0.4841068829505092,0.8150230813565754,0.6045350120635755,0.38968679040021337,11.341018879080194,11.257925808433885,11.160539991762423,11.238074560601865
2042-09-30,0.6205695181519638,0.4545381862242235,0.46458609250669847,0.28645374118287154,0.4841068829505094,0.8150230813565742,0.6045350120635766,0.3896867904002134,11.341018879080194,11.257925808433887,11.160539991762423,11.238074560601865
2042-10-01,0.6205695181519632,0.4545381862242256,0.46458609250669713,0.28645374118287203,0.4841068829505119,0.8150230813565771,0.6045350120635755,0.3896867904002131,11.341018879080194,11.257925808433885,11.16053999176242,11.238074560601866
2042-10-02,0.6205695181519617,0.4545381862242248,0.4645860925066988,0.28645374118287115,0.4841068829505106,0.8150230813565756,0.6045350120635762,0.3896867904002141,11.341018879080192,11.257925808433885,11.160539991762423,11.238074560601868
2042-10-03,0.6205695181519626,0.4545381862242237,0.4645860925066988,0.28645374118287087,0.4841068829505112,0.8150230813565758,0.6045350120635758,0.38968679040021453,11.341018879080192,11.257925808433889,11.160539991762423,11.238074560601866
2042-10-06,0.6205695181519633,0.4545381862242248,0.46458609250669913,0.28645374118287137,0.48410688295051024,0.8150230813565739,0.604535012063576,0.3896867904002133,11.341018879080194,11.257925808433889,11.160539991762427,11.238074560601866
2042-10-07,0.6205695181519637,0.4545381862242249,0.46458609250669936,0.2864537411828718,0.4841068829505109,0.8150230813565759,0.6045350120635753,0.389686790400214,11.341018879080194,11.257925808433885,11.160539991762423,11.238074560601863
2042-10-08,0.6205695181519633,0.4545381862242249,0.4645860925066996,0.2864537411828713,0.48410688295051146,0.8150230813565762,0.6045350120635766,0.389686790400214,11.341018879080192,11.257925808433885,11.160539991762423,11.238074560601865
2042-10-09,0.6205695181519642,0.4545381862242245,0.464586092506698,0.2864537411828717,0.48410688295051096,0.8150230813565758,0.6045350120635763,0.3896867904002141,11.341018879080192,11.257925808433889,11.160539991762423,11.238074560601865
2042-10-10,0.6205695181519638,0.4545381862242237,0.4645860925066986,0.2864537411828719,0.48410688295051074,0.8150230813565758,0.604535012063577,0.389686790400213,11.34101887908019,11.257925808433885,11.16053999176242,11.238074560601861
2042-10-13,0.6205695181519626,0.45453818622422343,0.4645860925066985,0.28645374118287165,0.4841068829505105,0.8150230813565753,0.6045350120635752,0.3896867904002132,11.341018879080188,11.257925808433887,11.160539991762422,11.238074560601866
2042-10-14,0.620569518151963,0.45453818622422393,0.4645860925066976,0.28645374118287165,0.4841068829505109,0.8150230813565758,0.6045350120635754,0.38968679040021414,11.34101887908019,11.257925808433885,11.160539991762423,11.238074560601865
2042-10-15,0.6205695181519642,0.4545381862242249,0.46458609250669863,0.2864537411828704,0.48410688295051196,0.8150230813565755,0.604535012063576,0.38968679040021365,11.34101887908019,11.257925808433889,11.160539991762423,11.238074560601868
2042-10-16,0.6205695181519632,0.4545381862242245,0.4645860925066977,0.2864537411828716,0.4841068829505112,0.8150230813565753,0.6045350120635762,0.3896867904002131,11.341018879080192,11.257925808433885,11.160539991762422,11.238074560601865
2042-10-17,0.6205695181519635,0.4545381862242247,0.46458609250669786,0.2864537411828706,0.48410688295051174,0.8150230813565762,0.6045350120635753,0.38968679040021376,11.341018879080194,11.257925808433889,11.160539991762423,11.238074560601868
2042-10-20,0.6205695181519633,0.45453818622422326,0.4645860925066989,0.2864537411828717,0.4841068829505108,0.8150230813565758,0.6045350120635764,0.38968679040021337,11.341018879080192,11.257925808433885,11.160539991762423,11.238074560601866
2042-10-21,0.6205695181519633,0.45453818622422504,0.46458609250669797,0.28645374118287237,0.48410688295051235,0.8150230813565758,0.6045350120635754,0.38968679040021387,11.341018879080194,11.257925808433885,11.16053999176242,11.238074560601865
2042-10-22,0.620569518151963,0.4545381862242246,0.4645860925066988,0.2864537411828707,0.4841068829505115,0.8150230813565749,0.6045350120635767,0.38968679040021376,11.341018879080192,11.25792580843389,11.160539991762425,11.238074560601865
2042-10-23,0.6205695181519635,0.4545381862242247,0.46458609250669924,0.2864537411828722,0.4841068829505113,0.8150230813565744,0.6045350120635761,0.3896867904002133,11.341018879080188,11.257925808433889,11.16053999176242,11.238074560601863
2042-10-24,0.6205695181519615,0.4545381862242247,0.46458609250669797,0.2864537411828716,0.484106882950512,0.8150230813565761,0.6045350120635756,0.38968679040021403,11.341018879080188,11.257925808433887,11.160539991762422,11.238074560601868
2042-10-27,0.6205695181519627,0.45453818622422437,0.46458609250669847,0.28645374118287087,0.4841068829505111,0.8150230813565744,0.6045350120635758,0.38968679040021464,11.341018879080194,11.257925808433887,11.160539991762423,11.238074560601863
2042-10-28,0.6205695181519624,0.4545381862242246,0.46458609250669813,0.28645374118286965,0.4841068829505119,0.8150230813565755,0.6045350120635757,0.3896867904002135,11.341018879080192,11.257925808433885,11.16053999176242,11.238074560601866
2042-10-29,0.6205695181519626,0.45453818622422393,0.4645860925066977,0.2864537411828716,0.4841068829505113,0.8150230813565746,0.6045350120635765,0.38968679040021403,11.341018879080192,11.257925808433887,11.160539991762423,11.238074560601868
2042-10-30,0.6205695181519642,0.4545381862242245,0.4645860925066989,0.28645374118287065,0.4841068829505106,0.8150230813565751,0.6045350120635765,0.38968679040021453,11.341018879080188,11.257925808433885,11.16053999176242,11.238074560601865
2042-10-31,0.6205695181519615,0.45453818622422437,0.46458609250669913,0.28645374118287187,0.48410688295051163,0.8150230813565755,0.604535012063576,0.3896867904002144,11.341018879080192,11.257925808433887,11.16053999176242,11.238074560601863
2042-11-03,0.6205695181519637,0.4545381862242235,0.4645860925066978,0.2864537411828721,0.4841068829505101,0.8150230813565755,0.604535012063576,0.389686790400213,11.34101887908019,11.257925808433885,11.160539991762427,11.238074560601863
2042-11-04,0.6205695181519634,0.4545381862242247,0.4645860925066997,0.28645374118287126,0.48410688295051163,0.8150230813565753,0.6045350120635764,0.38968679040021276,11.341018879080192,11.257925808433887,11.160539991762422,11.238074560601865
2042-11-05,0.6205695181519647,0.45453818622422393,0.46458609250669913,0.28645374118287176,0.4841068829505105,0.8150230813565764,0.6045350120635764,0.3896867904002142,11.341018879080194,11.257925808433887,11.160539991762423,11.238074560601868
2042-11-06,0.6205695181519622,0.4545381862242246,0.46458609250669847,0.2864537411828697,0.48410688295051074,0.8150230813565765,0.604535012063577,0.38968679040021403,11.34101887908019,11.257925808433882,11.16053999176242,11.238074560601866
2042-11-07,0.6205695181519625,0.4545381862242238,0.46458609250669947,0.28645374118287215,0.4841068829505113,0.8150230813565753,0.6045350120635771,0.3896867904002143,11.341018879080192,11.257925808433885,11.16053999176242,11.238074560601863
2042-11-10,0.6205695181519636,0.4545381862242237,0.4645860925066976,0.28645374118287253,0.48410688295051024,0.815023081356576,0.6045350120635751,0.389686790400214,11.34101887908019,11.257925808433885,11.160539991762423,11.238074560601861
2042-11-11,0.6205695181519626,0.4545381862242245,0.46458609250669797,0.28645374118287126,0.48410688295051174,0.8150230813565758,0.6045350120635766,0.3896867904002141,11.341018879080192,11.257925808433885,11.16053999176242,11.238074560601865
2042-11-12,0.620569518151963,0.4545381862242246,0.4645860925066992,0.2864537411828711,0.48410688295051063,0.8150230813565771,0.6045350120635762,0.3896867904002142,11.34101887908019,11.257925808433884,11.16053999176242,11.238074560601863
2042-11-13,0.6205695181519642,0.4545381862242249,0.4645860925066993,0.2864537411828721,0.48410688295051163,0.8150230813565758,0.6045350120635755,0.389686790400213,11.34101887908019,11.257925808433885,11.160539991762423,11.238074560601863
2042-11-14,0.6205695181519628,0.45453818622422537,0.46458609250669936,0.2864537411828706,0.4841068829505108,0.8150230813565752,0.6045350120635758,0.389686790400214,11.341018879080192,11.257925808433887,11.16053999176242,11.238074560601865
2042-11-17,0.620569518151963,0.4545381862242249,0.4645860925066977,0.28645374118287176,0.4841068829505111,0.8150230813565759,0.6045350120635757,0.3896867904002135,11.341018879080192,11.257925808433885,11.160539991762422,11.238074560601865
2042-11-18,0.6205695181519632,0.45453818622422504,0.464586092506699,0.2864537411828715,0.484106882950512,0.815023081356576,0.6045350120635767,0.3896867904002144,11.34101887908019,11.257925808433885,11.16053999176242,11.238074560601865
2042-11-19,0.6205695181519626,0.4545381862242246,0.46458609250669913,0.28645374118287154,0.4841068829505114,0.8150230813565766,0.6045350120635762,0.3896867904002133,11.34101887908019,11.257925808433889,11.160539991762418,11.238074560601865
2042-11-20,0.6205695181519629,0.45453818622422526,0.4645860925066987,0.28645374118287137,0.4841068829505116,0.8150230813565771,0.604535012063575,0.3896867904002145,11.341018879080185,11.257925808433885,11.16053999176242,11.238074560601861
2042-11-21,0.6205695181519633,0.4545381862242238,0.46458609250669974,0.2864537411828715,0.4841068829505113,0.8150230813565753,0.6045350120635756,0.38968679040021476,11.341018879080194,11.257925808433887,11.160539991762422,11.238074560601868
2042-11-24,0.6205695181519619,0.4545381862242256,0.4645860925066992,0.28645374118287087,0.4841068829505113,0.815023081356575,0.6045350120635763,0.3896867904002139,11.341018879080188,11.257925808433885,11.160539991762418,11.238074560601861
2042-11-25,0.6205695181519617,0.45453818622422415,0.4645860925066987,0.2864537411828719,0.48410688295051096,0.8150230813565754,0.6045350120635756,0.3896867904002136,11.341018879080192,11.257925808433882,11.160539991762416,11.238074560601865
2042-11-26,0.6205695181519622,0.45453818622422415,0.46458609250669897,0.2864537411828722,0.4841068829505117,0.8150230813565748,0.6045350120635756,0.38968679040021353,11.34101887908019,11.257925808433885,11.160539991762427,11.238074560601868
2042-11-27,0.6205695181519628,0.45453818622422537,0.4645860925066979,0.28645374118287226,0.4841068829505112,0.8150230813565759,0.6045350120635758,0.389686790400214,11.341018879080194,11.257925808433885,11.160539991762423,11.238074560601866
2042-11-28,0.6205695181519637,0.4545381862242238,0.46458609250669886,0.2864537411828716,0.48410688295051163,0.8150230813565761,0.6045350120635758,0.3896867904002154,11.34101887908019,11.257925808433885,11.16053999176242,11.238074560601865
2042-12-01,0.6205695181519624,0.45453818622422426,0.4645860925066989,0.28645374118287187,0.48410688295051163,0.8150230813565756,0.604535012063576,0.3896867904002142,11.341018879080186,11.257925808433885,11.160539991762416,11.238074560601868
2042-12-02,0.6205695181519636,0.45453818622422365,0.4645860925066979,0.286453741182872,0.4841068829505111,0.815023081356576,0.6045350120635764,0.3896867904002143,11.341018879080192,11.257925808433887,11.160539991762425,11.238074560601863
2042-12-03,0.6205695181519613,0.4545381862242255,0.4645860925066984,0.2864537411828712,0.4841068829505117,0.8150230813565752,0.6045350120635765,0.3896867904002139,11.341018879080192,11.257925808433885,11.160539991762425,11.238074560601865
2042-12-04,0.6205695181519626,0.4545381862242246,0.46458609250669874,0.28645374118287187,0.4841068829505109,0.8150230813565756,0.6045350120635755,0.3896867904002136,11.341018879080192,11.257925808433885,11.160539991762423,11.238074560601868
2042-12-05,0.620569518151963,0.45453818622422393,0.4645860925066989,0.2864537411828716,0.48410688295051096,0.8150230813565764,0.6045350120635755,0.3896867904002141,11.34101887908019,11.257925808433885,11.160539991762422,11.238074560601865
2042-12-08,0.620569518151963,0.45453818622422465,0.46458609250669936,0.2864537411828718,0.4841068829505103,0.8150230813565759,0.6045350120635765,0.38968679040021376,11.34101887908019,11.257925808433885,11.16053999176242,11.238074560601865
2042-12-09,0.6205695181519624,0.4545381862242245,0.4645860925066997,0.2864537411828712,0.4841068829505114,0.8150230813565751,0.6045350120635754,0.38968679040021376,11.341018879080192,11.257925808433889,11.160539991762422,11.238074560601868
2042-12-10,0.6205695181519622,0.4545381862242249,0.46458609250669824,0.2864537411828724,0.48410688295051196,0.815023081356576,0.6045350120635749,0.38968679040021414,11.341018879080192,11.257925808433885,11.16053999176242,11.238074560601865
2042-12-11,0.6205695181519625,0.4545381862242249,0.4645860925066976,0.2864537411828716,0.4841068829505119,0.815023081356576,0.6045350120635758,0.38968679040021426,11.341018879080192,11.257925808433885,11.16053999176242,11.238074560601868
2042-12-12,0.6205695181519624,0.45453818622422415,0.46458609250669913,0.2864537411828717,0.48410688295051174,0.815023081356576,0.604535012063576,0.3896867904002151,11.341018879080192,11.257925808433884,11.16053999176242,11.238074560601865
2042-12-15,0.6205695181519639,0.45453818622422426,0.4645860925066979,0.28645374118287087,0.4841068829505111,0.8150230813565762,0.6045350120635753,0.3896867904002133,11.341018879080188,11.257925808433887,11.160539991762423,11.238074560601868
2042-12-16,0.6205695181519628,0.4545381862242245,0.4645860925066988,0.28645374118287037,0.4841068829505112,0.8150230813565754,0.604535012063577,0.3896867904002143,11.341018879080188,11.257925808433885,11.16053999176242,11.238074560601861
2042-12-17,0.6205695181519633,0.45453818622422504,0.46458609250669947,0.2864537411828713,0.48410688295051185,0.8150230813565769,0.6045350120635761,0.3896867904002132,11.341018879080188,11.257925808433887,11.160539991762422,11.238074560601866
2042-12-18,0.6205695181519623,0.45453818622422393,0.4645860925066979,0.2864537411828716,0.48410688295051124,0.8150230813565762,0.6045350120635763,0.38968679040021414,11.341018879080192,11.257925808433885,11.16053999176242,11.238074560601865
2042-12-19,0.6205695181519624,0.45453818622422515,0.4645860925066984,0.2864537411828717,0.4841068829505111,0.8150230813565762,0.6045350120635762,0.3896867904002132,11.341018879080192,11.257925808433885,11.160539991762423,11.238074560601865
2042-12-22,0.6205695181519626,0.45453818622422415,0.464586092506698,0.28645374118287203,0.4841068829505102,0.8150230813565753,0.6045350120635758,0.3896867904002141,11.341018879080192,11.257925808433885,11.160539991762423,11.238074560601865
2042-12-23,0.6205695181519633,0.45453818622422526,0.46458609250669797,0.2864537411828707,0.4841068829505113,0.8150230813565759,0.604535012063576,0.38968679040021376,11.34101887908019,11.257925808433885,11.160539991762423,11.238074560601863
2042-12-24,0.6205695181519626,0.45453818622422426,0.4645860925066973,0.2864537411828709,0.48410688295051063,0.8150230813565754,0.604535012063575,0.3896867904002134,11.341018879080188,11.257925808433889,11.16053999176242,11.238074560601863
2042-12-25,0.620569518151963,0.45453818622422415,0.46458609250669874,0.2864537411828717,0.4841068829505113,0.8150230813565774,0.6045350120635765,0.3896867904002139,11.341018879080188,11.257925808433885,11.16053999176242,11.238074560601868
2042-12-26,0.620569518151963,0.45453818622422576,0.4645860925066988,0.2864537411828718,0.4841068829505115,0.8150230813565769,0.6045350120635768,0.3896867904002133,11.341018879080194,11.257925808433885,11.160539991762422,11.238074560601872
2042-12-29,0.620569518151963,0.4545381862242248,0.4645860925066987,0.2864537411828707,0.48410688295051174,0.8150230813565754,0.6045350120635751,0.3896867904002147,11.341018879080192,11.257925808433885,11.16053999176242,11.238074560601866
2042-12-30,0.6205695181519628,0.45453818622422504,0.46458609250669874,0.286453741182871,0.48410688295051174,0.815023081356577,0.6045350120635758,0.389686790400214,11.34101887908019,11.257925808433882,11.16053999176242,11.238074560601865
2042-12-31,0.6205695181519626,0.4545381862242249,0.46458609250669786,0.28645374118287115,0.48410688295051074,0.8150230813565751,0.6045350120635758,0.3896867904002139,11.341018879080192,11.257925808433885,11.160539991762425,11.238074560601865
2043-01-01,0.6205695181519619,0.4545381862242236,0.46458609250669797,0.28645374118287104,0.48410688295051096,0.8150230813565755,0.6045350120635761,0.389686790400215,11.341018879080192,11.257925808433887,11.16053999176242,11.238074560601863
2043-01-02,0.6205695181519613,0.45453818622422515,0.4645860925066977,0.2864537411828708,0.48410688295051163,0.8150230813565758,0.6045350120635766,0.38968679040021353,11.341018879080186,11.257925808433885,11.16053999176242,11.238074560601863
2043-01-05,0.620569518151964,0.45453818622422415,0.4645860925066991,0.28645374118287115,0.4841068829505114,0.8150230813565765,0.6045350120635757,0.38968679040021453,11.341018879080188,11.257925808433884,11.16053999176242,11.238074560601865
2043-01-06,0.6205695181519633,0.45453818622422426,0.4645860925066984,0.2864537411828724,0.4841068829505104,0.8150230813565756,0.6045350120635757,0.38968679040021403,11.341018879080192,11.257925808433885,11.16053999176242,11.238074560601861
2043-01-07,0.6205695181519619,0.45453818622422537,0.46458609250669897,0.2864537411828716,0.48410688295051274,0.8150230813565759,0.604535012063576,0.38968679040021365,11.34101887908019,11.257925808433885,11.160539991762418,11.238074560601868
2043-01-08,0.6205695181519628,0.45453818622422537,0.4645860925066982,0.2864537411828715,0.48410688295051096,0.8150230813565755,0.604535012063576,0.38968679040021453,11.341018879080188,11.257925808433889,11.160539991762423,11.238074560601866
2043-01-09,0.6205695181519626,0.4545381862242248,0.464586092506699,0.2864537411828714,0.4841068829505113,0.815023081356577,0.6045350120635771,0.38968679040021426,11.341018879080188,11.257925808433889,11.160539991762418,11.238074560601861
2043-01-12,0.6205695181519623,0.4545381862242247,0.46458609250669725,0.2864537411828721,0.4841068829505111,0.8150230813565762,0.604535012063575,0.3896867904002132,11.341018879080192,11.257925808433884,11.16053999176242,11.238074560601868
2043-01-13,0.6205695181519618,0.4545381862242242,0.46458609250669824,0.2864537411828711,0.48410688295051163,0.8150230813565753,0.6045350120635762,0.3896867904002131,11.341018879080192,11.257925808433885,11.16053999176242,11.238074560601865
2043-01-14,0.6205695181519619,0.45453818622422504,0.4645860925066987,0.2864537411828714,0.4841068829505112,0.8150230813565779,0.6045350120635752,0.38968679040021387,11.34101887908019,11.257925808433885,11.160539991762418,11.238074560601865
2043-01-15,0.6205695181519619,0.4545381862242249,0.4645860925066992,0.28645374118287203,0.48410688295051163,0.8150230813565754,0.6045350120635757,0.38968679040021326,11.341018879080186,11.257925808433885,11.160539991762416,11.238074560601863
2043-01-16,0.620569518151963,0.4545381862242247,0.464586092506699,0.28645374118287176,0.48410688295051096,0.8150230813565756,0.6045350120635762,0.3896867904002141,11.341018879080192,11.257925808433885,11.160539991762425,11.238074560601865
2043-01-19,0.6205695181519617,0.4545381862242245,0.4645860925066991,0.28645374118287076,0.48410688295051085,0.8150230813565749,0.6045350120635758,0.389686790400214,11.34101887908019,11.257925808433885,11.160539991762422,11.238074560601865
2043-01-20,0.6205695181519623,0.4545381862242257,0.4645860925066997,0.2864537411828714,0.48410688295051196,0.8150230813565755,0.6045350120635768,0.3896867904002133,11.34101887908019,11.257925808433885,11.16053999176242,11.238074560601865
2043-01-21,0.6205695181519639,0.4545381862242247,0.46458609250669725,0.28645374118287126,0.4841068829505111,0.8150230813565768,0.6045350120635761,0.38968679040021537,11.34101887908019,11.257925808433885,11.160539991762422,11.238074560601865
2043-01-22,0.6205695181519635,0.45453818622422504,0.4645860925066976,0.28645374118287176,0.48410688295051185,0.8150230813565768,0.6045350120635762,0.3896867904002136,11.341018879080194,11.257925808433885,11.16053999176242,11.238074560601865
2043-01-23,0.6205695181519633,0.4545381862242247,0.46458609250669847,0.2864537411828715,0.48410688295051085,0.8150230813565762,0.604535012063576,0.38968679040021276,11.34101887908019,11.257925808433887,11.16053999176242,11.238074560601865
2043-01-26,0.6205695181519622,0.4545381862242243,0.46458609250669886,0.28645374118287203,0.4841068829505114,0.8150230813565762,0.6045350120635765,0.3896867904002144,11.34101887908019,11.257925808433885,11.16053999176242,11.238074560601865
2043-01-27,0.6205695181519624,0.4545381862242247,0.4645860925066986,0.28645374118287115,0.4841068829505113,0.8150230813565744,0.6045350120635753,0.38968679040021376,11.34101887908019,11.257925808433889,11.160539991762423,11.238074560601863
2043-01-28,0.620569518151963,0.45453818622422537,0.4645860925066976,0.2864537411828712,0.484106882950512,0.8150230813565766,0.6045350120635761,0.389686790400213,11.341018879080186,11.257925808433889,11.160539991762422,11.238074560601865
2043-01-29,0.6205695181519628,0.4545381862242235,0.464586092506699,0.286453741182873,0.4841068829505103,0.8150230813565744,0.6045350120635768,0.38968679040021353,11.341018879080188,11.257925808433885,11.16053999176242,11.238074560601865
2043-01-30,0.6205695181519638,0.45453818622422415,0.4645860925066996,0.28645374118287115,0.4841068829505103,0.815023081356576,0.6045350120635764,0.38968679040021353,11.341018879080194,11.257925808433889,11.160539991762423,11.238074560601868
2043-02-02,0.6205695181519627,0.45453818622422515,0.4645860925066989,0.28645374118287137,0.48410688295051085,0.8150230813565752,0.6045350120635773,0.3896867904002141,11.341018879080185,11.257925808433884,11.160539991762416,11.238074560601861
2043-02-03,0.6205695181519624,0.4545381862242246,0.46458609250669824,0.2864537411828723,0.48410688295051085,0.8150230813565755,0.6045350120635753,0.38968679040021365,11.341018879080192,11.257925808433885,11.16053999176242,11.238074560601865
2043-02-04,0.6205695181519633,0.45453818622422554,0.464586092506698,0.28645374118287253,0.4841068829505112,0.8150230813565762,0.6045350120635758,0.389686790400214,11.341018879080192,11.257925808433885,11.160539991762425,11.238074560601866
2043-02-05,0.6205695181519625,0.45453818622422626,0.46458609250669947,0.2864537411828719,0.4841068829505133,0.8150230813565751,0.6045350120635757,0.3896867904002142,11.34101887908019,11.257925808433884,11.16053999176242,11.238074560601865
2043-02-06,0.6205695181519619,0.4545381862242245,0.4645860925066994,0.2864537411828703,0.4841068829505115,0.8150230813565758,0.6045350120635752,0.389686790400213,11.341018879080186,11.257925808433885,11.16053999176242,11.238074560601865
2043-02-09,0.6205695181519622,0.4545381862242248,0.464586092506699,0.2864537411828713,0.48410688295051213,0.8150230813565758,0.6045350120635766,0.3896867904002139,11.341018879080188,11.257925808433885,11.160539991762418,11.238074560601865
2043-02-10,0.620569518151962,0.4545381862242247,0.46458609250669736,0.28645374118287104,0.48410688295051135,0.815023081356576,0.6045350120635762,0.3896867904002139,11.341018879080192,11.257925808433889,11.160539991762425,11.238074560601866
2043-02-11,0.620569518151963,0.45453818622422415,0.46458609250669736,0.2864537411828709,0.48410688295051074,0.8150230813565755,0.6045350120635754,0.38968679040021464,11.34101887908019,11.257925808433885,11.160539991762418,11.238074560601865
2043-02-12,0.620569518151963,0.45453818622422415,0.4645860925066987,0.28645374118287154,0.4841068829505113,0.8150230813565752,0.6045350120635767,0.38968679040021426,11.341018879080188,11.257925808433885,11.160539991762418,11.238074560601865
2043-02-13,0.6205695181519635,0.4545381862242248,0.46458609250669813,0.2864537411828715,0.48410688295051085,0.815023081356576,0.604535012063576,0.38968679040021426,11.34101887908019,11.257925808433885,11.160539991762418,11.238074560601868
2043-02-16,0.620569518151962,0.45453818622422504,0.4645860925066991,0.2864537411828717,0.4841068829505117,0.815023081356578,0.6045350120635756,0.38968679040021365,11.341018879080188,11.257925808433885,11.16053999176242,11.238074560601865
2043-02-17,0.6205695181519639,0.4545381862242245,0.4645860925066984,0.2864537411828715,0.48410688295051063,0.8150230813565766,0.6045350120635767,0.3896867904002141,11.34101887908019,11.257925808433885,11.16053999176242,11.238074560601865
2043-02-18,0.6205695181519633,0.4545381862242255,0.46458609250669913,0.28645374118287087,0.48410688295051174,0.8150230813565771,0.6045350120635757,0.38968679040021387,11.34101887908019,11.257925808433887,11.160539991762422,11.238074560601861
2043-02-19,0.6205695181519637,0.45453818622422293,0.4645860925066982,0.28645374118287104,0.4841068829505111,0.8150230813565756,0.604535012063576,0.3896867904002144,11.34101887908019,11.257925808433887,11.160539991762423,11.238074560601865
2043-02-20,0.6205695181519633,0.4545381862242249,0.46458609250669797,0.2864537411828712,0.48410688295051174,0.8150230813565746,0.6045350120635754,0.3896867904002142,11.341018879080192,11.257925808433884,11.16053999176242,11.238074560601866
2043-02-23,0.6205695181519637,0.45453818622422404,0.4645860925066981,0.28645374118287226,0.48410688295051063,0.8150230813565761,0.6045350120635754,0.3896867904002142,11.341018879080186,11.257925808433885,11.16053999176242,11.238074560601865
2043-02-24,0.6205695181519616,0.45453818622422537,0.4645860925066998,0.28645374118287187,0.4841068829505105,0.8150230813565758,0.6045350120635756,0.3896867904002143,11.34101887908019,11.257925808433885,11.16053999176242,11.238074560601868
2043-02-25,0.6205695181519642,0.4545381862242245,0.4645860925066989,0.28645374118287115,0.48410688295051063,0.8150230813565758,0.6045350120635758,0.38968679040021365,11.34101887908019,11.257925808433885,11.160539991762418,11.238074560601866
2043-02-26,0.620569518151963,0.45453818622422426,0.464586092506698,0.28645374118287137,0.4841068829505118,0.8150230813565758,0.6045350120635753,0.38968679040021365,11.341018879080185,11.257925808433889,11.16053999176242,11.238074560601865
2043-02-27,0.6205695181519624,0.4545381862242245,0.46458609250669713,0.28645374118287076,0.4841068829505118,0.8150230813565766,0.6045350120635745,0.38968679040021437,11.341018879080188,11.257925808433885,11.16053999176242,11.238074560601868
2043-03-02,0.620569518151963,0.454538186224224,0.46458609250669775,0.2864537411828726,0.48410688295050963,0.8150230813565764,0.6045350120635774,0.38968679040021303,11.341018879080192,11.257925808433884,11.16053999176242,11.238074560601863
2043-03-03,0.620569518151963,0.4545381862242255,0.46458609250669874,0.2864537411828728,0.48410688295051085,0.8150230813565766,0.6045350120635766,0.38968679040021376,11.341018879080188,11.257925808433885,11.16053999176242,11.238074560601863
2043-03-04,0.6205695181519634,0.45453818622422404,0.464586092506698,0.28645374118287215,0.4841068829505105,0.8150230813565753,0.6045350120635763,0.3896867904002142,11.341018879080194,11.257925808433884,11.16053999176242,11.238074560601865
2043-03-05,0.6205695181519619,0.4545381862242246,0.4645860925066982,0.2864537411828716,0.48410688295051063,0.8150230813565776,0.6045350120635761,0.3896867904002133,11.34101887908019,11.257925808433885,11.160539991762422,11.238074560601868
2043-03-06,0.6205695181519633,0.4545381862242249,0.4645860925066989,0.28645374118287253,0.4841068829505102,0.8150230813565759,0.6045350120635773,0.3896867904002135,11.34101887908019,11.257925808433889,11.16053999176242,11.238074560601861
2043-03-09,0.6205695181519635,0.45453818622422437,0.4645860925066979,0.2864537411828712,0.4841068829505114,0.8150230813565762,0.6045350120635764,0.3896867904002136,11.341018879080194,11.257925808433885,11.16053999176242,11.238074560601868
2043-03-10,0.6205695181519619,0.4545381862242245,0.46458609250669924,0.286453741182871,0.4841068829505106,0.8150230813565763,0.604535012063577,0.3896867904002146,11.341018879080188,11.257925808433887,11.160539991762423,11.238074560601865
2043-03-11,0.6205695181519633,0.4545381862242245,0.46458609250669874,0.2864537411828721,0.4841068829505106,0.8150230813565752,0.604535012063576,0.38968679040021376,11.341018879080192,11.257925808433885,11.160539991762422,11.238074560601868
2043-03-12,0.6205695181519628,0.4545381862242258,0.46458609250669913,0.2864537411828716,0.48410688295051185,0.8150230813565769,0.6045350120635768,0.3896867904002138,11.341018879080186,11.257925808433884,11.160539991762418,11.238074560601866
2043-03-13,0.6205695181519626,0.45453818622422426,0.46458609250669936,0.2864537411828716,0.48410688295050996,0.815023081356576,0.6045350120635766,0.3896867904002141,11.341018879080188,11.257925808433887,11.160539991762418,11.238074560601863
2043-03-16,0.6205695181519627,0.45453818622422487,0.4645860925066988,0.2864537411828717,0.48410688295051085,0.8150230813565749,0.6045350120635772,0.38968679040021365,11.341018879080192,11.257925808433887,11.16053999176242,11.238074560601865
2043-03-17,0.6205695181519644,0.4545381862242235,0.4645860925066989,0.28645374118287237,0.48410688295051174,0.8150230813565758,0.6045350120635754,0.38968679040021464,11.34101887908019,11.257925808433889,11.16053999176242,11.238074560601863
2043-03-18,0.6205695181519633,0.45453818622422437,0.4645860925066984,0.2864537411828714,0.48410688295051085,0.8150230813565766,0.6045350120635757,0.389686790400213,11.34101887908019,11.257925808433884,11.16053999176242,11.238074560601861
2043-03-19,0.6205695181519618,0.4545381862242255,0.46458609250669836,0.2864537411828722,0.4841068829505116,0.8150230813565755,0.6045350120635752,0.3896867904002132,11.341018879080186,11.257925808433882,11.160539991762416,11.238074560601865
2043-03-20,0.6205695181519639,0.4545381862242248,0.46458609250669936,0.28645374118287203,0.4841068829505114,0.8150230813565752,0.6045350120635763,0.3896867904002137,11.34101887908019,11.257925808433885,11.16053999176242,11.238074560601861
2043-03-23,0.6205695181519624,0.4545381862242247,0.46458609250669824,0.2864537411828716,0.4841068829505105,0.815023081356577,0.6045350120635765,0.3896867904002154,11.34101887908019,11.257925808433882,11.160539991762418,11.238074560601865
2043-03-24,0.6205695181519632,0.45453818622422393,0.46458609250669963,0.2864537411828713,0.48410688295051063,0.8150230813565766,0.6045350120635763,0.389686790400213,11.34101887908019,11.257925808433887,11.160539991762422,11.238074560601865
2043-03-25,0.620569518151963,0.4545381862242249,0.46458609250669947,0.2864537411828718,0.48410688295051235,0.8150230813565753,0.6045350120635752,0.38968679040021376,11.341018879080188,11.257925808433885,11.16053999176242,11.238074560601865
2043-03-26,0.6205695181519626,0.4545381862242246,0.46458609250669947,0.2864537411828716,0.48410688295051163,0.8150230813565762,0.6045350120635768,0.3896867904002131,11.341018879080186,11.257925808433884,11.160539991762418,11.238074560601863
2043-03-27,0.6205695181519639,0.45453818622422415,0.4645860925066991,0.28645374118287237,0.48410688295051196,0.815023081356577,0.6045350120635752,0.3896867904002144,11.341018879080186,11.257925808433885,11.160539991762418,11.238074560601865
2043-03-30,0.6205695181519625,0.4545381862242247,0.4645860925066987,0.28645374118287165,0.48410688295051196,0.8150230813565758,0.6045350120635749,0.38968679040021387,11.341018879080186,11.257925808433882,11.16053999176242,11.238074560601865
2043-03-31,0.6205695181519642,0.4545381862242248,0.4645860925066976,0.286453741182872,0.48410688295051085,0.8150230813565764,0.6045350120635763,0.38968679040021376,11.34101887908019,11.257925808433882,11.160539991762418,11.238074560601865
2043-04-01,0.6205695181519633,0.4545381862242258,0.4645860925066995,0.2864537411828711,0.48410688295051163,0.8150230813565769,0.604535012063576,0.38968679040021387,11.341018879080188,11.257925808433884,11.16053999176242,11.238074560601868
2043-04-02,0.6205695181519639,0.45453818622422415,0.4645860925066986,0.28645374118287203,0.4841068829505124,0.8150230813565763,0.6045350120635767,0.389686790400213,11.341018879080188,11.257925808433882,11.16053999176242,11.238074560601865
2043-04-03,0.6205695181519622,0.4545381862242256,0.46458609250669847,0.2864537411828709,0.48410688295051296,0.8150230813565764,0.6045350120635758,0.38968679040021464,11.341018879080185,11.257925808433882,11.16053999176242,11.238074560601865
2043-04-06,0.6205695181519617,0.4545381862242248,0.46458609250669913,0.28645374118287176,0.4841068829505112,0.8150230813565751,0.6045350120635764,0.38968679040021387,11.341018879080188,11.257925808433884,11.160539991762416,11.238074560601863
2043-04-07,0.6205695181519624,0.45453818622422537,0.464586092506699,0.2864537411828714,0.4841068829505114,0.8150230813565764,0.6045350120635761,0.38968679040021287,11.341018879080188,11.257925808433885,11.16053999176242,11.238074560601865
2043-04-08,0.6205695181519626,0.45453818622422454,0.4645860925066983,0.28645374118287015,0.4841068829505114,0.8150230813565755,0.6045350120635767,0.3896867904002151,11.34101887908019,11.25792580843388,11.16053999176242,11.238074560601865
2043-04-09,0.6205695181519632,0.45453818622422515,0.4645860925066988,0.2864537411828714,0.4841068829505116,0.815023081356576,0.6045350120635754,0.3896867904002134,11.341018879080188,11.257925808433885,11.160539991762418,11.238074560601865
2043-04-10,0.6205695181519615,0.45453818622422537,0.46458609250669786,0.2864537411828719,0.4841068829505107,0.8150230813565764,0.604535012063576,0.3896867904002135,11.341018879080186,11.257925808433882,11.160539991762414,11.238074560601861
2043-04-13,0.6205695181519624,0.45453818622422415,0.46458609250669775,0.28645374118287115,0.48410688295051196,0.8150230813565766,0.6045350120635758,0.38968679040021487,11.341018879080188,11.257925808433887,11.160539991762418,11.238074560601865
2043-04-14,0.6205695181519624,0.45453818622422626,0.46458609250669913,0.2864537411828724,0.4841068829505114,0.8150230813565763,0.6045350120635763,0.38968679040021276,11.341018879080186,11.257925808433882,11.160539991762418,11.238074560601863
2043-04-15,0.6205695181519617,0.4545381862242246,0.46458609250669763,0.28645374118287215,0.48410688295051096,0.8150230813565751,0.6045350120635751,0.3896867904002132,11.341018879080185,11.257925808433884,11.160539991762418,11.238074560601861
2043-04-16,0.6205695181519624,0.4545381862242246,0.4645860925066997,0.2864537411828718,0.4841068829505114,0.8150230813565759,0.6045350120635758,0.3896867904002143,11.341018879080188,11.257925808433882,11.160539991762416,11.238074560601861
2043-04-17,0.6205695181519622,0.4545381862242247,0.4645860925066985,0.2864537411828719,0.48410688295051196,0.8150230813565763,0.6045350120635751,0.38968679040021365,11.341018879080186,11.257925808433878,11.160539991762418,11.238074560601861
2043-04-20,0.620569518151963,0.45453818622422454,0.4645860925066979,0.2864537411828718,0.4841068829505113,0.8150230813565766,0.6045350120635765,0.3896867904002141,11.341018879080188,11.257925808433885,11.16053999176242,11.238074560601865
2043-04-21,0.6205695181519622,0.4545381862242248,0.4645860925066978,0.2864537411828716,0.4841068829505115,0.8150230813565761,0.604535012063577,0.3896867904002137,11.341018879080188,11.257925808433878,11.16053999176242,11.238074560601863
2043-04-22,0.6205695181519622,0.45453818622422454,0.4645860925066992,0.2864537411828721,0.48410688295051074,0.8150230813565764,0.6045350120635765,0.38968679040021403,11.341018879080186,11.257925808433882,11.160539991762416,11.238074560601861
2043-04-23,0.6205695181519623,0.45453818622422515,0.4645860925066997,0.28645374118287115,0.48410688295051085,0.815023081356576,0.6045350120635771,0.3896867904002133,11.341018879080185,11.257925808433884,11.160539991762416,11.238074560601863
2043-04-24,0.6205695181519619,0.45453818622422554,0.4645860925066987,0.2864537411828716,0.48410688295051185,0.8150230813565755,0.6045350120635758,0.38968679040021387,11.34101887908019,11.257925808433884,11.160539991762416,11.238074560601865
2043-04-27,0.620569518151963,0.4545381862242255,0.46458609250669947,0.28645374118287165,0.4841068829505122,0.8150230813565761,0.6045350120635754,0.3896867904002132,11.341018879080188,11.257925808433885,11.160539991762418,11.238074560601865
2043-04-28,0.620569518151962,0.45453818622422426,0.4645860925066985,0.2864537411828718,0.48410688295051196,0.8150230813565761,0.6045350120635756,0.38968679040021376,11.341018879080186,11.257925808433882,11.16053999176242,11.238074560601863
2043-04-29,0.6205695181519622,0.45453818622422526,0.4645860925066986,0.2864537411828708,0.48410688295051124,0.8150230813565762,0.6045350120635756,0.38968679040021365,11.341018879080188,11.25792580843388,11.160539991762418,11.238074560601866
2043-04-30,0.6205695181519622,0.45453818622422626,0.46458609250669897,0.28645374118287126,0.48410688295051096,0.8150230813565752,0.6045350120635757,0.3896867904002136,11.341018879080185,11.257925808433885,11.160539991762416,11.238074560601863
2043-05-01,0.6205695181519617,0.4545381862242245,0.4645860925066986,0.2864537411828712,0.4841068829505114,0.8150230813565743,0.6045350120635756,0.389686790400214,11.341018879080186,11.257925808433882,11.160539991762416,11.238074560601863
2043-05-04,0.6205695181519628,0.4545381862242249,0.4645860925067001,0.2864537411828723,0.4841068829505103,0.8150230813565766,0.6045350120635765,0.389686790400213,11.341018879080188,11.257925808433882,11.160539991762418,11.238074560601865
2043-05-05,0.6205695181519618,0.45453818622422404,0.46458609250669836,0.28645374118287215,0.48410688295051,0.8150230813565769,0.6045350120635758,0.38968679040021403,11.341018879080183,11.25792580843388,11.160539991762414,11.23807456060186
2043-05-06,0.6205695181519617,0.4545381862242245,0.46458609250669824,0.286453741182872,0.4841068829505102,0.8150230813565762,0.6045350120635757,0.3896867904002149,11.341018879080185,11.257925808433884,11.160539991762416,11.238074560601857
2043-05-07,0.6205695181519617,0.4545381862242245,0.4645860925066987,0.28645374118287237,0.48410688295051063,0.8150230813565764,0.6045350120635753,0.38968679040021387,11.341018879080186,11.257925808433882,11.160539991762418,11.238074560601863
2043-05-08,0.6205695181519608,0.4545381862242246,0.4645860925066989,0.28645374118287126,0.48410688295051096,0.8150230813565753,0.6045350120635767,0.3896867904002143,11.341018879080186,11.257925808433882,11.160539991762416,11.238074560601861
2043-05-11,0.6205695181519624,0.45453818622422537,0.46458609250669824,0.286453741182872,0.48410688295051074,0.8150230813565756,0.6045350120635762,0.3896867904002143,11.341018879080185,11.257925808433878,11.160539991762416,11.238074560601861
2043-05-12,0.6205695181519615,0.4545381862242246,0.4645860925066988,0.2864537411828718,0.4841068829505091,0.8150230813565758,0.6045350120635754,0.38968679040021553,11.341018879080185,11.257925808433882,11.160539991762416,11.238074560601861
2043-05-13,0.6205695181519628,0.45453818622422515,0.4645860925066988,0.286453741182872,0.4841068829505102,0.8150230813565766,0.6045350120635746,0.3896867904002144,11.341018879080183,11.257925808433878,11.160539991762414,11.238074560601857
2043-05-14,0.6205695181519627,0.45453818622422437,0.4645860925066992,0.2864537411828716,0.4841068829505109,0.8150230813565766,0.6045350120635755,0.3896867904002137,11.341018879080185,11.25792580843388,11.160539991762416,11.238074560601861
2043-05-15,0.6205695181519624,0.4545381862242255,0.4645860925066977,0.28645374118287253,0.48410688295050996,0.8150230813565755,0.6045350120635765,0.3896867904002133,11.341018879080186,11.257925808433882,11.160539991762416,11.238074560601865
2043-05-18,0.6205695181519617,0.4545381862242246,0.4645860925066997,0.2864537411828716,0.4841068829505111,0.8150230813565766,0.604535012063576,0.3896867904002141,11.341018879080186,11.25792580843388,11.160539991762416,11.238074560601861
2043-05-19,0.6205695181519615,0.4545381862242237,0.46458609250669874,0.2864537411828725,0.4841068829505103,0.8150230813565762,0.6045350120635756,0.3896867904002134,11.341018879080186,11.25792580843388,11.160539991762416,11.238074560601857
2043-05-20,0.6205695181519619,0.454538186224225,0.4645860925066986,0.28645374118287176,0.48410688295051085,0.8150230813565771,0.6045350120635758,0.389686790400213,11.341018879080183,11.257925808433878,11.160539991762414,11.23807456060186
2043-05-21,0.6205695181519622,0.4545381862242249,0.4645860925066989,0.28645374118287137,0.48410688295051085,0.8150230813565761,0.604535012063575,0.38968679040021326,11.341018879080186,11.257925808433882,11.160539991762414,11.238074560601861
2043-05-22,0.620569518151963,0.45453818622422426,0.4645860925066979,0.2864537411828713,0.4841068829505125,0.8150230813565763,0.604535012063575,0.38968679040021476,11.341018879080186,11.257925808433884,11.160539991762418,11.238074560601865
2043-05-25,0.6205695181519626,0.45453818622422526,0.46458609250669913,0.2864537411828713,0.48410688295051096,0.8150230813565755,0.6045350120635746,0.3896867904002144,11.341018879080186,11.257925808433882,11.160539991762414,11.238074560601861
2043-05-26,0.6205695181519619,0.454538186224225,0.4645860925066988,0.2864537411828731,0.4841068829505102,0.8150230813565772,0.6045350120635756,0.3896867904002141,11.341018879080183,11.257925808433878,11.160539991762416,11.238074560601861
2043-05-27,0.6205695181519614,0.4545381862242255,0.46458609250669974,0.2864537411828708,0.4841068829505114,0.8150230813565759,0.6045350120635767,0.389686790400214,11.341018879080183,11.257925808433876,11.160539991762418,11.238074560601863
2043-05-28,0.6205695181519619,0.45453818622422504,0.46458609250669824,0.2864537411828714,0.4841068829505105,0.815023081356577,0.6045350120635751,0.38968679040021376,11.341018879080185,11.25792580843388,11.160539991762416,11.23807456060186
2043-05-29,0.6205695181519624,0.4545381862242257,0.46458609250669797,0.28645374118287237,0.4841068829505124,0.8150230813565782,0.6045350120635762,0.38968679040021387,11.341018879080186,11.257925808433882,11.16053999176242,11.238074560601861
2043-06-01,0.6205695181519633,0.45453818622422415,0.46458609250669886,0.28645374118287226,0.4841068829505095,0.8150230813565749,0.6045350120635767,0.3896867904002134,11.341018879080183,11.257925808433876,11.160539991762414,11.23807456060186
2043-06-02,0.620569518151961,0.4545381862242248,0.46458609250669947,0.2864537411828727,0.4841068829505104,0.8150230813565771,0.6045350120635766,0.3896867904002137,11.341018879080185,11.257925808433878,11.160539991762416,11.238074560601861
2043-06-03,0.6205695181519628,0.45453818622422437,0.46458609250669836,0.28645374118287176,0.4841068829505115,0.8150230813565766,0.604535012063576,0.3896867904002136,11.341018879080185,11.257925808433878,11.160539991762416,11.238074560601861
2043-06-04,0.6205695181519632,0.4545381862242255,0.46458609250669813,0.28645374118287176,0.4841068829505104,0.8150230813565768,0.6045350120635757,0.3896867904002134,11.341018879080186,11.25792580843388,11.160539991762414,11.238074560601865
2043-06-05,0.6205695181519626,0.4545381862242245,0.4645860925066995,0.286453741182872,0.48410688295051146,0.8150230813565755,0.6045350120635765,0.38968679040021365,11.341018879080183,11.257925808433882,11.160539991762414,11.238074560601865
2043-06-08,0.6205695181519613,0.45453818622422504,0.4645860925066988,0.286453741182871,0.48410688295051096,0.8150230813565769,0.6045350120635767,0.3896867904002133,11.341018879080185,11.25792580843388,11.160539991762416,11.238074560601861
2043-06-09,0.6205695181519614,0.45453818622422604,0.46458609250669874,0.2864537411828718,0.48410688295051096,0.815023081356577,0.6045350120635757,0.389686790400214,11.341018879080183,11.257925808433878,11.160539991762414,11.238074560601857
2043-06-10,0.6205695181519637,0.45453818622422393,0.4645860925066976,0.2864537411828717,0.4841068829505114,0.8150230813565765,0.604535012063576,0.3896867904002141,11.341018879080183,11.257925808433876,11.160539991762414,11.238074560601857
2043-06-11,0.6205695181519624,0.4545381862242255,0.4645860925067,0.28645374118287154,0.4841068829505113,0.8150230813565758,0.604535012063576,0.389686790400214,11.341018879080185,11.257925808433876,11.160539991762416,11.238074560601863
2043-06-12,0.6205695181519605,0.4545381862242256,0.4645860925066992,0.28645374118287154,0.4841068829505113,0.8150230813565759,0.6045350120635747,0.38968679040021365,11.341018879080183,11.257925808433878,11.160539991762414,11.238074560601861
2043-06-15,0.6205695181519613,0.45453818622422526,0.46458609250669863,0.28645374118287203,0.4841068829505101,0.8150230813565769,0.6045350120635753,0.3896867904002144,11.341018879080185,11.257925808433876,11.160539991762414,11.238074560601857
2043-06-16,0.6205695181519619,0.4545381862242248,0.464586092506699,0.28645374118287126,0.4841068829505101,0.8150230813565761,0.6045350120635755,0.3896867904002144,11.341018879080185,11.25792580843388,11.160539991762414,11.238074560601857
2043-06-17,0.6205695181519622,0.4545381862242248,0.4645860925066988,0.286453741182872,0.48410688295051035,0.8150230813565755,0.6045350120635742,0.3896867904002144,11.341018879080183,11.257925808433876,11.160539991762413,11.238074560601857
2043-06-18,0.620569518151961,0.4545381862242257,0.4645860925066993,0.28645374118287215,0.48410688295050996,0.8150230813565755,0.6045350120635761,0.38968679040021365,11.341018879080185,11.25792580843388,11.160539991762414,11.238074560601857
2043-06-19,0.6205695181519622,0.45453818622422426,0.46458609250669786,0.28645374118287154,0.48410688295051,0.8150230813565761,0.6045350120635758,0.3896867904002133,11.341018879080183,11.25792580843388,11.160539991762414,11.238074560601857
2043-06-22,0.6205695181519617,0.45453818622422415,0.46458609250669874,0.2864537411828713,0.4841068829505099,0.8150230813565744,0.604535012063575,0.38968679040021414,11.341018879080183,11.25792580843388,11.160539991762413,11.238074560601861
2043-06-23,0.6205695181519632,0.4545381862242253,0.46458609250669963,0.2864537411828707,0.48410688295051024,0.8150230813565766,0.6045350120635752,0.3896867904002148,11.341018879080183,11.257925808433875,11.160539991762414,11.238074560601857
2043-06-24,0.6205695181519615,0.4545381862242249,0.4645860925066975,0.28645374118287203,0.48410688295051085,0.8150230813565754,0.6045350120635754,0.38968679040021353,11.341018879080183,11.257925808433875,11.160539991762414,11.238074560601856
2043-06-25,0.6205695181519633,0.45453818622422515,0.46458609250669897,0.28645374118287215,0.4841068829505103,0.8150230813565771,0.6045350120635756,0.38968679040021403,11.341018879080183,11.257925808433876,11.160539991762414,11.238074560601857
2043-06-26,0.6205695181519629,0.45453818622422454,0.46458609250669775,0.28645374118287376,0.4841068829505097,0.8150230813565769,0.6045350120635742,0.3896867904002134,11.341018879080183,11.257925808433875,11.160539991762414,11.238074560601856
2043-06-29,0.6205695181519622,0.4545381862242245,0.4645860925066986,0.28645374118287215,0.48410688295051085,0.8150230813565754,0.6045350120635749,0.3896867904002151,11.341018879080183,11.257925808433878,11.160539991762413,11.238074560601856
2043-06-30,0.6205695181519619,0.4545381862242258,0.4645860925066985,0.2864537411828723,0.48410688295051085,0.8150230813565748,0.6045350120635762,0.389686790400213,11.341018879080183,11.257925808433878,11.160539991762414,11.238074560601856
2043-07-01,0.6205695181519628,0.4545381862242255,0.46458609250669847,0.2864537411828714,0.48410688295051085,0.8150230813565749,0.6045350120635755,0.38968679040021437,11.341018879080183,11.257925808433878,11.160539991762414,11.238074560601857
2043-07-02,0.6205695181519614,0.4545381862242255,0.4645860925066992,0.2864537411828713,0.48410688295051135,0.8150230813565766,0.604535012063575,0.3896867904002131,11.341018879080181,11.25792580843388,11.160539991762416,11.238074560601863
2043-07-03,0.6205695181519617,0.45453818622422515,0.4645860925066994,0.2864537411828719,0.4841068829505101,0.8150230813565758,0.6045350120635762,0.3896867904002141,11.341018879080186,11.257925808433878,11.160539991762414,11.238074560601861
2043-07-06,0.6205695181519623,0.45453818622422515,0.46458609250669836,0.2864537411828725,0.4841068829505101,0.8150230813565763,0.6045350120635749,0.38968679040021453,11.341018879080181,11.257925808433875,11.160539991762414,11.238074560601852
2043-07-07,0.620569518151963,0.45453818622422504,0.46458609250669847,0.2864537411828731,0.4841068829505102,0.8150230813565758,0.6045350120635761,0.3896867904002147,11.341018879080183,11.257925808433876,11.160539991762414,11.23807456060186
2043-07-08,0.6205695181519608,0.4545381862242255,0.46458609250669974,0.28645374118287176,0.48410688295051096,0.8150230813565765,0.6045350120635757,0.38968679040021476,11.341018879080183,11.257925808433882,11.160539991762416,11.23807456060186
2043-07-09,0.6205695181519633,0.4545381862242248,0.4645860925066992,0.2864537411828727,0.4841068829505104,0.8150230813565766,0.604535012063576,0.38968679040021303,11.341018879080183,11.257925808433876,11.160539991762414,11.238074560601857
2043-07-10,0.6205695181519622,0.4545381862242256,0.46458609250669886,0.2864537411828728,0.4841068829505111,0.8150230813565758,0.6045350120635767,0.3896867904002138,11.341018879080183,11.257925808433876,11.160539991762413,11.238074560601856
2043-07-13,0.6205695181519613,0.45453818622422515,0.46458609250669736,0.28645374118287215,0.48410688295051063,0.8150230813565758,0.6045350120635745,0.38968679040021464,11.341018879080183,11.257925808433876,11.160539991762413,11.238074560601857
2043-07-14,0.6205695181519648,0.45453818622422404,0.464586092506699,0.28645374118287253,0.48410688295051046,0.8150230813565755,0.6045350120635757,0.3896867904002145,11.341018879080183,11.257925808433876,11.160539991762414,11.23807456060186
2043-07-15,0.620569518151961,0.4545381862242265,0.46458609250669913,0.2864537411828723,0.48410688295051063,0.8150230813565764,0.6045350120635752,0.3896867904002134,11.341018879080183,11.257925808433876,11.160539991762414,11.238074560601852
2043-07-16,0.6205695181519617,0.45453818622422526,0.46458609250669725,0.28645374118287203,0.4841068829505112,0.8150230813565753,0.604535012063575,0.38968679040021426,11.341018879080181,11.257925808433875,11.160539991762414,11.238074560601857
2043-07-17,0.6205695181519595,0.45453818622422604,0.46458609250669874,0.2864537411828712,0.48410688295050974,0.8150230813565751,0.6045350120635763,0.3896867904002133,11.341018879080183,11.257925808433876,11.160539991762414,11.238074560601857
2043-07-20,0.6205695181519628,0.4545381862242246,0.4645860925066982,0.28645374118287287,0.4841068829505104,0.8150230813565761,0.604535012063576,0.3896867904002132,11.341018879080181,11.257925808433875,11.160539991762414,11.238074560601856
2043-07-21,0.6205695181519639,0.45453818622422515,0.4645860925066991,0.28645374118287215,0.4841068829505111,0.815023081356576,0.6045350120635762,0.3896867904002137,11.341018879080185,11.257925808433876,11.160539991762414,11.238074560601861
2043-07-22,0.6205695181519628,0.45453818622422487,0.46458609250669863,0.2864537411828737,0.4841068829505101,0.815023081356576,0.604535012063576,0.3896867904002143,11.341018879080183,11.257925808433876,11.160539991762414,11.238074560601856
2043-07-23,0.6205695181519617,0.4545381862242249,0.4645860925066988,0.28645374118287215,0.4841068829505104,0.8150230813565763,0.6045350120635745,0.38968679040021476,11.341018879080183,11.257925808433876,11.160539991762414,11.238074560601854
2043-07-24,0.6205695181519617,0.4545381862242254,0.46458609250669913,0.28645374118287203,0.48410688295050985,0.815023081356576,0.6045350120635753,0.38968679040021365,11.341018879080183,11.257925808433876,11.160539991762414,11.23807456060186
2043-07-27,0.6205695181519626,0.45453818622422415,0.46458609250669824,0.2864537411828722,0.48410688295051063,0.8150230813565753,0.604535012063576,0.38968679040021453,11.341018879080183,11.257925808433875,11.160539991762414,11.238074560601854
2043-07-28,0.620569518151963,0.4545381862242248,0.46458609250669947,0.28645374118287165,0.4841068829505112,0.8150230813565772,0.6045350120635754,0.38968679040021365,11.341018879080183,11.257925808433875,11.160539991762414,11.238074560601857
2043-07-29,0.6205695181519626,0.4545381862242257,0.4645860925066984,0.28645374118287253,0.484106882950511,0.8150230813565769,0.604535012063576,0.3896867904002134,11.341018879080183,11.257925808433876,11.160539991762414,11.238074560601856
2043-07-30,0.6205695181519628,0.45453818622422515,0.46458609250669913,0.28645374118287203,0.48410688295051063,0.8150230813565768,0.6045350120635752,0.38968679040021376,11.341018879080186,11.257925808433878,11.160539991762414,11.238074560601856
2043-07-31,0.6205695181519625,0.4545381862242262,0.46458609250669813,0.2864537411828726,0.48410688295051085,0.8150230813565765,0.6045350120635753,0.38968679040021464,11.341018879080183,11.257925808433878,11.160539991762416,11.23807456060186
2043-08-03,0.6205695181519619,0.4545381862242248,0.464586092506698,0.2864537411828738,0.4841068829505105,0.8150230813565759,0.6045350120635758,0.3896867904002134,11.341018879080181,11.257925808433875,11.160539991762413,11.238074560601854
2043-08-04,0.6205695181519626,0.4545381862242247,0.4645860925066981,0.2864537411828723,0.48410688295050897,0.8150230813565758,0.6045350120635751,0.3896867904002138,11.34101887908018,11.257925808433875,11.160539991762413,11.238074560601852
2043-08-05,0.6205695181519615,0.45453818622422426,0.46458609250669863,0.28645374118287176,0.4841068829505102,0.8150230813565753,0.6045350120635753,0.3896867904002141,11.341018879080178,11.257925808433875,11.160539991762416,11.238074560601857
2043-08-06,0.6205695181519619,0.4545381862242249,0.4645860925066981,0.28645374118287187,0.4841068829505112,0.8150230813565764,0.6045350120635755,0.3896867904002139,11.341018879080183,11.257925808433876,11.160539991762414,11.238074560601857
2043-08-07,0.6205695181519615,0.45453818622422465,0.4645860925066983,0.2864537411828724,0.48410688295050974,0.8150230813565751,0.6045350120635766,0.38968679040021387,11.341018879080183,11.257925808433876,11.160539991762414,11.238074560601856
2043-08-10,0.6205695181519622,0.45453818622422515,0.4645860925066977,0.28645374118287237,0.48410688295051063,0.8150230813565758,0.6045350120635753,0.3896867904002142,11.34101887908018,11.257925808433875,11.160539991762413,11.238074560601854
2043-08-11,0.6205695181519617,0.45453818622422476,0.4645860925066972,0.286453741182872,0.4841068829505113,0.8150230813565758,0.6045350120635744,0.38968679040021487,11.341018879080181,11.257925808433876,11.160539991762414,11.238074560601857
2043-08-12,0.6205695181519617,0.4545381862242246,0.46458609250669824,0.2864537411828739,0.4841068829505103,0.8150230813565769,0.6045350120635764,0.3896867904002135,11.341018879080183,11.257925808433875,11.160539991762414,11.238074560601856
2043-08-13,0.6205695181519633,0.4545381862242247,0.46458609250669824,0.28645374118287154,0.48410688295051074,0.8150230813565754,0.6045350120635752,0.3896867904002133,11.341018879080183,11.257925808433878,11.160539991762414,11.238074560601856
2043-08-14,0.6205695181519628,0.45453818622422454,0.4645860925066985,0.2864537411828725,0.4841068829505106,0.8150230813565753,0.604535012063576,0.38968679040021403,11.341018879080183,11.257925808433876,11.160539991762413,11.238074560601854
2043-08-17,0.6205695181519628,0.4545381862242255,0.46458609250669886,0.28645374118287215,0.4841068829505112,0.8150230813565766,0.6045350120635756,0.38968679040021437,11.341018879080183,11.257925808433878,11.160539991762414,11.238074560601856
2043-08-18,0.6205695181519615,0.4545381862242246,0.46458609250669824,0.28645374118287187,0.4841068829505104,0.815023081356576,0.6045350120635761,0.3896867904002148,11.341018879080181,11.257925808433875,11.160539991762416,11.238074560601852
2043-08-19,0.6205695181519618,0.4545381862242247,0.4645860925066981,0.2864537411828726,0.4841068829505103,0.8150230813565763,0.6045350120635755,0.3896867904002151,11.341018879080183,11.257925808433875,11.160539991762414,11.238074560601856
2043-08-20,0.6205695181519614,0.4545381862242258,0.46458609250669947,0.2864537411828723,0.4841068829505102,0.8150230813565761,0.604535012063576,0.3896867904002132,11.341018879080183,11.257925808433876,11.160539991762413,11.238074560601857
2043-08-21,0.6205695181519609,0.4545381862242259,0.4645860925066976,0.28645374118287237,0.48410688295051113,0.8150230813565753,0.6045350120635766,0.38968679040021453,11.341018879080181,11.257925808433876,11.16053999176241,11.238074560601856
2043-08-24,0.6205695181519614,0.4545381862242259,0.46458609250669897,0.2864537411828724,0.48410688295051146,0.8150230813565751,0.6045350120635758,0.38968679040021437,11.341018879080181,11.257925808433875,11.160539991762414,11.238074560601856
2043-08-25,0.6205695181519637,0.4545381862242242,0.4645860925066978,0.2864537411828727,0.48410688295051035,0.8150230813565762,0.6045350120635765,0.3896867904002136,11.341018879080183,11.257925808433878,11.160539991762414,11.238074560601861
2043-08-26,0.6205695181519615,0.45453818622422615,0.4645860925066989,0.28645374118287203,0.48410688295051124,0.8150230813565758,0.6045350120635744,0.38968679040021426,11.341018879080183,11.257925808433876,11.160539991762414,11.238074560601857
2043-08-27,0.620569518151961,0.45453818622422415,0.4645860925066971,0.28645374118287237,0.4841068829505108,0.8150230813565753,0.6045350120635749,0.38968679040021387,11.341018879080183,11.257925808433873,11.16053999176241,11.238074560601854
2043-08-28,0.6205695181519617,0.45453818622422587,0.4645860925066978,0.2864537411828726,0.4841068829505109,0.8150230813565758,0.6045350120635756,0.3896867904002143,11.341018879080183,11.257925808433875,11.160539991762413,11.238074560601856
2043-08-31,0.6205695181519617,0.4545381862242254,0.464586092506698,0.28645374118287187,0.4841068829505101,0.815023081356576,0.6045350120635752,0.3896867904002148,11.34101887908018,11.257925808433875,11.160539991762414,11.238074560601854
2043-09-01,0.6205695181519616,0.45453818622422504,0.46458609250669947,0.28645374118287215,0.4841068829505104,0.815023081356577,0.6045350120635756,0.38968679040021365,11.341018879080183,11.257925808433876,11.160539991762413,11.238074560601857
2043-09-02,0.6205695181519619,0.4545381862242254,0.4645860925066979,0.28645374118287215,0.4841068829505095,0.8150230813565756,0.6045350120635756,0.3896867904002141,11.341018879080183,11.257925808433875,11.160539991762414,11.23807456060186
2043-09-03,0.6205695181519624,0.45453818622422454,0.4645860925066978,0.28645374118287237,0.48410688295051124,0.815023081356576,0.6045350120635746,0.38968679040021315,11.341018879080181,11.257925808433875,11.160539991762413,11.238074560601857
2043-09-04,0.6205695181519608,0.45453818622422515,0.46458609250669913,0.28645374118287176,0.4841068829505103,0.8150230813565751,0.6045350120635737,0.3896867904002142,11.341018879080185,11.257925808433876,11.160539991762414,11.238074560601861
2043-09-07,0.6205695181519628,0.4545381862242234,0.4645860925066981,0.2864537411828728,0.48410688295051096,0.8150230813565758,0.6045350120635758,0.3896867904002141,11.341018879080183,11.257925808433876,11.160539991762414,11.23807456060186
2043-09-08,0.6205695181519642,0.4545381862242256,0.4645860925066988,0.28645374118287276,0.4841068829505113,0.8150230813565761,0.6045350120635762,0.3896867904002141,11.341018879080181,11.257925808433876,11.160539991762414,11.238074560601857
2043-09-09,0.6205695181519626,0.4545381862242244,0.46458609250669924,0.2864537411828721,0.48410688295051013,0.8150230813565769,0.6045350120635758,0.38968679040021487,11.341018879080183,11.257925808433876,11.160539991762414,11.238074560601854
2043-09-10,0.620569518151961,0.4545381862242248,0.46458609250669997,0.28645374118287165,0.4841068829505101,0.8150230813565755,0.6045350120635764,0.3896867904002153,11.341018879080181,11.257925808433878,11.160539991762413,11.238074560601854
2043-09-11,0.6205695181519624,0.4545381862242249,0.4645860925066991,0.2864537411828725,0.48410688295051085,0.8150230813565766,0.6045350120635766,0.389686790400214,11.341018879080183,11.25792580843388,11.160539991762416,11.23807456060186
2043-09-14,0.6205695181519626,0.4545381862242258,0.46458609250669836,0.28645374118287215,0.48410688295051063,0.8150230813565751,0.6045350120635755,0.3896867904002139,11.341018879080185,11.257925808433876,11.160539991762414,11.238074560601857
2043-09-15,0.6205695181519615,0.4545381862242249,0.4645860925066977,0.2864537411828724,0.4841068829505104,0.8150230813565758,0.6045350120635751,0.3896867904002132,11.341018879080183,11.257925808433875,11.160539991762413,11.238074560601856
2043-09-16,0.6205695181519622,0.4545381862242253,0.46458609250669936,0.2864537411828724,0.48410688295051113,0.8150230813565769,0.6045350120635755,0.3896867904002147,11.341018879080183,11.257925808433876,11.160539991762413,11.23807456060186
2043-09-17,0.620569518151961,0.4545381862242253,0.46458609250669863,0.28645374118287165,0.48410688295051096,0.8150230813565742,0.6045350120635743,0.3896867904002145,11.341018879080183,11.257925808433876,11.160539991762413,11.238074560601857
2043-09-18,0.6205695181519633,0.45453818622422515,0.46458609250669836,0.28645374118287154,0.48410688295051096,0.8150230813565755,0.6045350120635761,0.38968679040021365,11.341018879080183,11.257925808433875,11.160539991762414,11.238074560601857
2043-09-21,0.6205695181519615,0.45453818622422604,0.46458609250669847,0.28645374118287237,0.48410688295051096,0.8150230813565758,0.6045350120635749,0.3896867904002129,11.341018879080181,11.257925808433878,11.160539991762414,11.238074560601857
2043-09-22,0.6205695181519613,0.45453818622422515,0.46458609250669775,0.28645374118287237,0.48410688295051113,0.8150230813565759,0.6045350120635755,0.3896867904002142,11.34101887908018,11.257925808433875,11.160539991762413,11.238074560601852
2043-09-23,0.6205695181519635,0.45453818622422454,0.46458609250669697,0.28645374118287215,0.48410688295051046,0.8150230813565754,0.6045350120635752,0.38968679040021387,11.341018879080183,11.257925808433875,11.160539991762413,11.238074560601856
2043-09-24,0.6205695181519628,0.45453818622422587,0.4645860925066991,0.2864537411828722,0.4841068829505099,0.8150230813565762,0.6045350120635757,0.3896867904002136,11.341018879080183,11.257925808433875,11.160539991762414,11.238074560601856
2043-09-25,0.6205695181519613,0.45453818622422354,0.46458609250669863,0.28645374118287303,0.48410688295051063,0.815023081356576,0.6045350120635747,0.38968679040021315,11.341018879080185,11.257925808433876,11.160539991762414,11.238074560601861
2043-09-28,0.6205695181519615,0.45453818622422465,0.4645860925066973,0.28645374118287265,0.4841068829505104,0.815023081356575,0.6045350120635751,0.3896867904002144,11.341018879080181,11.257925808433875,11.160539991762413,11.238074560601856
2043-09-29,0.620569518151963,0.45453818622422437,0.46458609250669836,0.28645374118287187,0.4841068829505112,0.815023081356576,0.6045350120635755,0.3896867904002138,11.341018879080181,11.257925808433876,11.160539991762414,11.238074560601857
2043-09-30,0.6205695181519617,0.45453818622422537,0.4645860925066989,0.2864537411828727,0.4841068829505103,0.815023081356576,0.6045350120635764,0.3896867904002137,11.341018879080183,11.257925808433876,11.160539991762413,11.238074560601857
2043-10-01,0.620569518151963,0.454538186224226,0.46458609250669936,0.28645374118287203,0.48410688295051074,0.8150230813565782,0.6045350120635766,0.3896867904002136,11.34101887908018,11.257925808433876,11.160539991762414,11.238074560601861
2043-10-02,0.6205695181519613,0.45453818622422504,0.46458609250669847,0.2864537411828716,0.48410688295051085,0.8150230813565755,0.6045350120635751,0.389686790400214,11.341018879080185,11.257925808433878,11.160539991762414,11.238074560601857
2043-10-05,0.6205695181519626,0.45453818622422537,0.4645860925066989,0.2864537411828724,0.4841068829505109,0.8150230813565762,0.6045350120635749,0.38968679040021476,11.341018879080186,11.257925808433878,11.160539991762414,11.238074560601857
2043-10-06,0.620569518151963,0.4545381862242245,0.46458609250669847,0.28645374118287226,0.48410688295050996,0.8150230813565773,0.6045350120635747,0.38968679040021403,11.341018879080181,11.257925808433878,11.160539991762414,11.238074560601856
2043-10-07,0.6205695181519627,0.4545381862242242,0.46458609250669824,0.28645374118287226,0.48410688295051096,0.8150230813565749,0.6045350120635752,0.38968679040021353,11.341018879080183,11.257925808433876,11.160539991762413,11.238074560601856
2043-10-08,0.620569518151963,0.45453818622422515,0.4645860925066977,0.28645374118287215,0.4841068829505107,0.8150230813565754,0.6045350120635741,0.3896867904002142,11.341018879080183,11.257925808433876,11.160539991762414,11.238074560601852
2043-10-09,0.6205695181519617,0.45453818622422504,0.4645860925066986,0.2864537411828726,0.48410688295051085,0.8150230813565769,0.6045350120635746,0.3896867904002141,11.341018879080183,11.257925808433876,11.160539991762413,11.238074560601856
2043-10-12,0.6205695181519617,0.45453818622422576,0.46458609250669725,0.28645374118287237,0.4841068829505108,0.8150230813565759,0.6045350120635741,0.3896867904002152,11.341018879080183,11.257925808433873,11.160539991762413,11.238074560601854
2043-10-13,0.6205695181519615,0.45453818622422437,0.4645860925066994,0.2864537411828711,0.4841068829505103,0.8150230813565746,0.6045350120635746,0.3896867904002139,11.341018879080183,11.257925808433876,11.160539991762413,11.238074560601856
2043-10-14,0.6205695181519615,0.45453818622422515,0.46458609250669836,0.2864537411828732,0.48410688295050996,0.8150230813565753,0.6045350120635756,0.38968679040021326,11.341018879080185,11.257925808433878,11.160539991762413,11.238074560601857
2043-10-15,0.6205695181519622,0.45453818622422437,0.4645860925066978,0.2864537411828717,0.48410688295051096,0.8150230813565754,0.6045350120635749,0.3896867904002143,11.341018879080181,11.257925808433875,11.160539991762413,11.238074560601857
2043-10-16,0.620569518151963,0.45453818622422515,0.46458609250669847,0.28645374118287326,0.4841068829505119,0.8150230813565773,0.6045350120635761,0.38968679040021353,11.341018879080178,11.257925808433875,11.160539991762413,11.238074560601856
2043-10-19,0.6205695181519626,0.45453818622422487,0.46458609250669813,0.2864537411828724,0.4841068829505105,0.815023081356576,0.6045350120635746,0.38968679040021376,11.341018879080181,11.257925808433876,11.160539991762413,11.238074560601856
2043-10-20,0.6205695181519622,0.45453818622422537,0.46458609250669924,0.2864537411828729,0.48410688295050996,0.8150230813565749,0.6045350120635753,0.3896867904002139,11.341018879080178,11.257925808433875,11.16053999176241,11.238074560601852
2043-10-21,0.620569518151961,0.4545381862242249,0.4645860925066978,0.2864537411828723,0.4841068829505102,0.815023081356576,0.6045350120635752,0.38968679040021303,11.34101887908018,11.257925808433876,11.160539991762413,11.238074560601854
2043-10-22,0.6205695181519618,0.45453818622422515,0.46458609250669913,0.28645374118287287,0.48410688295051,0.8150230813565758,0.6045350120635755,0.38968679040021403,11.341018879080181,11.257925808433876,11.16053999176241,11.238074560601856
2043-10-23,0.6205695181519628,0.4545381862242247,0.4645860925066994,0.28645374118287215,0.4841068829505105,0.8150230813565762,0.6045350120635763,0.38968679040021414,11.34101887908018,11.257925808433875,11.160539991762413,11.238074560601856
2043-10-26,0.6205695181519635,0.45453818622422415,0.46458609250669725,0.28645374118287315,0.4841068829505094,0.8150230813565764,0.6045350120635758,0.3896867904002132,11.341018879080183,11.257925808433875,11.160539991762414,11.23807456060186
2043-10-27,0.620569518151962,0.45453818622422426,0.46458609250669836,0.2864537411828728,0.48410688295050996,0.8150230813565754,0.6045350120635746,0.3896867904002134,11.34101887908018,11.257925808433875,11.16053999176241,11.238074560601854
2043-10-28,0.6205695181519617,0.4545381862242261,0.46458609250669863,0.28645374118287265,0.48410688295051046,0.8150230813565758,0.6045350120635755,0.38968679040021437,11.341018879080176,11.257925808433873,11.16053999176241,11.238074560601854
2043-10-29,0.6205695181519619,0.4545381862242258,0.4645860925066974,0.2864537411828725,0.4841068829505119,0.815023081356574,0.6045350120635751,0.3896867904002147,11.341018879080181,11.257925808433875,11.160539991762413,11.238074560601856
2043-10-30,0.6205695181519628,0.45453818622422343,0.4645860925066974,0.28645374118287326,0.4841068829505093,0.8150230813565775,0.6045350120635749,0.38968679040021365,11.34101887908018,11.257925808433875,11.16053999176241,11.238074560601856
